File: ,C:\Users\aacc\Desktop\לימודים\פרויקט גמר\ProjectPTSDRats\ProjectPTSDRats\Last images for segmentation\Data\ניסוי טיפול, מאי (גל)\יום חמישי, 22.5\9 בבוקר\Thermal Imaging\Rat8_8.jpg

Frame 1,23.392,23.407,23.437,23.482,23.520,23.542,23.542,23.520,23.497,23.474,23.467,23.459,23.452,23.437,23.429,23.414,23.407,23.399,23.392,23.384,23.376,23.376,23.376,23.376,23.369,23.361,23.354,23.339,23.324,23.309,23.301,23.293,23.286,23.278,23.263,23.248,23.233,23.218,23.195,23.180,23.158,23.142,23.120,23.105,23.089,23.074,23.067,23.059,23.052,23.052,23.052,23.059,23.059,23.067,23.067,23.074,23.074,23.067,23.052,23.021,22.999,22.984,22.984,22.991,22.999,22.999,22.999,22.999,22.991,22.984,22.984,22.984,22.984,22.976,22.968,22.968,22.961,22.961,22.968,22.984,22.991,22.999,23.006,23.014,23.014,23.014,23.006,22.999,22.991,22.984,22.984,22.984,22.984,22.984,22.991,22.999,23.006,23.006,22.999,22.984,22.976,22.984,23.006,23.029,23.052,23.059,23.029,22.984,22.946,22.931,22.961,22.999,23.037,23.059,23.052,23.021,22.999,22.991,22.991,23.006,23.021,23.029,23.029,23.029,23.029,23.029,23.029,23.029,23.029,23.029,23.029,23.029,23.029,23.037,23.037,23.037,23.037,23.037,23.044,23.052,23.052,23.059,23.059,23.052,23.044,23.044,23.044,23.037,23.037,23.037,23.037,23.044,23.052,23.052,23.052,23.052,23.052,23.044,23.044,23.037,23.029,23.029,23.029,23.037,23.044,23.044,23.044,23.052,23.052,23.059,23.059,23.059,23.059,23.059,23.059,23.067,23.067,23.074,23.074,23.074,23.074,23.067,23.067,23.067,23.059,23.059,23.059,23.059,23.067,23.059,23.059,23.059,23.059,23.059,23.059,23.067,23.067,23.067,23.067,23.067,23.067,23.067,23.067,23.074,23.082,23.089,23.089,23.097,23.105,23.105,23.105,23.112,23.112,23.105,23.105,23.097,23.097,23.097,23.105,23.112,23.120,23.127,23.135,23.142,23.150,23.150,23.150,23.142,23.135,23.135,23.135,23.135,23.142,23.150,23.150,23.142,23.142,23.150,23.150,23.142,23.142,23.150,23.173,23.195,23.210,23.218,23.195,23.165,23.142,23.127,23.127,23.150,23.165,23.165,23.165,23.158,23.150,23.142,23.142,23.135,23.135,23.142,23.150,23.173,23.188,23.195,23.180,23.165,23.150,23.142,23.142,23.142,23.150,23.150,23.150,23.158,23.165,23.165,23.165,23.165,23.165,23.158,23.150,23.150,23.142,23.135,23.135,23.135,23.135,23.142,23.142,23.142,23.150,23.150,23.150,23.150,23.142,23.135,23.135,23.120,23.112,23.112,23.112,23.112,23.112,23.105,23.105,23.097,23.089,23.074,23.074,23.067,23.059,23.044,23.029,23.014,22.999,22.999,22.999,23.006,23.014,23.029,23.037,23.044,23.052,23.059,23.059,23.044,23.037,23.029,23.029,23.029,23.029,23.029,23.029,23.037,23.044,23.052,23.052,23.052,23.052,23.052,23.052,23.059,23.067,23.067,23.067,23.059,23.052,23.044,23.037,23.037,23.029,23.014,23.006,22.991,22.991,22.991,23.006,23.029,23.052,23.067,23.067,23.067,23.059,23.044,23.014,22.984,22.961,22.946,22.946,22.961,22.976,22.991,22.991,23.006,23.006,22.999,22.984,22.953,22.931,22.923,22.931,22.953,22.968,22.984,22.984,22.984,22.976,22.968,22.953,22.938,22.923,22.915,22.915,22.923,22.931,22.938,22.938,22.931,22.931,22.931,22.931,22.938,22.938,22.938,22.938,22.938,22.938,22.931,22.931,22.931,22.931,22.915,22.900,22.885,22.870,22.855,22.855,22.855,22.862,22.878,22.885,22.893,22.908,22.915,22.923,22.931,22.931,22.923,22.923,22.915,22.908,22.900,22.900,22.900,22.900,22.908,22.908,22.923,22.931,22.946,22.961,22.968,22.976,22.976,22.976,22.976,22.968,22.968,22.968,22.976,22.976,22.968,22.961,22.953,22.938,22.915,22.885,22.855,22.832,22.809,22.802,22.794,22.794,22.802,22.802,22.809,22.817,22.832,22.840,22.840,22.847,22.855,22.870,22.885,22.893,22.900,22.900,22.900
,23.407,23.422,23.452,23.489,23.520,23.542,23.535,23.520,23.497,23.474,23.467,23.459,23.452,23.437,23.429,23.422,23.414,23.399,23.392,23.384,23.376,23.369,23.369,23.369,23.369,23.361,23.346,23.331,23.316,23.301,23.293,23.293,23.286,23.271,23.263,23.248,23.233,23.210,23.195,23.173,23.158,23.135,23.112,23.097,23.082,23.074,23.059,23.059,23.052,23.052,23.052,23.052,23.059,23.059,23.067,23.074,23.074,23.067,23.044,23.021,22.999,22.984,22.984,22.991,22.999,23.006,22.999,22.991,22.984,22.984,22.976,22.976,22.976,22.968,22.961,22.961,22.961,22.961,22.968,22.976,22.991,22.991,22.999,23.006,23.006,23.006,22.999,22.991,22.984,22.976,22.976,22.976,22.976,22.976,22.984,22.991,22.991,22.999,22.991,22.976,22.968,22.968,22.991,23.021,23.044,23.044,23.021,22.968,22.938,22.923,22.953,22.999,23.037,23.059,23.044,23.021,22.999,22.984,22.991,23.006,23.014,23.021,23.021,23.021,23.021,23.021,23.021,23.021,23.021,23.021,23.021,23.021,23.029,23.029,23.029,23.029,23.029,23.037,23.037,23.044,23.052,23.059,23.059,23.052,23.044,23.037,23.037,23.037,23.029,23.037,23.037,23.044,23.044,23.044,23.044,23.044,23.044,23.044,23.044,23.037,23.037,23.037,23.037,23.037,23.044,23.044,23.044,23.052,23.052,23.052,23.052,23.052,23.052,23.059,23.059,23.067,23.067,23.067,23.067,23.067,23.067,23.067,23.067,23.059,23.059,23.059,23.059,23.059,23.059,23.059,23.059,23.059,23.059,23.059,23.059,23.059,23.067,23.067,23.067,23.067,23.067,23.067,23.067,23.074,23.082,23.089,23.089,23.089,23.097,23.097,23.105,23.105,23.105,23.105,23.105,23.097,23.097,23.097,23.105,23.112,23.120,23.127,23.135,23.142,23.142,23.142,23.142,23.135,23.127,23.127,23.127,23.135,23.142,23.150,23.150,23.142,23.142,23.142,23.142,23.142,23.142,23.150,23.165,23.188,23.203,23.210,23.195,23.165,23.135,23.127,23.127,23.142,23.158,23.165,23.165,23.158,23.150,23.142,23.142,23.135,23.135,23.142,23.150,23.173,23.180,23.188,23.180,23.165,23.150,23.142,23.142,23.142,23.150,23.150,23.150,23.158,23.158,23.158,23.158,23.158,23.158,23.150,23.142,23.142,23.135,23.135,23.127,23.127,23.135,23.135,23.135,23.142,23.142,23.142,23.142,23.142,23.142,23.135,23.135,23.120,23.112,23.112,23.112,23.112,23.105,23.105,23.105,23.097,23.089,23.074,23.074,23.067,23.059,23.044,23.029,23.014,22.999,22.999,22.999,23.006,23.014,23.029,23.037,23.044,23.052,23.059,23.059,23.044,23.037,23.029,23.029,23.021,23.021,23.029,23.029,23.037,23.044,23.044,23.044,23.052,23.052,23.052,23.052,23.059,23.059,23.059,23.059,23.059,23.052,23.044,23.037,23.029,23.021,23.014,23.006,22.991,22.984,22.991,23.006,23.029,23.044,23.059,23.059,23.059,23.052,23.037,23.014,22.984,22.961,22.938,22.946,22.961,22.976,22.984,22.991,22.999,22.999,22.999,22.976,22.953,22.931,22.923,22.931,22.953,22.968,22.984,22.984,22.976,22.976,22.961,22.953,22.938,22.923,22.915,22.915,22.923,22.931,22.938,22.938,22.931,22.931,22.931,22.931,22.931,22.931,22.931,22.931,22.931,22.931,22.931,22.923,22.923,22.923,22.915,22.893,22.878,22.862,22.855,22.847,22.855,22.862,22.870,22.878,22.885,22.900,22.908,22.923,22.923,22.923,22.923,22.915,22.915,22.908,22.893,22.893,22.893,22.900,22.900,22.908,22.915,22.931,22.938,22.953,22.961,22.961,22.968,22.976,22.976,22.968,22.968,22.968,22.968,22.961,22.953,22.946,22.938,22.931,22.915,22.885,22.855,22.832,22.809,22.802,22.794,22.794,22.802,22.802,22.809,22.817,22.832,22.832,22.840,22.847,22.855,22.870,22.885,22.893,22.900,22.900,22.900
,23.452,23.459,23.474,23.505,23.520,23.535,23.527,23.505,23.482,23.467,23.459,23.459,23.452,23.444,23.437,23.429,23.422,23.407,23.399,23.384,23.376,23.369,23.361,23.361,23.354,23.346,23.331,23.324,23.309,23.293,23.286,23.278,23.271,23.263,23.248,23.241,23.226,23.203,23.180,23.158,23.135,23.112,23.089,23.082,23.067,23.059,23.044,23.044,23.044,23.052,23.052,23.052,23.059,23.059,23.059,23.059,23.052,23.044,23.021,23.006,22.991,22.984,22.984,22.999,23.006,23.006,23.006,22.991,22.984,22.976,22.968,22.961,22.961,22.953,22.953,22.953,22.953,22.953,22.961,22.961,22.968,22.976,22.976,22.976,22.976,22.976,22.976,22.968,22.968,22.961,22.961,22.961,22.961,22.968,22.968,22.976,22.976,22.976,22.961,22.953,22.946,22.946,22.968,22.999,23.021,23.029,22.999,22.946,22.915,22.908,22.931,22.984,23.021,23.044,23.037,23.014,22.991,22.976,22.984,22.991,23.006,23.014,23.014,23.014,23.014,23.014,23.014,23.014,23.014,23.021,23.021,23.021,23.021,23.029,23.029,23.029,23.029,23.037,23.037,23.044,23.052,23.059,23.059,23.052,23.044,23.037,23.037,23.037,23.029,23.029,23.037,23.037,23.044,23.044,23.044,23.044,23.044,23.044,23.044,23.037,23.037,23.037,23.037,23.037,23.044,23.044,23.044,23.052,23.052,23.052,23.052,23.052,23.052,23.059,23.059,23.067,23.067,23.067,23.067,23.067,23.067,23.067,23.059,23.059,23.059,23.059,23.059,23.059,23.059,23.059,23.059,23.059,23.059,23.059,23.059,23.059,23.067,23.067,23.067,23.067,23.067,23.067,23.067,23.067,23.074,23.082,23.089,23.089,23.089,23.089,23.097,23.097,23.105,23.105,23.105,23.097,23.105,23.105,23.112,23.112,23.120,23.127,23.127,23.135,23.142,23.142,23.142,23.135,23.127,23.127,23.127,23.142,23.142,23.150,23.150,23.142,23.142,23.142,23.135,23.127,23.127,23.135,23.150,23.173,23.195,23.195,23.180,23.158,23.135,23.120,23.127,23.142,23.158,23.165,23.165,23.158,23.150,23.142,23.142,23.142,23.142,23.150,23.165,23.180,23.188,23.195,23.188,23.173,23.150,23.142,23.142,23.142,23.150,23.150,23.150,23.158,23.158,23.158,23.150,23.150,23.142,23.142,23.135,23.135,23.127,23.127,23.127,23.127,23.127,23.135,23.135,23.135,23.142,23.142,23.142,23.142,23.135,23.135,23.127,23.120,23.112,23.112,23.112,23.112,23.105,23.105,23.105,23.097,23.097,23.082,23.074,23.059,23.052,23.029,23.021,23.006,22.999,22.999,22.999,23.014,23.021,23.037,23.044,23.052,23.059,23.059,23.059,23.044,23.037,23.029,23.029,23.021,23.021,23.029,23.029,23.029,23.037,23.044,23.044,23.052,23.052,23.052,23.052,23.059,23.059,23.059,23.059,23.059,23.052,23.037,23.037,23.021,23.014,23.006,22.999,22.984,22.984,22.984,22.999,23.021,23.037,23.052,23.052,23.052,23.044,23.021,22.999,22.976,22.953,22.938,22.938,22.953,22.968,22.976,22.984,22.984,22.991,22.984,22.968,22.946,22.923,22.915,22.923,22.946,22.968,22.984,22.984,22.976,22.968,22.953,22.946,22.931,22.915,22.915,22.915,22.923,22.931,22.938,22.938,22.931,22.931,22.931,22.931,22.931,22.923,22.923,22.923,22.923,22.915,22.915,22.908,22.908,22.900,22.893,22.870,22.855,22.840,22.832,22.832,22.832,22.840,22.847,22.862,22.870,22.885,22.893,22.908,22.908,22.908,22.915,22.908,22.900,22.893,22.893,22.893,22.893,22.893,22.893,22.900,22.900,22.908,22.915,22.931,22.938,22.946,22.953,22.961,22.961,22.961,22.961,22.953,22.938,22.931,22.915,22.908,22.915,22.908,22.893,22.870,22.847,22.824,22.809,22.802,22.794,22.802,22.802,22.802,22.809,22.817,22.824,22.832,22.832,22.832,22.847,22.862,22.878,22.885,22.900,22.900,22.900
,23.520,23.512,23.520,23.527,23.527,23.527,23.512,23.497,23.474,23.459,23.452,23.452,23.452,23.444,23.444,23.437,23.429,23.414,23.399,23.392,23.376,23.369,23.354,23.346,23.339,23.324,23.316,23.309,23.301,23.293,23.278,23.271,23.256,23.241,23.233,23.226,23.210,23.188,23.165,23.142,23.120,23.097,23.074,23.059,23.044,23.037,23.029,23.029,23.037,23.037,23.044,23.052,23.052,23.052,23.044,23.037,23.029,23.021,23.006,22.991,22.984,22.976,22.984,22.999,23.014,23.014,23.006,22.991,22.984,22.968,22.953,22.946,22.938,22.931,22.931,22.931,22.938,22.938,22.946,22.946,22.946,22.946,22.946,22.946,22.946,22.946,22.946,22.946,22.938,22.938,22.938,22.938,22.938,22.938,22.938,22.946,22.946,22.946,22.931,22.915,22.908,22.908,22.931,22.968,22.991,22.999,22.968,22.923,22.885,22.878,22.908,22.953,22.999,23.029,23.021,22.999,22.976,22.961,22.968,22.976,22.984,22.991,22.991,22.991,22.991,22.991,22.999,22.999,23.006,23.006,23.006,23.006,23.014,23.014,23.014,23.021,23.021,23.029,23.037,23.044,23.052,23.059,23.059,23.052,23.044,23.037,23.037,23.029,23.021,23.014,23.021,23.029,23.029,23.037,23.037,23.029,23.029,23.029,23.037,23.037,23.044,23.044,23.044,23.044,23.044,23.052,23.052,23.044,23.044,23.044,23.044,23.044,23.052,23.052,23.059,23.059,23.059,23.059,23.059,23.059,23.059,23.052,23.052,23.044,23.044,23.044,23.044,23.052,23.052,23.052,23.052,23.059,23.067,23.067,23.067,23.067,23.067,23.067,23.067,23.067,23.067,23.067,23.067,23.067,23.074,23.074,23.074,23.074,23.074,23.074,23.082,23.089,23.089,23.097,23.097,23.105,23.112,23.112,23.120,23.120,23.120,23.127,23.127,23.135,23.135,23.135,23.127,23.127,23.127,23.127,23.127,23.142,23.150,23.150,23.150,23.135,23.135,23.127,23.120,23.120,23.112,23.120,23.135,23.158,23.180,23.188,23.173,23.142,23.120,23.105,23.120,23.135,23.158,23.165,23.165,23.158,23.150,23.150,23.150,23.150,23.150,23.158,23.173,23.180,23.195,23.195,23.188,23.173,23.158,23.142,23.142,23.150,23.150,23.150,23.150,23.142,23.142,23.142,23.135,23.135,23.127,23.127,23.120,23.120,23.112,23.112,23.112,23.112,23.120,23.120,23.120,23.127,23.127,23.135,23.135,23.135,23.135,23.127,23.120,23.120,23.112,23.105,23.105,23.105,23.105,23.105,23.105,23.105,23.097,23.089,23.074,23.059,23.044,23.029,23.014,23.006,23.006,23.006,23.006,23.014,23.021,23.037,23.044,23.059,23.067,23.067,23.059,23.044,23.037,23.021,23.021,23.014,23.014,23.021,23.021,23.029,23.029,23.037,23.037,23.044,23.044,23.044,23.044,23.052,23.052,23.052,23.052,23.052,23.044,23.037,23.029,23.021,23.006,22.999,22.991,22.976,22.976,22.976,22.991,23.006,23.021,23.037,23.037,23.037,23.029,23.014,22.991,22.961,22.938,22.923,22.923,22.938,22.953,22.961,22.968,22.976,22.976,22.968,22.953,22.931,22.915,22.908,22.923,22.946,22.961,22.976,22.976,22.968,22.961,22.953,22.938,22.923,22.915,22.908,22.908,22.915,22.923,22.938,22.938,22.931,22.931,22.923,22.923,22.915,22.915,22.908,22.908,22.900,22.900,22.893,22.885,22.878,22.870,22.855,22.840,22.824,22.817,22.802,22.802,22.802,22.809,22.824,22.832,22.847,22.855,22.870,22.885,22.885,22.885,22.893,22.893,22.885,22.885,22.885,22.885,22.885,22.885,22.885,22.885,22.885,22.885,22.893,22.900,22.908,22.915,22.931,22.938,22.946,22.946,22.946,22.931,22.908,22.885,22.870,22.870,22.878,22.878,22.878,22.862,22.840,22.824,22.809,22.802,22.802,22.802,22.809,22.809,22.809,22.809,22.817,22.817,22.817,22.824,22.840,22.855,22.870,22.885,22.893,22.893,22.900
,23.572,23.565,23.557,23.550,23.535,23.520,23.505,23.482,23.474,23.459,23.452,23.459,23.459,23.452,23.452,23.444,23.437,23.429,23.414,23.399,23.384,23.369,23.346,23.339,23.324,23.309,23.301,23.293,23.293,23.278,23.263,23.256,23.241,23.226,23.218,23.210,23.195,23.173,23.150,23.127,23.105,23.082,23.052,23.044,23.029,23.021,23.014,23.014,23.021,23.029,23.037,23.044,23.044,23.044,23.037,23.021,23.014,22.999,22.991,22.984,22.976,22.976,22.984,22.999,23.014,23.014,22.999,22.991,22.968,22.953,22.938,22.923,22.915,22.908,22.915,22.915,22.923,22.931,22.931,22.923,22.923,22.915,22.915,22.915,22.915,22.915,22.915,22.915,22.915,22.915,22.915,22.915,22.915,22.915,22.915,22.915,22.915,22.908,22.900,22.885,22.870,22.878,22.900,22.931,22.953,22.968,22.938,22.893,22.862,22.855,22.885,22.931,22.976,23.006,22.999,22.984,22.961,22.953,22.953,22.961,22.961,22.968,22.968,22.968,22.968,22.968,22.976,22.984,22.991,22.991,22.999,22.999,22.999,22.999,23.006,23.006,23.014,23.021,23.029,23.037,23.044,23.052,23.052,23.052,23.044,23.037,23.029,23.021,23.014,23.006,23.014,23.021,23.029,23.029,23.029,23.021,23.021,23.021,23.029,23.037,23.044,23.052,23.052,23.044,23.044,23.044,23.044,23.037,23.037,23.037,23.037,23.037,23.044,23.044,23.052,23.052,23.052,23.052,23.052,23.052,23.044,23.037,23.037,23.037,23.037,23.037,23.037,23.037,23.037,23.044,23.052,23.052,23.059,23.067,23.067,23.067,23.067,23.059,23.059,23.059,23.052,23.052,23.059,23.059,23.067,23.074,23.067,23.067,23.059,23.059,23.067,23.074,23.082,23.089,23.097,23.105,23.112,23.112,23.120,23.120,23.120,23.120,23.120,23.120,23.120,23.120,23.120,23.120,23.120,23.120,23.127,23.135,23.142,23.142,23.142,23.135,23.120,23.120,23.112,23.105,23.097,23.097,23.120,23.142,23.158,23.173,23.150,23.127,23.105,23.097,23.112,23.127,23.150,23.158,23.158,23.150,23.150,23.142,23.150,23.150,23.158,23.158,23.173,23.180,23.188,23.195,23.180,23.165,23.150,23.142,23.142,23.150,23.150,23.150,23.142,23.135,23.127,23.120,23.120,23.112,23.112,23.105,23.105,23.105,23.097,23.097,23.105,23.105,23.105,23.112,23.112,23.120,23.120,23.127,23.127,23.127,23.127,23.120,23.120,23.112,23.112,23.105,23.105,23.097,23.097,23.097,23.097,23.097,23.097,23.089,23.074,23.052,23.037,23.021,23.006,23.006,23.006,23.014,23.014,23.014,23.021,23.037,23.044,23.059,23.067,23.067,23.059,23.044,23.029,23.021,23.014,23.006,23.006,23.014,23.014,23.014,23.021,23.029,23.029,23.037,23.037,23.037,23.037,23.044,23.044,23.044,23.044,23.044,23.037,23.037,23.021,23.014,22.999,22.991,22.976,22.968,22.968,22.968,22.984,22.991,23.006,23.014,23.021,23.021,23.014,22.999,22.976,22.953,22.931,22.915,22.915,22.931,22.946,22.953,22.961,22.961,22.961,22.953,22.938,22.915,22.908,22.900,22.915,22.938,22.961,22.968,22.968,22.961,22.953,22.946,22.931,22.915,22.908,22.900,22.900,22.915,22.923,22.931,22.931,22.931,22.923,22.923,22.915,22.915,22.908,22.900,22.893,22.893,22.885,22.878,22.870,22.862,22.847,22.832,22.817,22.802,22.794,22.787,22.779,22.787,22.787,22.802,22.809,22.824,22.840,22.855,22.862,22.870,22.870,22.878,22.878,22.878,22.878,22.878,22.878,22.878,22.878,22.878,22.870,22.870,22.862,22.870,22.878,22.878,22.885,22.900,22.915,22.923,22.931,22.931,22.908,22.878,22.847,22.832,22.832,22.847,22.847,22.847,22.847,22.832,22.817,22.809,22.802,22.802,22.802,22.802,22.802,22.802,22.802,22.809,22.809,22.809,22.817,22.832,22.847,22.862,22.878,22.893,22.893,22.900
,23.617,23.602,23.587,23.565,23.542,23.520,23.497,23.489,23.474,23.467,23.459,23.459,23.467,23.459,23.459,23.452,23.444,23.429,23.422,23.407,23.392,23.369,23.346,23.331,23.309,23.293,23.286,23.286,23.286,23.271,23.263,23.241,23.226,23.210,23.195,23.195,23.180,23.165,23.142,23.120,23.097,23.074,23.052,23.037,23.021,23.014,23.006,23.006,23.014,23.021,23.029,23.037,23.037,23.037,23.029,23.014,22.999,22.991,22.976,22.976,22.976,22.976,22.984,22.999,23.006,23.006,22.991,22.976,22.961,22.938,22.923,22.908,22.900,22.900,22.908,22.908,22.915,22.923,22.923,22.908,22.900,22.893,22.893,22.885,22.885,22.885,22.885,22.885,22.885,22.893,22.893,22.893,22.893,22.893,22.893,22.893,22.893,22.885,22.878,22.855,22.847,22.847,22.870,22.900,22.923,22.938,22.915,22.870,22.840,22.832,22.870,22.908,22.946,22.976,22.976,22.961,22.953,22.938,22.938,22.938,22.938,22.938,22.938,22.938,22.946,22.946,22.953,22.968,22.976,22.976,22.984,22.984,22.984,22.984,22.991,22.991,22.999,22.999,23.014,23.021,23.037,23.044,23.044,23.044,23.044,23.037,23.029,23.014,23.006,22.999,22.999,23.014,23.021,23.021,23.021,23.014,23.014,23.014,23.021,23.037,23.044,23.044,23.044,23.044,23.037,23.029,23.029,23.021,23.021,23.021,23.021,23.021,23.029,23.029,23.037,23.037,23.037,23.037,23.037,23.037,23.029,23.021,23.021,23.021,23.021,23.021,23.021,23.021,23.021,23.021,23.037,23.037,23.044,23.052,23.052,23.052,23.044,23.044,23.044,23.037,23.037,23.037,23.044,23.052,23.059,23.059,23.052,23.052,23.044,23.037,23.044,23.052,23.067,23.074,23.089,23.097,23.105,23.105,23.112,23.112,23.112,23.105,23.105,23.105,23.105,23.105,23.105,23.097,23.097,23.105,23.112,23.120,23.127,23.127,23.127,23.120,23.112,23.105,23.089,23.082,23.074,23.082,23.097,23.120,23.135,23.150,23.127,23.112,23.089,23.082,23.097,23.120,23.135,23.142,23.142,23.142,23.135,23.135,23.142,23.142,23.142,23.150,23.165,23.165,23.173,23.180,23.165,23.150,23.142,23.135,23.135,23.135,23.135,23.135,23.135,23.127,23.120,23.105,23.105,23.097,23.097,23.089,23.089,23.082,23.082,23.082,23.089,23.089,23.097,23.105,23.105,23.105,23.112,23.120,23.120,23.120,23.112,23.112,23.112,23.112,23.112,23.112,23.105,23.097,23.097,23.089,23.089,23.097,23.097,23.089,23.067,23.052,23.029,23.014,23.006,23.006,23.014,23.014,23.014,23.014,23.021,23.037,23.044,23.059,23.059,23.059,23.059,23.044,23.029,23.014,23.006,22.999,22.999,22.999,22.999,23.006,23.014,23.021,23.021,23.029,23.037,23.037,23.037,23.037,23.029,23.029,23.029,23.029,23.029,23.021,23.014,22.999,22.991,22.976,22.968,22.961,22.953,22.961,22.968,22.976,22.991,22.999,22.999,23.006,23.006,22.991,22.968,22.938,22.915,22.908,22.908,22.923,22.938,22.946,22.946,22.946,22.946,22.946,22.931,22.915,22.900,22.893,22.908,22.938,22.953,22.961,22.961,22.953,22.946,22.931,22.923,22.908,22.900,22.900,22.900,22.915,22.923,22.931,22.931,22.931,22.923,22.915,22.915,22.908,22.900,22.893,22.893,22.893,22.885,22.878,22.862,22.847,22.840,22.817,22.802,22.794,22.787,22.779,22.771,22.779,22.779,22.787,22.802,22.809,22.824,22.840,22.855,22.855,22.862,22.870,22.870,22.870,22.870,22.870,22.870,22.870,22.870,22.870,22.862,22.855,22.855,22.855,22.862,22.862,22.862,22.878,22.893,22.900,22.908,22.908,22.885,22.855,22.824,22.809,22.809,22.809,22.817,22.824,22.824,22.824,22.824,22.817,22.809,22.802,22.794,22.787,22.787,22.787,22.794,22.794,22.802,22.802,22.817,22.824,22.847,22.870,22.885,22.893,22.900,22.900
,23.617,23.610,23.595,23.572,23.550,23.527,23.512,23.505,23.489,23.482,23.474,23.474,23.467,23.459,23.459,23.452,23.444,23.429,23.429,23.414,23.399,23.384,23.354,23.331,23.309,23.286,23.278,23.278,23.278,23.271,23.248,23.233,23.218,23.195,23.180,23.173,23.165,23.150,23.135,23.127,23.112,23.097,23.074,23.052,23.037,23.021,23.014,23.014,23.014,23.021,23.021,23.021,23.029,23.029,23.029,23.014,23.006,22.999,22.991,22.984,22.976,22.976,22.976,22.984,22.991,22.991,22.976,22.961,22.946,22.931,22.923,22.915,22.915,22.915,22.915,22.923,22.931,22.931,22.923,22.908,22.900,22.893,22.885,22.878,22.878,22.878,22.885,22.885,22.885,22.893,22.893,22.885,22.885,22.885,22.885,22.885,22.878,22.878,22.862,22.847,22.840,22.840,22.855,22.893,22.915,22.915,22.900,22.870,22.847,22.840,22.870,22.900,22.938,22.961,22.961,22.953,22.938,22.931,22.931,22.931,22.931,22.931,22.931,22.931,22.931,22.938,22.946,22.953,22.961,22.976,22.976,22.976,22.976,22.976,22.976,22.976,22.976,22.984,22.999,23.014,23.021,23.037,23.044,23.044,23.044,23.037,23.029,23.014,22.999,22.999,22.999,23.006,23.014,23.021,23.014,23.006,23.006,23.006,23.014,23.029,23.037,23.044,23.037,23.029,23.021,23.014,23.006,22.999,22.999,22.999,22.999,23.006,23.006,23.014,23.014,23.021,23.021,23.021,23.021,23.014,23.014,23.014,23.006,23.006,23.006,22.999,22.999,22.991,22.991,22.991,22.999,23.006,23.014,23.014,23.014,23.014,23.014,23.014,23.006,23.006,22.999,22.999,23.014,23.029,23.037,23.044,23.037,23.029,23.029,23.021,23.029,23.037,23.052,23.059,23.074,23.082,23.082,23.089,23.089,23.089,23.089,23.089,23.089,23.089,23.089,23.082,23.082,23.082,23.082,23.082,23.089,23.097,23.105,23.105,23.105,23.097,23.097,23.089,23.074,23.067,23.059,23.059,23.082,23.097,23.120,23.127,23.112,23.089,23.074,23.067,23.082,23.105,23.120,23.135,23.135,23.127,23.120,23.120,23.120,23.120,23.120,23.120,23.127,23.135,23.142,23.142,23.135,23.127,23.120,23.112,23.120,23.120,23.127,23.135,23.127,23.120,23.112,23.105,23.105,23.097,23.097,23.089,23.082,23.082,23.082,23.082,23.082,23.082,23.089,23.097,23.105,23.105,23.112,23.120,23.120,23.120,23.112,23.112,23.112,23.120,23.120,23.120,23.112,23.105,23.097,23.089,23.089,23.089,23.089,23.082,23.067,23.052,23.029,23.014,23.014,23.006,23.014,23.014,23.014,23.014,23.021,23.029,23.037,23.044,23.052,23.059,23.052,23.037,23.021,23.006,22.999,22.991,22.991,22.991,22.991,22.999,23.006,23.014,23.021,23.029,23.037,23.037,23.037,23.037,23.029,23.029,23.029,23.021,23.014,23.014,22.999,22.991,22.976,22.968,22.953,22.953,22.953,22.953,22.961,22.961,22.968,22.976,22.991,22.991,22.999,22.991,22.968,22.938,22.915,22.900,22.908,22.923,22.931,22.946,22.946,22.946,22.946,22.938,22.923,22.908,22.893,22.893,22.908,22.931,22.953,22.961,22.961,22.946,22.938,22.923,22.915,22.900,22.900,22.900,22.900,22.908,22.915,22.931,22.931,22.931,22.923,22.915,22.915,22.915,22.908,22.893,22.900,22.908,22.908,22.900,22.878,22.862,22.840,22.824,22.817,22.809,22.809,22.802,22.802,22.802,22.802,22.809,22.824,22.832,22.840,22.855,22.862,22.862,22.870,22.870,22.870,22.870,22.870,22.870,22.870,22.870,22.870,22.870,22.870,22.870,22.870,22.870,22.862,22.862,22.862,22.870,22.878,22.885,22.893,22.893,22.878,22.855,22.832,22.817,22.809,22.802,22.794,22.794,22.809,22.824,22.840,22.840,22.824,22.802,22.779,22.764,22.764,22.771,22.779,22.794,22.802,22.817,22.824,22.847,22.870,22.878,22.893,22.900,22.900,22.900
,23.595,23.595,23.580,23.572,23.550,23.542,23.527,23.520,23.512,23.505,23.497,23.482,23.474,23.467,23.459,23.452,23.444,23.429,23.429,23.422,23.414,23.392,23.361,23.331,23.309,23.286,23.271,23.278,23.278,23.263,23.248,23.226,23.210,23.188,23.173,23.165,23.158,23.150,23.142,23.142,23.135,23.120,23.105,23.082,23.059,23.044,23.029,23.021,23.021,23.014,23.014,23.021,23.021,23.029,23.029,23.021,23.021,23.014,23.006,22.999,22.984,22.968,22.968,22.976,22.976,22.968,22.953,22.946,22.931,22.923,22.923,22.931,22.938,22.946,22.946,22.946,22.953,22.946,22.938,22.923,22.908,22.900,22.885,22.885,22.885,22.885,22.885,22.893,22.893,22.893,22.893,22.885,22.878,22.878,22.878,22.878,22.878,22.878,22.862,22.855,22.847,22.847,22.862,22.885,22.908,22.915,22.900,22.878,22.862,22.855,22.878,22.900,22.923,22.946,22.946,22.938,22.931,22.923,22.923,22.923,22.923,22.915,22.915,22.923,22.923,22.931,22.938,22.946,22.961,22.968,22.968,22.968,22.968,22.968,22.961,22.961,22.968,22.976,22.984,22.999,23.014,23.021,23.037,23.037,23.037,23.037,23.021,23.006,22.999,22.991,22.991,22.999,23.006,23.014,23.014,23.006,22.999,22.999,23.006,23.021,23.021,23.029,23.021,23.006,22.999,22.991,22.984,22.976,22.976,22.976,22.976,22.984,22.984,22.991,22.991,22.999,22.999,22.999,22.999,22.999,22.999,22.999,22.991,22.991,22.991,22.984,22.976,22.968,22.961,22.961,22.961,22.961,22.968,22.976,22.976,22.984,22.984,22.984,22.976,22.968,22.968,22.968,22.984,23.006,23.021,23.029,23.021,23.014,23.006,23.006,23.014,23.029,23.037,23.044,23.052,23.059,23.059,23.059,23.059,23.067,23.067,23.067,23.067,23.067,23.067,23.067,23.059,23.059,23.059,23.059,23.067,23.074,23.082,23.082,23.082,23.074,23.074,23.067,23.059,23.052,23.052,23.052,23.067,23.089,23.105,23.112,23.105,23.082,23.067,23.059,23.074,23.089,23.105,23.120,23.120,23.112,23.105,23.105,23.097,23.097,23.089,23.089,23.089,23.097,23.105,23.105,23.097,23.097,23.089,23.089,23.097,23.105,23.120,23.120,23.120,23.120,23.112,23.105,23.105,23.097,23.097,23.089,23.082,23.074,23.074,23.074,23.074,23.082,23.089,23.097,23.097,23.105,23.112,23.112,23.112,23.112,23.112,23.112,23.120,23.127,23.135,23.135,23.120,23.112,23.097,23.082,23.082,23.089,23.089,23.082,23.059,23.044,23.037,23.021,23.014,23.014,23.014,23.014,23.014,23.014,23.021,23.029,23.037,23.044,23.044,23.044,23.037,23.029,23.014,23.006,22.991,22.984,22.976,22.976,22.976,22.991,22.999,23.014,23.021,23.029,23.037,23.037,23.044,23.044,23.037,23.029,23.021,23.014,23.006,22.999,22.991,22.976,22.968,22.953,22.946,22.946,22.946,22.946,22.946,22.953,22.961,22.968,22.976,22.991,22.999,22.991,22.976,22.946,22.915,22.900,22.900,22.915,22.931,22.938,22.938,22.938,22.946,22.938,22.923,22.908,22.893,22.893,22.908,22.931,22.946,22.961,22.953,22.946,22.931,22.923,22.908,22.900,22.900,22.900,22.900,22.908,22.915,22.923,22.923,22.923,22.923,22.923,22.923,22.923,22.915,22.908,22.923,22.931,22.931,22.931,22.908,22.885,22.862,22.840,22.832,22.840,22.840,22.840,22.840,22.840,22.840,22.847,22.855,22.862,22.870,22.878,22.885,22.885,22.885,22.885,22.885,22.878,22.878,22.870,22.878,22.885,22.885,22.885,22.885,22.893,22.893,22.893,22.885,22.878,22.870,22.870,22.870,22.870,22.878,22.878,22.878,22.870,22.862,22.847,22.824,22.802,22.779,22.779,22.794,22.832,22.855,22.862,22.840,22.802,22.764,22.741,22.741,22.756,22.771,22.794,22.809,22.824,22.847,22.862,22.885,22.900,22.908,22.908,22.908,22.908
,23.580,23.580,23.572,23.565,23.557,23.557,23.550,23.542,23.535,23.527,23.512,23.497,23.482,23.474,23.459,23.452,23.437,23.429,23.429,23.429,23.422,23.407,23.376,23.339,23.309,23.286,23.271,23.278,23.278,23.271,23.248,23.226,23.203,23.188,23.173,23.158,23.150,23.150,23.150,23.158,23.158,23.142,23.127,23.105,23.082,23.059,23.044,23.029,23.021,23.014,23.006,23.014,23.021,23.021,23.029,23.037,23.037,23.029,23.021,23.006,22.991,22.968,22.961,22.961,22.961,22.953,22.938,22.923,22.923,22.915,22.923,22.938,22.953,22.961,22.961,22.961,22.961,22.953,22.938,22.923,22.915,22.900,22.893,22.885,22.885,22.885,22.885,22.893,22.893,22.893,22.885,22.885,22.878,22.870,22.870,22.878,22.878,22.878,22.870,22.855,22.855,22.855,22.862,22.885,22.893,22.900,22.893,22.885,22.878,22.878,22.885,22.900,22.915,22.923,22.923,22.923,22.923,22.923,22.915,22.915,22.908,22.908,22.908,22.908,22.915,22.923,22.938,22.938,22.946,22.953,22.953,22.953,22.953,22.953,22.946,22.946,22.946,22.953,22.968,22.984,22.999,23.014,23.021,23.029,23.029,23.029,23.014,23.006,22.991,22.984,22.991,22.999,23.006,23.006,23.006,23.006,22.999,22.991,22.999,23.006,23.006,23.006,22.999,22.991,22.976,22.968,22.961,22.961,22.953,22.953,22.961,22.961,22.968,22.968,22.968,22.976,22.976,22.976,22.976,22.984,22.984,22.984,22.984,22.976,22.968,22.961,22.953,22.946,22.938,22.931,22.931,22.931,22.931,22.938,22.946,22.946,22.953,22.953,22.946,22.938,22.938,22.946,22.961,22.984,22.999,23.006,23.006,22.999,22.999,22.999,23.006,23.014,23.021,23.029,23.037,23.037,23.037,23.037,23.037,23.044,23.044,23.044,23.044,23.044,23.044,23.044,23.044,23.037,23.037,23.037,23.044,23.052,23.052,23.059,23.059,23.059,23.052,23.052,23.052,23.044,23.044,23.044,23.059,23.074,23.089,23.097,23.089,23.067,23.052,23.044,23.059,23.074,23.097,23.105,23.105,23.097,23.089,23.082,23.074,23.067,23.059,23.059,23.059,23.059,23.067,23.074,23.067,23.067,23.067,23.067,23.074,23.089,23.105,23.105,23.112,23.112,23.105,23.105,23.097,23.097,23.097,23.089,23.082,23.074,23.067,23.059,23.067,23.074,23.082,23.089,23.097,23.105,23.105,23.105,23.112,23.105,23.112,23.112,23.120,23.127,23.135,23.135,23.120,23.112,23.097,23.082,23.074,23.082,23.074,23.067,23.052,23.044,23.037,23.029,23.021,23.014,23.006,23.006,23.006,23.014,23.021,23.021,23.029,23.029,23.029,23.029,23.021,23.021,23.006,22.999,22.984,22.976,22.968,22.961,22.968,22.976,22.991,23.006,23.021,23.029,23.037,23.037,23.044,23.037,23.037,23.029,23.014,23.006,22.999,22.984,22.976,22.961,22.953,22.946,22.938,22.938,22.938,22.938,22.938,22.938,22.946,22.953,22.961,22.984,22.991,22.991,22.976,22.946,22.915,22.900,22.900,22.915,22.923,22.931,22.931,22.938,22.938,22.938,22.923,22.900,22.893,22.885,22.900,22.923,22.946,22.953,22.946,22.938,22.923,22.915,22.900,22.900,22.893,22.893,22.893,22.900,22.915,22.915,22.915,22.923,22.923,22.923,22.923,22.923,22.915,22.915,22.931,22.953,22.961,22.961,22.938,22.908,22.878,22.855,22.847,22.855,22.862,22.862,22.862,22.862,22.870,22.870,22.878,22.885,22.885,22.893,22.893,22.900,22.900,22.893,22.893,22.885,22.878,22.870,22.878,22.878,22.885,22.893,22.893,22.900,22.908,22.908,22.900,22.885,22.878,22.862,22.862,22.862,22.862,22.870,22.870,22.878,22.878,22.870,22.840,22.802,22.779,22.771,22.794,22.840,22.870,22.878,22.847,22.802,22.756,22.726,22.726,22.741,22.764,22.794,22.817,22.840,22.855,22.878,22.900,22.908,22.915,22.915,22.915,22.915
,23.572,23.572,23.572,23.572,23.572,23.572,23.565,23.565,23.557,23.542,23.527,23.512,23.497,23.474,23.459,23.444,23.437,23.429,23.429,23.437,23.437,23.422,23.392,23.354,23.316,23.293,23.278,23.286,23.286,23.271,23.256,23.233,23.210,23.195,23.173,23.165,23.150,23.150,23.150,23.158,23.165,23.158,23.142,23.120,23.097,23.074,23.052,23.037,23.021,23.014,23.006,23.006,23.014,23.021,23.029,23.037,23.037,23.037,23.029,23.006,22.991,22.968,22.961,22.953,22.946,22.938,22.923,22.915,22.915,22.915,22.923,22.938,22.953,22.961,22.961,22.953,22.946,22.938,22.923,22.915,22.908,22.900,22.885,22.885,22.878,22.878,22.878,22.885,22.885,22.885,22.878,22.870,22.870,22.862,22.862,22.862,22.862,22.862,22.862,22.862,22.862,22.862,22.862,22.878,22.885,22.885,22.885,22.885,22.885,22.885,22.885,22.893,22.893,22.900,22.900,22.908,22.908,22.908,22.900,22.900,22.893,22.893,22.893,22.900,22.908,22.915,22.923,22.931,22.938,22.938,22.938,22.938,22.938,22.931,22.931,22.923,22.931,22.931,22.953,22.961,22.976,22.991,23.006,23.014,23.014,23.014,23.014,22.999,22.991,22.984,22.991,22.991,22.999,23.006,23.006,22.999,22.991,22.991,22.991,22.991,22.991,22.991,22.984,22.968,22.961,22.953,22.953,22.946,22.946,22.946,22.953,22.953,22.961,22.961,22.961,22.961,22.961,22.961,22.961,22.968,22.968,22.968,22.961,22.961,22.953,22.946,22.938,22.931,22.923,22.923,22.915,22.915,22.915,22.915,22.923,22.923,22.923,22.923,22.923,22.923,22.923,22.931,22.946,22.961,22.984,22.991,22.991,22.991,22.991,22.991,22.999,23.006,23.014,23.021,23.021,23.021,23.021,23.021,23.021,23.021,23.029,23.029,23.029,23.029,23.037,23.029,23.029,23.021,23.021,23.014,23.021,23.029,23.029,23.029,23.037,23.037,23.037,23.037,23.029,23.029,23.029,23.037,23.044,23.059,23.074,23.082,23.067,23.052,23.029,23.029,23.044,23.067,23.082,23.097,23.097,23.082,23.074,23.067,23.059,23.044,23.037,23.029,23.029,23.037,23.044,23.052,23.052,23.044,23.044,23.052,23.059,23.074,23.082,23.089,23.097,23.097,23.097,23.089,23.089,23.089,23.089,23.082,23.067,23.059,23.052,23.044,23.052,23.059,23.074,23.082,23.089,23.089,23.097,23.097,23.097,23.097,23.105,23.105,23.112,23.120,23.127,23.127,23.112,23.105,23.089,23.074,23.074,23.067,23.067,23.059,23.052,23.044,23.037,23.029,23.021,23.014,23.006,22.999,22.999,23.006,23.014,23.014,23.014,23.014,23.014,23.006,23.006,23.006,23.006,22.991,22.984,22.968,22.961,22.961,22.968,22.976,22.984,22.999,23.014,23.021,23.029,23.029,23.029,23.029,23.021,23.014,23.006,22.999,22.991,22.976,22.961,22.953,22.946,22.931,22.931,22.923,22.923,22.923,22.923,22.923,22.931,22.938,22.953,22.976,22.991,22.991,22.976,22.946,22.915,22.900,22.908,22.915,22.923,22.931,22.938,22.938,22.938,22.931,22.923,22.900,22.885,22.885,22.893,22.915,22.931,22.938,22.938,22.923,22.915,22.900,22.893,22.893,22.885,22.885,22.885,22.900,22.908,22.908,22.908,22.915,22.915,22.915,22.915,22.915,22.908,22.915,22.938,22.968,22.984,22.976,22.953,22.923,22.893,22.862,22.855,22.862,22.862,22.870,22.870,22.878,22.878,22.878,22.885,22.885,22.885,22.885,22.893,22.893,22.893,22.893,22.885,22.878,22.870,22.862,22.862,22.870,22.878,22.885,22.893,22.900,22.908,22.915,22.900,22.885,22.870,22.855,22.847,22.847,22.855,22.855,22.862,22.870,22.878,22.870,22.847,22.809,22.787,22.771,22.794,22.832,22.862,22.870,22.832,22.787,22.749,22.718,22.718,22.733,22.764,22.794,22.817,22.840,22.862,22.885,22.908,22.915,22.915,22.915,22.915,22.923
,23.572,23.572,23.580,23.580,23.572,23.572,23.572,23.572,23.572,23.557,23.542,23.520,23.505,23.482,23.467,23.452,23.437,23.429,23.429,23.437,23.437,23.437,23.407,23.369,23.339,23.309,23.301,23.301,23.301,23.293,23.271,23.248,23.233,23.210,23.195,23.173,23.165,23.150,23.150,23.150,23.158,23.150,23.127,23.112,23.089,23.067,23.044,23.029,23.021,23.014,23.014,23.014,23.021,23.021,23.029,23.029,23.029,23.029,23.014,22.999,22.984,22.968,22.953,22.938,22.931,22.923,22.915,22.915,22.915,22.915,22.915,22.931,22.938,22.938,22.931,22.923,22.915,22.900,22.893,22.893,22.885,22.885,22.878,22.870,22.870,22.870,22.870,22.870,22.870,22.870,22.862,22.855,22.847,22.847,22.840,22.840,22.840,22.847,22.855,22.855,22.862,22.862,22.862,22.870,22.870,22.878,22.885,22.885,22.893,22.893,22.893,22.878,22.878,22.870,22.878,22.885,22.893,22.900,22.893,22.885,22.878,22.878,22.885,22.885,22.893,22.908,22.915,22.915,22.923,22.923,22.923,22.915,22.915,22.908,22.908,22.908,22.908,22.915,22.931,22.946,22.961,22.968,22.991,22.999,22.999,23.006,23.006,23.006,22.999,22.991,22.999,23.006,23.006,23.006,23.006,23.006,22.999,22.991,22.991,22.991,22.991,22.984,22.976,22.968,22.961,22.953,22.953,22.953,22.961,22.961,22.961,22.968,22.968,22.968,22.961,22.961,22.961,22.961,22.961,22.961,22.961,22.961,22.953,22.946,22.946,22.938,22.938,22.931,22.931,22.923,22.923,22.931,22.931,22.931,22.923,22.923,22.923,22.923,22.923,22.938,22.946,22.953,22.961,22.968,22.976,22.984,22.991,22.991,22.999,22.999,23.006,23.006,23.014,23.021,23.021,23.021,23.021,23.021,23.021,23.021,23.029,23.029,23.029,23.029,23.037,23.029,23.029,23.021,23.014,23.014,23.014,23.014,23.014,23.021,23.021,23.021,23.021,23.029,23.021,23.021,23.021,23.021,23.037,23.052,23.067,23.067,23.052,23.029,23.014,23.014,23.029,23.059,23.082,23.097,23.097,23.082,23.074,23.059,23.052,23.037,23.029,23.029,23.029,23.037,23.044,23.052,23.052,23.037,23.037,23.037,23.052,23.059,23.067,23.074,23.082,23.082,23.082,23.074,23.074,23.067,23.067,23.059,23.044,23.037,23.029,23.021,23.029,23.037,23.052,23.059,23.074,23.074,23.082,23.097,23.097,23.097,23.097,23.097,23.105,23.105,23.105,23.105,23.097,23.089,23.074,23.074,23.067,23.059,23.052,23.052,23.044,23.037,23.029,23.021,23.014,23.006,22.999,22.999,22.999,23.006,23.014,23.014,23.014,23.006,22.999,22.991,22.991,22.991,22.999,22.991,22.984,22.976,22.968,22.968,22.968,22.976,22.984,22.991,22.999,23.006,23.006,23.014,23.014,23.006,23.006,22.999,22.999,22.991,22.984,22.968,22.961,22.946,22.938,22.931,22.923,22.915,22.915,22.915,22.908,22.908,22.908,22.915,22.938,22.968,22.984,22.991,22.984,22.953,22.923,22.908,22.908,22.923,22.931,22.938,22.938,22.938,22.938,22.938,22.923,22.900,22.885,22.885,22.885,22.908,22.923,22.938,22.931,22.915,22.900,22.893,22.885,22.885,22.885,22.885,22.885,22.893,22.900,22.908,22.908,22.915,22.915,22.915,22.915,22.900,22.893,22.900,22.931,22.968,22.991,22.999,22.968,22.931,22.893,22.855,22.847,22.847,22.847,22.840,22.847,22.855,22.855,22.862,22.862,22.862,22.862,22.862,22.870,22.878,22.878,22.878,22.870,22.862,22.855,22.847,22.847,22.847,22.847,22.855,22.870,22.878,22.885,22.885,22.878,22.862,22.847,22.840,22.840,22.840,22.847,22.855,22.855,22.855,22.855,22.847,22.832,22.817,22.802,22.794,22.802,22.817,22.824,22.824,22.794,22.764,22.741,22.718,22.718,22.741,22.764,22.787,22.802,22.824,22.840,22.862,22.885,22.900,22.908,22.915,22.915,22.923
,23.587,23.587,23.587,23.587,23.580,23.580,23.580,23.580,23.572,23.565,23.550,23.535,23.512,23.489,23.467,23.444,23.429,23.422,23.422,23.437,23.444,23.444,23.414,23.392,23.361,23.331,23.324,23.324,23.316,23.309,23.286,23.278,23.256,23.233,23.210,23.195,23.180,23.158,23.150,23.142,23.142,23.135,23.112,23.097,23.074,23.059,23.037,23.029,23.021,23.021,23.021,23.021,23.029,23.029,23.029,23.021,23.014,23.006,22.999,22.991,22.976,22.968,22.946,22.938,22.923,22.915,22.915,22.915,22.915,22.915,22.915,22.915,22.915,22.900,22.893,22.878,22.870,22.855,22.855,22.855,22.862,22.862,22.862,22.855,22.855,22.855,22.855,22.855,22.847,22.847,22.840,22.840,22.832,22.832,22.824,22.824,22.824,22.832,22.840,22.855,22.870,22.878,22.870,22.870,22.862,22.862,22.878,22.885,22.900,22.900,22.885,22.870,22.862,22.855,22.862,22.870,22.885,22.893,22.885,22.878,22.870,22.862,22.878,22.885,22.893,22.900,22.908,22.908,22.908,22.908,22.908,22.900,22.893,22.893,22.893,22.893,22.900,22.908,22.915,22.923,22.938,22.953,22.968,22.976,22.984,22.991,23.006,23.006,23.014,23.014,23.014,23.021,23.021,23.021,23.021,23.014,23.006,23.006,22.991,22.991,22.984,22.984,22.976,22.976,22.968,22.968,22.976,22.976,22.984,22.991,22.991,22.991,22.991,22.984,22.984,22.984,22.976,22.968,22.961,22.961,22.953,22.953,22.946,22.946,22.946,22.946,22.946,22.946,22.946,22.946,22.953,22.961,22.961,22.961,22.953,22.938,22.931,22.931,22.946,22.961,22.976,22.991,22.991,22.984,22.984,22.984,22.991,22.999,23.006,23.021,23.021,23.021,23.021,23.021,23.029,23.029,23.029,23.029,23.029,23.029,23.029,23.029,23.029,23.037,23.037,23.037,23.029,23.029,23.021,23.014,23.014,23.014,23.014,23.014,23.014,23.014,23.014,23.021,23.021,23.014,23.014,23.021,23.029,23.044,23.052,23.059,23.044,23.021,23.006,23.006,23.021,23.059,23.082,23.105,23.105,23.089,23.074,23.067,23.052,23.044,23.037,23.037,23.037,23.052,23.059,23.059,23.059,23.052,23.044,23.037,23.044,23.052,23.059,23.059,23.067,23.067,23.059,23.059,23.052,23.044,23.044,23.037,23.021,23.014,23.006,22.999,23.006,23.014,23.029,23.037,23.052,23.067,23.074,23.082,23.089,23.089,23.089,23.082,23.089,23.082,23.082,23.074,23.074,23.067,23.059,23.059,23.059,23.059,23.052,23.044,23.037,23.029,23.021,23.014,23.006,22.999,22.999,22.999,22.999,23.006,23.014,23.006,22.999,22.991,22.984,22.976,22.976,22.984,22.984,22.991,22.984,22.984,22.984,22.984,22.984,22.984,22.984,22.984,22.984,22.984,22.991,22.984,22.984,22.991,22.984,22.984,22.984,22.984,22.984,22.976,22.961,22.953,22.938,22.923,22.915,22.908,22.900,22.900,22.893,22.893,22.900,22.908,22.931,22.961,22.984,22.991,22.984,22.961,22.931,22.915,22.923,22.931,22.938,22.946,22.946,22.953,22.953,22.946,22.931,22.908,22.893,22.885,22.885,22.908,22.923,22.931,22.915,22.908,22.893,22.885,22.878,22.870,22.870,22.870,22.878,22.885,22.893,22.908,22.908,22.915,22.915,22.915,22.900,22.885,22.878,22.885,22.915,22.961,22.991,22.999,22.976,22.931,22.893,22.847,22.824,22.817,22.809,22.802,22.809,22.817,22.832,22.840,22.832,22.832,22.832,22.832,22.840,22.847,22.855,22.855,22.847,22.840,22.832,22.824,22.817,22.817,22.824,22.824,22.832,22.840,22.847,22.847,22.847,22.832,22.824,22.817,22.824,22.840,22.847,22.847,22.840,22.824,22.817,22.809,22.817,22.824,22.832,22.832,22.817,22.802,22.787,22.764,22.749,22.741,22.733,22.733,22.741,22.749,22.764,22.787,22.794,22.802,22.817,22.832,22.862,22.878,22.893,22.908,22.908,22.908
,23.602,23.602,23.595,23.587,23.580,23.580,23.580,23.580,23.572,23.565,23.550,23.542,23.520,23.497,23.474,23.444,23.429,23.422,23.422,23.437,23.444,23.444,23.422,23.399,23.376,23.354,23.346,23.339,23.339,23.324,23.309,23.293,23.278,23.256,23.233,23.218,23.195,23.165,23.150,23.142,23.127,23.112,23.089,23.074,23.059,23.044,23.029,23.029,23.021,23.021,23.021,23.029,23.037,23.029,23.021,23.014,22.999,22.984,22.984,22.976,22.968,22.953,22.938,22.931,22.923,22.915,22.915,22.915,22.923,22.915,22.908,22.900,22.885,22.878,22.855,22.840,22.832,22.824,22.824,22.832,22.840,22.840,22.847,22.847,22.847,22.840,22.840,22.832,22.832,22.824,22.824,22.817,22.817,22.817,22.809,22.809,22.809,22.817,22.824,22.847,22.870,22.878,22.878,22.862,22.855,22.855,22.862,22.878,22.893,22.893,22.878,22.855,22.840,22.832,22.840,22.855,22.870,22.878,22.878,22.862,22.855,22.855,22.862,22.878,22.885,22.893,22.893,22.893,22.893,22.893,22.885,22.878,22.870,22.870,22.870,22.878,22.885,22.893,22.900,22.908,22.915,22.931,22.946,22.953,22.968,22.984,22.991,23.006,23.014,23.014,23.021,23.021,23.021,23.014,23.014,23.014,23.006,22.999,22.991,22.984,22.976,22.976,22.976,22.976,22.976,22.984,22.991,22.999,22.999,23.006,23.006,23.006,22.999,22.991,22.991,22.991,22.984,22.976,22.961,22.953,22.946,22.946,22.938,22.938,22.938,22.938,22.946,22.953,22.961,22.968,22.976,22.984,22.991,22.984,22.976,22.953,22.938,22.938,22.953,22.984,23.006,23.021,23.006,22.991,22.976,22.976,22.984,22.999,23.014,23.029,23.029,23.029,23.029,23.029,23.029,23.029,23.037,23.037,23.037,23.037,23.029,23.029,23.029,23.037,23.037,23.037,23.029,23.029,23.021,23.014,23.006,23.006,23.006,23.006,23.006,23.006,23.006,23.014,23.014,23.006,23.006,23.014,23.029,23.037,23.052,23.052,23.029,23.006,22.991,22.991,23.014,23.052,23.082,23.105,23.105,23.089,23.074,23.067,23.052,23.052,23.044,23.044,23.044,23.059,23.067,23.067,23.067,23.052,23.044,23.037,23.037,23.044,23.044,23.044,23.044,23.044,23.044,23.037,23.029,23.021,23.021,23.014,22.999,22.991,22.984,22.984,22.984,22.999,23.006,23.021,23.037,23.052,23.059,23.074,23.082,23.082,23.074,23.067,23.067,23.059,23.052,23.052,23.044,23.044,23.044,23.044,23.044,23.044,23.044,23.037,23.029,23.021,23.014,23.006,22.999,22.991,22.991,22.991,22.991,22.999,23.006,23.006,22.991,22.976,22.968,22.961,22.961,22.968,22.976,22.984,22.984,22.984,22.991,22.991,22.991,22.984,22.984,22.984,22.976,22.976,22.968,22.961,22.961,22.968,22.968,22.968,22.976,22.976,22.984,22.976,22.961,22.953,22.938,22.923,22.908,22.900,22.885,22.885,22.885,22.885,22.893,22.908,22.931,22.953,22.976,22.984,22.976,22.953,22.938,22.923,22.923,22.931,22.946,22.946,22.946,22.953,22.946,22.938,22.923,22.900,22.885,22.878,22.885,22.900,22.915,22.923,22.908,22.900,22.885,22.878,22.870,22.862,22.862,22.862,22.870,22.878,22.893,22.900,22.908,22.908,22.908,22.900,22.893,22.870,22.855,22.862,22.900,22.946,22.976,22.991,22.968,22.931,22.885,22.840,22.809,22.787,22.779,22.764,22.771,22.787,22.802,22.817,22.809,22.802,22.802,22.802,22.809,22.817,22.824,22.832,22.824,22.817,22.809,22.802,22.794,22.794,22.794,22.794,22.802,22.809,22.817,22.817,22.817,22.809,22.802,22.802,22.817,22.832,22.847,22.847,22.824,22.802,22.779,22.779,22.794,22.832,22.855,22.855,22.824,22.787,22.749,22.718,22.711,22.718,22.733,22.749,22.756,22.764,22.771,22.787,22.787,22.787,22.794,22.809,22.840,22.862,22.885,22.900,22.900,22.908
,23.617,23.617,23.602,23.595,23.587,23.572,23.572,23.572,23.572,23.565,23.557,23.542,23.527,23.505,23.474,23.452,23.437,23.422,23.414,23.422,23.429,23.429,23.414,23.399,23.384,23.369,23.361,23.354,23.346,23.339,23.324,23.309,23.293,23.271,23.248,23.226,23.203,23.173,23.150,23.135,23.120,23.097,23.082,23.067,23.052,23.037,23.029,23.021,23.021,23.014,23.021,23.037,23.037,23.029,23.021,22.999,22.984,22.968,22.961,22.961,22.953,22.946,22.938,22.931,22.923,22.915,22.915,22.915,22.923,22.915,22.908,22.893,22.870,22.855,22.832,22.817,22.809,22.809,22.809,22.817,22.824,22.824,22.832,22.832,22.832,22.824,22.817,22.817,22.809,22.809,22.802,22.802,22.802,22.802,22.794,22.794,22.794,22.802,22.817,22.840,22.862,22.870,22.870,22.855,22.840,22.832,22.847,22.870,22.885,22.885,22.870,22.840,22.817,22.809,22.817,22.840,22.855,22.862,22.855,22.847,22.840,22.840,22.847,22.855,22.870,22.878,22.878,22.878,22.878,22.878,22.862,22.862,22.855,22.855,22.855,22.862,22.870,22.885,22.893,22.893,22.900,22.915,22.923,22.938,22.946,22.961,22.984,22.991,22.999,23.006,23.006,23.006,22.999,22.991,22.991,22.991,22.984,22.976,22.976,22.968,22.968,22.961,22.961,22.968,22.976,22.976,22.991,22.999,22.999,22.999,22.999,22.999,22.991,22.991,22.984,22.976,22.968,22.968,22.953,22.946,22.938,22.931,22.923,22.923,22.931,22.931,22.938,22.946,22.961,22.968,22.984,22.991,22.999,22.999,22.984,22.953,22.938,22.931,22.953,22.991,23.021,23.037,23.021,22.991,22.968,22.953,22.976,22.999,23.014,23.029,23.029,23.029,23.021,23.021,23.021,23.029,23.029,23.029,23.029,23.029,23.029,23.021,23.029,23.029,23.029,23.029,23.021,23.021,23.014,23.006,22.999,22.999,22.999,22.991,22.991,22.991,22.999,22.999,22.999,22.999,22.999,22.999,23.014,23.029,23.044,23.044,23.021,22.991,22.976,22.976,22.999,23.037,23.074,23.097,23.097,23.082,23.067,23.052,23.044,23.044,23.037,23.037,23.044,23.052,23.067,23.067,23.059,23.052,23.044,23.029,23.029,23.029,23.029,23.029,23.029,23.029,23.021,23.014,23.006,23.006,22.999,22.991,22.984,22.976,22.976,22.976,22.976,22.984,22.991,23.006,23.021,23.029,23.044,23.052,23.067,23.059,23.059,23.052,23.044,23.044,23.037,23.021,23.021,23.029,23.029,23.029,23.029,23.029,23.029,23.021,23.014,23.006,22.999,22.991,22.991,22.984,22.976,22.976,22.984,22.991,22.991,22.991,22.976,22.961,22.953,22.946,22.946,22.953,22.961,22.968,22.976,22.984,22.984,22.984,22.984,22.984,22.976,22.968,22.968,22.961,22.953,22.953,22.953,22.946,22.946,22.946,22.961,22.968,22.968,22.968,22.953,22.946,22.931,22.915,22.900,22.885,22.878,22.878,22.878,22.885,22.900,22.908,22.923,22.946,22.953,22.961,22.953,22.938,22.923,22.915,22.915,22.931,22.938,22.938,22.938,22.938,22.931,22.915,22.900,22.885,22.870,22.862,22.870,22.885,22.900,22.908,22.900,22.885,22.870,22.862,22.855,22.855,22.847,22.847,22.855,22.862,22.878,22.885,22.893,22.893,22.893,22.885,22.870,22.847,22.824,22.832,22.870,22.915,22.961,22.976,22.953,22.915,22.870,22.824,22.794,22.764,22.741,22.733,22.741,22.764,22.779,22.794,22.787,22.779,22.771,22.771,22.779,22.794,22.802,22.802,22.802,22.794,22.787,22.779,22.771,22.771,22.771,22.771,22.771,22.787,22.787,22.794,22.794,22.787,22.787,22.794,22.809,22.832,22.840,22.840,22.817,22.787,22.764,22.756,22.787,22.832,22.862,22.862,22.824,22.771,22.726,22.696,22.696,22.711,22.741,22.764,22.764,22.771,22.779,22.779,22.779,22.771,22.779,22.794,22.824,22.855,22.885,22.900,22.908,22.908
,23.632,23.625,23.617,23.602,23.587,23.572,23.565,23.565,23.557,23.557,23.550,23.542,23.527,23.512,23.489,23.467,23.452,23.429,23.414,23.407,23.399,23.392,23.384,23.376,23.369,23.361,23.361,23.361,23.361,23.346,23.339,23.316,23.301,23.278,23.248,23.226,23.203,23.173,23.150,23.135,23.120,23.097,23.074,23.059,23.052,23.037,23.029,23.021,23.014,23.014,23.014,23.021,23.021,23.021,23.006,22.991,22.984,22.961,22.953,22.953,22.946,22.938,22.931,22.931,22.923,22.915,22.915,22.923,22.923,22.915,22.908,22.893,22.870,22.855,22.840,22.824,22.817,22.809,22.809,22.817,22.824,22.824,22.824,22.824,22.817,22.817,22.809,22.802,22.794,22.794,22.787,22.787,22.794,22.794,22.787,22.779,22.779,22.779,22.802,22.832,22.855,22.862,22.855,22.840,22.824,22.817,22.832,22.855,22.870,22.870,22.855,22.824,22.802,22.787,22.802,22.817,22.832,22.847,22.840,22.832,22.824,22.817,22.824,22.832,22.840,22.847,22.855,22.855,22.855,22.855,22.855,22.847,22.847,22.847,22.855,22.870,22.878,22.893,22.893,22.893,22.900,22.908,22.915,22.923,22.938,22.946,22.953,22.961,22.961,22.961,22.961,22.946,22.938,22.938,22.938,22.938,22.938,22.938,22.938,22.938,22.938,22.946,22.953,22.953,22.961,22.968,22.968,22.968,22.968,22.961,22.961,22.961,22.953,22.946,22.946,22.946,22.938,22.931,22.923,22.915,22.915,22.908,22.908,22.908,22.908,22.915,22.931,22.931,22.946,22.953,22.968,22.984,22.991,22.984,22.961,22.931,22.908,22.908,22.931,22.976,23.006,23.021,23.006,22.976,22.946,22.931,22.946,22.976,22.999,23.014,23.021,23.014,23.006,22.999,23.006,23.014,23.014,23.014,23.014,23.014,23.014,23.014,23.014,23.014,23.014,23.014,23.006,22.999,22.999,22.991,22.991,22.991,22.991,22.991,22.984,22.984,22.984,22.984,22.984,22.976,22.976,22.984,22.999,23.014,23.029,23.037,23.014,22.976,22.953,22.953,22.976,23.021,23.059,23.082,23.074,23.059,23.037,23.021,23.021,23.021,23.029,23.029,23.037,23.037,23.044,23.052,23.044,23.037,23.029,23.029,23.021,23.021,23.021,23.021,23.021,23.021,23.014,23.006,22.999,22.991,22.984,22.984,22.976,22.976,22.976,22.976,22.976,22.984,22.984,22.999,23.006,23.014,23.029,23.037,23.044,23.037,23.037,23.037,23.037,23.029,23.029,23.021,23.021,23.021,23.021,23.021,23.014,23.006,23.006,22.999,22.991,22.991,22.991,22.991,22.984,22.976,22.976,22.976,22.968,22.968,22.968,22.968,22.961,22.953,22.946,22.946,22.946,22.946,22.953,22.961,22.961,22.968,22.968,22.968,22.976,22.976,22.976,22.968,22.968,22.968,22.961,22.953,22.953,22.946,22.938,22.938,22.938,22.938,22.938,22.931,22.923,22.915,22.908,22.900,22.885,22.878,22.878,22.878,22.885,22.908,22.923,22.931,22.931,22.931,22.923,22.915,22.915,22.908,22.900,22.893,22.908,22.915,22.923,22.923,22.915,22.908,22.893,22.878,22.862,22.847,22.840,22.832,22.847,22.862,22.885,22.900,22.885,22.878,22.862,22.847,22.840,22.832,22.832,22.824,22.840,22.847,22.855,22.862,22.870,22.870,22.870,22.862,22.840,22.809,22.787,22.787,22.832,22.885,22.931,22.946,22.931,22.893,22.847,22.802,22.764,22.733,22.711,22.696,22.711,22.741,22.764,22.787,22.779,22.771,22.756,22.756,22.764,22.771,22.779,22.787,22.779,22.771,22.771,22.764,22.764,22.764,22.764,22.771,22.771,22.779,22.787,22.794,22.794,22.787,22.787,22.794,22.802,22.824,22.832,22.832,22.809,22.779,22.764,22.756,22.779,22.817,22.847,22.847,22.817,22.771,22.733,22.711,22.711,22.726,22.741,22.764,22.764,22.771,22.779,22.779,22.779,22.771,22.779,22.794,22.832,22.870,22.900,22.915,22.923,22.923
,23.648,23.640,23.625,23.610,23.595,23.572,23.557,23.550,23.542,23.542,23.535,23.535,23.527,23.520,23.505,23.489,23.467,23.437,23.407,23.392,23.369,23.354,23.346,23.346,23.346,23.346,23.354,23.361,23.361,23.354,23.339,23.316,23.293,23.271,23.241,23.218,23.195,23.165,23.150,23.135,23.120,23.105,23.082,23.067,23.052,23.037,23.021,23.014,23.006,22.999,22.999,23.006,23.006,23.006,22.999,22.991,22.976,22.961,22.953,22.946,22.938,22.931,22.931,22.931,22.931,22.931,22.923,22.923,22.923,22.915,22.908,22.893,22.878,22.870,22.855,22.847,22.840,22.832,22.832,22.832,22.832,22.824,22.824,22.817,22.809,22.802,22.794,22.794,22.787,22.779,22.779,22.779,22.779,22.779,22.779,22.771,22.771,22.779,22.794,22.817,22.832,22.847,22.840,22.824,22.809,22.809,22.817,22.840,22.855,22.855,22.840,22.809,22.787,22.771,22.779,22.802,22.817,22.824,22.824,22.809,22.802,22.802,22.802,22.809,22.817,22.824,22.824,22.832,22.832,22.840,22.847,22.847,22.847,22.855,22.870,22.878,22.893,22.900,22.908,22.908,22.908,22.908,22.915,22.923,22.923,22.931,22.923,22.923,22.915,22.908,22.893,22.885,22.870,22.862,22.862,22.870,22.878,22.885,22.900,22.908,22.923,22.931,22.946,22.953,22.953,22.953,22.946,22.938,22.931,22.915,22.915,22.915,22.908,22.900,22.900,22.900,22.893,22.893,22.893,22.893,22.893,22.893,22.893,22.893,22.900,22.900,22.908,22.915,22.923,22.931,22.946,22.953,22.968,22.968,22.946,22.908,22.885,22.878,22.908,22.953,22.991,23.006,22.984,22.946,22.915,22.908,22.923,22.953,22.976,22.999,22.999,22.991,22.984,22.984,22.984,22.991,22.991,22.991,22.999,22.999,22.999,22.999,22.999,22.999,22.991,22.991,22.984,22.984,22.976,22.976,22.976,22.976,22.976,22.976,22.976,22.968,22.968,22.968,22.968,22.961,22.961,22.968,22.984,23.006,23.029,23.029,23.006,22.976,22.946,22.938,22.961,23.006,23.044,23.059,23.052,23.029,23.006,22.991,22.999,23.006,23.014,23.021,23.021,23.021,23.029,23.029,23.029,23.021,23.014,23.014,23.014,23.021,23.021,23.014,23.014,23.014,23.014,23.006,22.999,22.991,22.984,22.976,22.976,22.984,22.984,22.984,22.991,22.991,22.991,22.999,22.999,23.006,23.014,23.014,23.021,23.021,23.021,23.021,23.029,23.029,23.029,23.029,23.021,23.021,23.014,23.006,22.991,22.984,22.984,22.976,22.976,22.976,22.984,22.984,22.984,22.976,22.968,22.968,22.953,22.946,22.946,22.938,22.946,22.946,22.946,22.946,22.946,22.946,22.946,22.946,22.946,22.938,22.946,22.946,22.953,22.961,22.968,22.976,22.976,22.976,22.976,22.968,22.961,22.953,22.938,22.923,22.915,22.915,22.908,22.900,22.893,22.893,22.885,22.885,22.878,22.870,22.870,22.885,22.908,22.931,22.953,22.953,22.938,22.915,22.885,22.870,22.862,22.862,22.862,22.870,22.885,22.893,22.900,22.900,22.885,22.870,22.847,22.832,22.817,22.809,22.802,22.809,22.824,22.855,22.870,22.885,22.878,22.862,22.847,22.832,22.824,22.817,22.809,22.809,22.817,22.824,22.832,22.840,22.840,22.840,22.840,22.832,22.802,22.771,22.756,22.756,22.794,22.847,22.893,22.908,22.893,22.862,22.817,22.779,22.741,22.711,22.688,22.673,22.688,22.718,22.749,22.771,22.771,22.764,22.756,22.749,22.756,22.764,22.771,22.771,22.764,22.764,22.764,22.764,22.764,22.764,22.764,22.771,22.779,22.787,22.794,22.802,22.802,22.802,22.794,22.794,22.809,22.817,22.824,22.824,22.809,22.794,22.779,22.771,22.779,22.802,22.809,22.817,22.802,22.779,22.764,22.749,22.749,22.749,22.756,22.764,22.764,22.771,22.771,22.787,22.787,22.787,22.794,22.817,22.847,22.885,22.915,22.938,22.938,22.938
,23.663,23.655,23.640,23.617,23.595,23.572,23.557,23.542,23.535,23.527,23.520,23.527,23.527,23.520,23.512,23.497,23.474,23.444,23.414,23.376,23.346,23.324,23.316,23.316,23.324,23.331,23.339,23.346,23.354,23.346,23.331,23.309,23.286,23.263,23.233,23.210,23.188,23.165,23.150,23.135,23.120,23.105,23.082,23.067,23.052,23.037,23.021,23.014,22.999,22.991,22.991,22.991,22.991,22.991,22.991,22.984,22.976,22.961,22.953,22.938,22.931,22.923,22.923,22.931,22.938,22.931,22.931,22.923,22.915,22.908,22.900,22.893,22.885,22.878,22.870,22.870,22.862,22.855,22.847,22.840,22.832,22.824,22.817,22.809,22.802,22.794,22.787,22.779,22.779,22.771,22.771,22.771,22.771,22.771,22.771,22.771,22.771,22.771,22.787,22.802,22.817,22.824,22.817,22.802,22.794,22.787,22.802,22.817,22.832,22.832,22.817,22.794,22.771,22.764,22.771,22.787,22.794,22.802,22.802,22.794,22.787,22.779,22.779,22.787,22.794,22.802,22.802,22.809,22.817,22.824,22.832,22.840,22.847,22.855,22.870,22.878,22.893,22.900,22.908,22.908,22.900,22.900,22.908,22.908,22.908,22.908,22.900,22.885,22.878,22.862,22.840,22.824,22.817,22.809,22.809,22.817,22.824,22.840,22.862,22.878,22.900,22.915,22.931,22.931,22.931,22.923,22.915,22.908,22.893,22.878,22.870,22.870,22.870,22.862,22.862,22.862,22.862,22.862,22.862,22.870,22.878,22.878,22.878,22.885,22.885,22.885,22.885,22.893,22.900,22.900,22.915,22.931,22.938,22.938,22.915,22.885,22.862,22.855,22.878,22.923,22.961,22.976,22.961,22.923,22.893,22.878,22.900,22.931,22.953,22.976,22.976,22.968,22.961,22.961,22.961,22.968,22.968,22.968,22.976,22.976,22.976,22.976,22.976,22.976,22.976,22.968,22.961,22.961,22.961,22.953,22.961,22.961,22.968,22.968,22.968,22.961,22.961,22.961,22.953,22.946,22.946,22.953,22.968,22.999,23.021,23.021,22.999,22.961,22.931,22.923,22.946,22.984,23.021,23.044,23.029,22.999,22.976,22.968,22.976,22.991,23.006,23.014,23.006,23.006,23.006,23.006,23.006,23.006,23.006,23.006,23.014,23.014,23.014,23.014,23.006,23.006,23.006,22.999,22.991,22.991,22.984,22.976,22.976,22.984,22.991,22.999,22.999,22.999,22.991,22.991,22.991,22.991,22.991,22.991,22.999,22.999,22.999,23.006,23.014,23.021,23.029,23.029,23.021,23.014,22.999,22.991,22.968,22.961,22.953,22.953,22.953,22.961,22.968,22.968,22.968,22.968,22.961,22.953,22.938,22.931,22.915,22.915,22.923,22.931,22.938,22.946,22.946,22.946,22.938,22.931,22.923,22.915,22.915,22.923,22.931,22.938,22.953,22.968,22.976,22.984,22.984,22.976,22.968,22.953,22.931,22.908,22.900,22.893,22.878,22.870,22.862,22.862,22.870,22.870,22.870,22.862,22.870,22.885,22.915,22.946,22.968,22.968,22.938,22.900,22.862,22.824,22.817,22.824,22.832,22.847,22.855,22.870,22.870,22.870,22.855,22.832,22.817,22.794,22.779,22.771,22.771,22.787,22.809,22.832,22.855,22.870,22.862,22.847,22.832,22.817,22.809,22.802,22.794,22.794,22.802,22.809,22.817,22.817,22.817,22.817,22.809,22.802,22.779,22.749,22.726,22.726,22.756,22.809,22.855,22.870,22.855,22.824,22.794,22.756,22.718,22.696,22.673,22.665,22.680,22.711,22.749,22.771,22.771,22.756,22.749,22.741,22.749,22.749,22.756,22.756,22.756,22.749,22.756,22.756,22.756,22.756,22.764,22.771,22.779,22.794,22.802,22.802,22.802,22.802,22.802,22.794,22.802,22.809,22.809,22.809,22.802,22.794,22.787,22.779,22.779,22.779,22.779,22.779,22.779,22.787,22.787,22.787,22.787,22.771,22.764,22.756,22.756,22.764,22.771,22.787,22.794,22.794,22.809,22.832,22.870,22.900,22.931,22.946,22.953,22.953
,23.663,23.663,23.648,23.625,23.602,23.572,23.557,23.542,23.527,23.520,23.520,23.520,23.520,23.520,23.512,23.505,23.489,23.459,23.422,23.384,23.346,23.316,23.301,23.309,23.309,23.316,23.324,23.331,23.331,23.324,23.316,23.293,23.278,23.256,23.226,23.210,23.188,23.165,23.150,23.135,23.127,23.105,23.089,23.074,23.052,23.037,23.021,23.006,22.999,22.984,22.984,22.976,22.976,22.976,22.976,22.976,22.968,22.961,22.953,22.931,22.923,22.908,22.915,22.931,22.931,22.931,22.923,22.923,22.908,22.900,22.893,22.893,22.885,22.878,22.878,22.878,22.878,22.862,22.855,22.840,22.832,22.817,22.802,22.794,22.787,22.779,22.771,22.771,22.764,22.764,22.764,22.764,22.764,22.764,22.764,22.764,22.764,22.764,22.771,22.779,22.787,22.794,22.787,22.779,22.771,22.764,22.779,22.794,22.802,22.809,22.794,22.779,22.764,22.749,22.756,22.771,22.779,22.779,22.779,22.779,22.771,22.771,22.771,22.771,22.771,22.779,22.779,22.787,22.794,22.802,22.817,22.824,22.832,22.840,22.855,22.870,22.878,22.885,22.885,22.885,22.878,22.878,22.878,22.885,22.885,22.885,22.870,22.862,22.855,22.832,22.809,22.794,22.779,22.771,22.771,22.779,22.794,22.809,22.824,22.847,22.862,22.885,22.900,22.908,22.900,22.900,22.885,22.878,22.862,22.847,22.847,22.840,22.840,22.840,22.840,22.840,22.840,22.847,22.847,22.855,22.862,22.870,22.870,22.870,22.870,22.870,22.870,22.878,22.885,22.885,22.893,22.908,22.915,22.915,22.900,22.870,22.847,22.840,22.862,22.900,22.938,22.953,22.938,22.900,22.870,22.862,22.878,22.900,22.931,22.946,22.953,22.946,22.938,22.938,22.938,22.946,22.946,22.946,22.953,22.961,22.961,22.961,22.961,22.961,22.953,22.946,22.946,22.946,22.938,22.938,22.946,22.953,22.961,22.961,22.953,22.953,22.953,22.946,22.938,22.938,22.931,22.938,22.961,22.984,23.006,23.014,22.991,22.946,22.915,22.900,22.931,22.968,23.006,23.021,23.006,22.968,22.946,22.938,22.953,22.968,22.984,22.999,22.991,22.991,22.984,22.976,22.984,22.991,22.999,22.999,22.999,22.999,22.999,22.999,22.999,22.999,22.999,22.991,22.984,22.984,22.976,22.968,22.976,22.984,22.991,22.991,22.991,22.991,22.991,22.984,22.976,22.976,22.976,22.968,22.968,22.976,22.984,22.984,22.999,23.006,23.014,23.021,23.006,22.999,22.984,22.968,22.953,22.938,22.931,22.923,22.931,22.938,22.953,22.953,22.953,22.953,22.946,22.938,22.923,22.908,22.893,22.885,22.900,22.915,22.923,22.931,22.931,22.923,22.923,22.915,22.900,22.900,22.893,22.893,22.908,22.915,22.931,22.946,22.961,22.968,22.976,22.976,22.961,22.946,22.923,22.900,22.885,22.870,22.862,22.855,22.847,22.847,22.855,22.862,22.862,22.862,22.870,22.885,22.908,22.938,22.961,22.961,22.931,22.885,22.840,22.809,22.794,22.802,22.809,22.817,22.832,22.840,22.847,22.840,22.824,22.809,22.794,22.779,22.764,22.756,22.756,22.764,22.787,22.809,22.832,22.847,22.840,22.824,22.809,22.802,22.787,22.787,22.787,22.787,22.794,22.802,22.809,22.809,22.809,22.802,22.794,22.779,22.756,22.726,22.703,22.703,22.733,22.779,22.809,22.824,22.817,22.794,22.764,22.741,22.711,22.688,22.665,22.665,22.688,22.726,22.756,22.779,22.771,22.756,22.741,22.741,22.741,22.733,22.741,22.741,22.733,22.733,22.741,22.741,22.749,22.749,22.756,22.771,22.779,22.787,22.794,22.794,22.802,22.794,22.794,22.787,22.787,22.787,22.787,22.787,22.794,22.794,22.794,22.787,22.779,22.756,22.749,22.749,22.764,22.787,22.802,22.809,22.809,22.787,22.771,22.764,22.756,22.764,22.771,22.787,22.794,22.809,22.824,22.840,22.878,22.908,22.931,22.946,22.953,22.953
,23.663,23.655,23.648,23.625,23.602,23.580,23.565,23.550,23.535,23.520,23.520,23.512,23.505,23.505,23.505,23.497,23.482,23.467,23.437,23.407,23.376,23.346,23.331,23.324,23.324,23.316,23.309,23.301,23.301,23.286,23.278,23.271,23.263,23.241,23.233,23.218,23.195,23.180,23.165,23.142,23.127,23.112,23.089,23.074,23.052,23.037,23.014,22.999,22.991,22.984,22.976,22.976,22.968,22.968,22.968,22.968,22.961,22.953,22.938,22.923,22.908,22.900,22.908,22.915,22.923,22.923,22.915,22.908,22.893,22.885,22.885,22.885,22.878,22.878,22.878,22.878,22.878,22.862,22.855,22.840,22.824,22.802,22.787,22.779,22.771,22.764,22.756,22.756,22.756,22.756,22.756,22.764,22.764,22.764,22.764,22.764,22.764,22.764,22.756,22.756,22.756,22.749,22.749,22.741,22.741,22.741,22.756,22.764,22.779,22.779,22.771,22.764,22.749,22.749,22.749,22.756,22.764,22.771,22.771,22.771,22.771,22.771,22.771,22.771,22.771,22.779,22.779,22.779,22.779,22.787,22.794,22.802,22.802,22.809,22.824,22.832,22.840,22.840,22.840,22.832,22.832,22.832,22.832,22.847,22.855,22.855,22.862,22.862,22.862,22.855,22.832,22.817,22.802,22.794,22.787,22.787,22.794,22.802,22.809,22.824,22.840,22.855,22.862,22.862,22.862,22.862,22.862,22.855,22.847,22.847,22.840,22.840,22.840,22.840,22.840,22.847,22.855,22.855,22.855,22.855,22.862,22.870,22.870,22.870,22.870,22.870,22.870,22.878,22.885,22.885,22.893,22.893,22.900,22.900,22.878,22.855,22.840,22.840,22.862,22.893,22.923,22.938,22.923,22.893,22.870,22.855,22.870,22.893,22.915,22.938,22.938,22.931,22.931,22.931,22.931,22.931,22.938,22.938,22.946,22.946,22.946,22.946,22.946,22.946,22.938,22.938,22.938,22.931,22.931,22.931,22.938,22.938,22.946,22.953,22.946,22.946,22.938,22.938,22.931,22.923,22.923,22.923,22.946,22.976,22.999,22.999,22.968,22.931,22.893,22.885,22.908,22.953,22.984,23.006,22.984,22.953,22.931,22.915,22.931,22.946,22.968,22.984,22.976,22.968,22.968,22.961,22.968,22.976,22.984,22.991,22.991,22.984,22.984,22.984,22.984,22.984,22.984,22.984,22.976,22.968,22.968,22.968,22.968,22.968,22.976,22.984,22.984,22.976,22.976,22.976,22.968,22.961,22.961,22.961,22.961,22.961,22.961,22.968,22.976,22.984,22.991,22.991,22.984,22.976,22.968,22.953,22.938,22.931,22.915,22.908,22.915,22.923,22.931,22.938,22.938,22.931,22.931,22.923,22.900,22.893,22.878,22.870,22.878,22.885,22.900,22.908,22.900,22.900,22.900,22.893,22.885,22.878,22.878,22.878,22.885,22.893,22.908,22.915,22.931,22.938,22.946,22.946,22.938,22.931,22.915,22.893,22.885,22.870,22.862,22.855,22.855,22.855,22.855,22.862,22.862,22.862,22.862,22.870,22.885,22.900,22.915,22.915,22.900,22.870,22.840,22.817,22.809,22.802,22.809,22.809,22.809,22.817,22.817,22.817,22.809,22.802,22.794,22.794,22.779,22.771,22.764,22.771,22.779,22.794,22.802,22.809,22.802,22.794,22.779,22.771,22.779,22.779,22.787,22.794,22.794,22.802,22.809,22.809,22.809,22.794,22.787,22.771,22.741,22.718,22.703,22.696,22.711,22.749,22.771,22.787,22.779,22.764,22.749,22.733,22.726,22.711,22.703,22.703,22.733,22.764,22.794,22.817,22.802,22.779,22.764,22.741,22.741,22.733,22.733,22.733,22.726,22.726,22.733,22.741,22.741,22.741,22.749,22.756,22.771,22.771,22.779,22.779,22.779,22.779,22.779,22.771,22.764,22.764,22.764,22.764,22.779,22.787,22.794,22.787,22.771,22.749,22.733,22.726,22.749,22.771,22.794,22.809,22.802,22.787,22.779,22.764,22.764,22.764,22.779,22.794,22.802,22.817,22.832,22.855,22.878,22.900,22.923,22.931,22.938,22.938
,23.655,23.655,23.640,23.625,23.602,23.587,23.572,23.557,23.542,23.527,23.520,23.505,23.497,23.489,23.489,23.482,23.482,23.474,23.452,23.437,23.422,23.399,23.369,23.354,23.339,23.316,23.293,23.271,23.256,23.241,23.241,23.241,23.241,23.241,23.233,23.218,23.210,23.188,23.173,23.158,23.135,23.112,23.089,23.074,23.052,23.037,23.014,23.006,22.991,22.984,22.976,22.968,22.968,22.961,22.961,22.953,22.953,22.946,22.931,22.915,22.900,22.893,22.893,22.908,22.908,22.908,22.900,22.893,22.885,22.870,22.870,22.870,22.870,22.870,22.870,22.878,22.870,22.862,22.847,22.832,22.817,22.794,22.779,22.771,22.764,22.756,22.756,22.756,22.756,22.756,22.756,22.764,22.764,22.764,22.764,22.764,22.764,22.756,22.749,22.733,22.726,22.718,22.718,22.711,22.718,22.726,22.733,22.741,22.756,22.764,22.756,22.756,22.749,22.749,22.749,22.756,22.756,22.764,22.771,22.779,22.787,22.787,22.787,22.787,22.787,22.787,22.787,22.779,22.779,22.779,22.779,22.779,22.779,22.779,22.787,22.787,22.794,22.794,22.787,22.779,22.771,22.779,22.787,22.802,22.817,22.840,22.862,22.878,22.893,22.893,22.885,22.870,22.855,22.840,22.832,22.824,22.824,22.824,22.817,22.817,22.824,22.824,22.832,22.832,22.832,22.832,22.840,22.840,22.840,22.847,22.847,22.855,22.855,22.862,22.870,22.878,22.878,22.885,22.885,22.878,22.870,22.870,22.870,22.870,22.870,22.870,22.878,22.885,22.893,22.900,22.893,22.893,22.893,22.885,22.870,22.855,22.847,22.847,22.870,22.893,22.915,22.931,22.915,22.893,22.870,22.862,22.878,22.893,22.915,22.923,22.923,22.923,22.923,22.923,22.923,22.931,22.931,22.931,22.931,22.931,22.931,22.931,22.931,22.931,22.931,22.931,22.931,22.931,22.931,22.931,22.931,22.938,22.938,22.938,22.938,22.938,22.938,22.931,22.931,22.923,22.923,22.923,22.938,22.968,22.984,22.984,22.953,22.915,22.878,22.870,22.900,22.938,22.976,22.991,22.976,22.946,22.915,22.900,22.908,22.931,22.953,22.968,22.961,22.961,22.953,22.946,22.961,22.968,22.976,22.976,22.976,22.976,22.968,22.968,22.968,22.968,22.968,22.968,22.968,22.961,22.961,22.953,22.953,22.953,22.961,22.961,22.968,22.961,22.961,22.961,22.961,22.953,22.953,22.953,22.953,22.953,22.961,22.961,22.961,22.961,22.961,22.961,22.961,22.953,22.946,22.938,22.931,22.915,22.908,22.900,22.900,22.908,22.915,22.915,22.915,22.915,22.908,22.908,22.893,22.885,22.870,22.862,22.862,22.870,22.870,22.878,22.870,22.878,22.878,22.878,22.870,22.870,22.862,22.862,22.870,22.878,22.885,22.893,22.900,22.900,22.908,22.908,22.908,22.908,22.900,22.893,22.893,22.885,22.878,22.878,22.870,22.870,22.870,22.870,22.862,22.862,22.855,22.855,22.855,22.855,22.855,22.862,22.855,22.855,22.855,22.847,22.840,22.824,22.817,22.802,22.794,22.794,22.794,22.802,22.802,22.809,22.817,22.824,22.817,22.802,22.794,22.779,22.779,22.779,22.779,22.779,22.771,22.764,22.756,22.756,22.771,22.779,22.787,22.802,22.809,22.817,22.817,22.817,22.809,22.802,22.787,22.779,22.749,22.733,22.711,22.703,22.711,22.733,22.749,22.756,22.749,22.749,22.741,22.741,22.749,22.749,22.749,22.764,22.794,22.824,22.847,22.862,22.840,22.817,22.787,22.764,22.749,22.741,22.733,22.726,22.726,22.726,22.733,22.741,22.741,22.741,22.749,22.756,22.764,22.764,22.764,22.764,22.764,22.756,22.756,22.756,22.749,22.741,22.741,22.741,22.756,22.771,22.779,22.787,22.771,22.749,22.733,22.726,22.733,22.756,22.771,22.779,22.787,22.779,22.779,22.771,22.779,22.779,22.779,22.794,22.809,22.817,22.832,22.855,22.870,22.893,22.900,22.908,22.908,22.908
,23.648,23.648,23.632,23.617,23.610,23.595,23.580,23.565,23.557,23.542,23.520,23.505,23.489,23.474,23.474,23.474,23.474,23.474,23.474,23.467,23.459,23.437,23.407,23.384,23.354,23.316,23.278,23.241,23.218,23.203,23.203,23.210,23.226,23.233,23.233,23.226,23.210,23.195,23.180,23.158,23.135,23.112,23.089,23.074,23.052,23.037,23.014,23.006,22.999,22.991,22.976,22.968,22.961,22.953,22.953,22.953,22.946,22.938,22.923,22.908,22.893,22.885,22.885,22.893,22.900,22.900,22.893,22.885,22.870,22.862,22.862,22.862,22.862,22.862,22.862,22.870,22.862,22.855,22.840,22.824,22.809,22.787,22.771,22.764,22.756,22.749,22.749,22.749,22.756,22.756,22.756,22.764,22.771,22.771,22.771,22.771,22.764,22.756,22.733,22.718,22.703,22.696,22.688,22.688,22.696,22.703,22.711,22.718,22.733,22.741,22.741,22.741,22.741,22.741,22.741,22.741,22.749,22.756,22.764,22.779,22.787,22.794,22.794,22.794,22.794,22.787,22.787,22.779,22.771,22.764,22.756,22.756,22.749,22.749,22.749,22.749,22.756,22.756,22.741,22.733,22.726,22.726,22.741,22.764,22.787,22.817,22.855,22.885,22.908,22.931,22.923,22.908,22.893,22.870,22.862,22.855,22.847,22.832,22.817,22.809,22.802,22.802,22.794,22.794,22.802,22.809,22.817,22.824,22.840,22.855,22.862,22.870,22.870,22.878,22.893,22.900,22.900,22.900,22.900,22.885,22.878,22.870,22.862,22.862,22.862,22.862,22.878,22.885,22.900,22.900,22.893,22.885,22.870,22.862,22.862,22.855,22.847,22.855,22.870,22.885,22.900,22.908,22.900,22.885,22.870,22.862,22.878,22.885,22.900,22.908,22.908,22.908,22.915,22.915,22.915,22.923,22.923,22.923,22.915,22.915,22.915,22.915,22.915,22.923,22.923,22.931,22.923,22.923,22.923,22.923,22.923,22.923,22.931,22.931,22.931,22.931,22.931,22.931,22.923,22.923,22.915,22.915,22.931,22.953,22.968,22.968,22.938,22.900,22.870,22.855,22.885,22.931,22.961,22.976,22.961,22.931,22.900,22.885,22.900,22.915,22.938,22.946,22.946,22.946,22.938,22.938,22.953,22.961,22.968,22.968,22.968,22.961,22.953,22.953,22.953,22.953,22.961,22.961,22.953,22.953,22.946,22.946,22.946,22.946,22.938,22.938,22.946,22.946,22.946,22.946,22.946,22.946,22.946,22.946,22.946,22.946,22.946,22.946,22.946,22.938,22.931,22.931,22.931,22.931,22.931,22.923,22.915,22.908,22.900,22.893,22.885,22.893,22.893,22.893,22.893,22.893,22.893,22.893,22.885,22.870,22.862,22.855,22.847,22.847,22.847,22.847,22.847,22.847,22.855,22.855,22.855,22.855,22.847,22.847,22.855,22.855,22.855,22.862,22.862,22.870,22.870,22.878,22.885,22.885,22.893,22.893,22.893,22.893,22.893,22.885,22.885,22.885,22.878,22.870,22.862,22.862,22.847,22.832,22.824,22.809,22.802,22.802,22.817,22.840,22.862,22.870,22.862,22.840,22.817,22.794,22.787,22.779,22.771,22.779,22.794,22.817,22.840,22.855,22.847,22.832,22.809,22.794,22.779,22.771,22.756,22.749,22.741,22.733,22.733,22.741,22.756,22.771,22.794,22.809,22.824,22.832,22.832,22.824,22.817,22.802,22.794,22.779,22.756,22.741,22.726,22.711,22.711,22.718,22.726,22.733,22.733,22.733,22.741,22.749,22.764,22.771,22.787,22.802,22.832,22.862,22.885,22.893,22.870,22.832,22.802,22.771,22.756,22.741,22.733,22.726,22.718,22.726,22.726,22.733,22.741,22.741,22.741,22.741,22.749,22.749,22.749,22.749,22.741,22.733,22.733,22.733,22.726,22.718,22.718,22.718,22.741,22.756,22.771,22.779,22.764,22.749,22.733,22.726,22.726,22.733,22.749,22.756,22.764,22.771,22.779,22.779,22.787,22.787,22.787,22.794,22.817,22.824,22.840,22.855,22.870,22.885,22.893,22.893,22.893,22.893
,23.640,23.632,23.632,23.617,23.610,23.595,23.587,23.580,23.572,23.557,23.535,23.512,23.489,23.474,23.467,23.467,23.474,23.482,23.482,23.489,23.482,23.467,23.437,23.407,23.361,23.316,23.271,23.233,23.203,23.188,23.188,23.203,23.210,23.226,23.226,23.226,23.210,23.195,23.180,23.158,23.135,23.112,23.089,23.074,23.052,23.037,23.021,23.006,22.999,22.999,22.984,22.976,22.968,22.961,22.953,22.946,22.938,22.931,22.915,22.900,22.893,22.885,22.885,22.885,22.885,22.885,22.885,22.870,22.862,22.855,22.855,22.855,22.855,22.847,22.855,22.855,22.855,22.847,22.832,22.817,22.802,22.779,22.764,22.756,22.749,22.741,22.741,22.749,22.749,22.749,22.756,22.764,22.764,22.764,22.764,22.764,22.756,22.749,22.726,22.703,22.680,22.665,22.658,22.665,22.665,22.673,22.688,22.696,22.703,22.711,22.718,22.718,22.726,22.726,22.726,22.726,22.726,22.733,22.741,22.756,22.771,22.787,22.787,22.787,22.779,22.771,22.771,22.756,22.749,22.741,22.733,22.726,22.726,22.718,22.718,22.726,22.726,22.718,22.711,22.696,22.688,22.696,22.703,22.726,22.749,22.787,22.832,22.878,22.915,22.938,22.946,22.923,22.900,22.878,22.870,22.855,22.847,22.832,22.809,22.794,22.787,22.779,22.764,22.764,22.771,22.787,22.802,22.817,22.832,22.847,22.862,22.870,22.870,22.878,22.893,22.900,22.908,22.908,22.893,22.885,22.870,22.862,22.855,22.847,22.847,22.847,22.862,22.878,22.885,22.893,22.878,22.862,22.847,22.840,22.840,22.840,22.847,22.847,22.862,22.870,22.878,22.878,22.878,22.870,22.862,22.855,22.862,22.870,22.878,22.885,22.893,22.893,22.900,22.900,22.900,22.908,22.908,22.908,22.900,22.900,22.900,22.900,22.900,22.908,22.915,22.915,22.915,22.915,22.908,22.908,22.908,22.915,22.915,22.915,22.915,22.915,22.923,22.923,22.915,22.915,22.915,22.915,22.923,22.938,22.953,22.953,22.923,22.885,22.855,22.847,22.878,22.915,22.953,22.968,22.953,22.923,22.893,22.878,22.885,22.908,22.923,22.931,22.931,22.931,22.923,22.931,22.938,22.946,22.953,22.953,22.953,22.946,22.938,22.938,22.938,22.938,22.946,22.946,22.938,22.938,22.938,22.931,22.931,22.931,22.923,22.923,22.923,22.923,22.923,22.931,22.931,22.931,22.931,22.931,22.931,22.931,22.931,22.931,22.923,22.915,22.908,22.900,22.900,22.908,22.908,22.908,22.900,22.893,22.885,22.878,22.870,22.870,22.870,22.870,22.870,22.870,22.870,22.870,22.862,22.855,22.847,22.840,22.832,22.824,22.817,22.817,22.817,22.824,22.832,22.832,22.840,22.832,22.832,22.832,22.832,22.832,22.832,22.832,22.832,22.832,22.840,22.847,22.855,22.862,22.878,22.885,22.893,22.893,22.893,22.885,22.885,22.878,22.878,22.870,22.855,22.847,22.840,22.824,22.802,22.779,22.764,22.764,22.794,22.832,22.862,22.878,22.870,22.840,22.809,22.787,22.764,22.756,22.749,22.756,22.779,22.817,22.840,22.862,22.855,22.840,22.817,22.794,22.779,22.756,22.741,22.726,22.718,22.718,22.718,22.733,22.749,22.771,22.794,22.809,22.824,22.832,22.832,22.824,22.809,22.802,22.787,22.771,22.764,22.741,22.733,22.718,22.718,22.718,22.718,22.726,22.726,22.733,22.741,22.756,22.771,22.771,22.787,22.809,22.840,22.870,22.893,22.893,22.870,22.832,22.794,22.764,22.741,22.726,22.718,22.718,22.711,22.711,22.711,22.718,22.726,22.726,22.726,22.726,22.726,22.726,22.718,22.718,22.718,22.711,22.703,22.703,22.696,22.688,22.688,22.696,22.718,22.733,22.749,22.764,22.756,22.749,22.733,22.718,22.718,22.718,22.726,22.726,22.741,22.756,22.779,22.794,22.794,22.794,22.794,22.802,22.817,22.832,22.840,22.855,22.870,22.878,22.885,22.893,22.893,22.893
,23.640,23.632,23.632,23.625,23.617,23.602,23.595,23.595,23.587,23.580,23.557,23.535,23.512,23.489,23.474,23.482,23.482,23.482,23.482,23.489,23.474,23.459,23.437,23.407,23.369,23.324,23.286,23.248,23.226,23.203,23.195,23.210,23.218,23.218,23.218,23.210,23.203,23.180,23.158,23.142,23.120,23.097,23.082,23.067,23.052,23.037,23.029,23.021,23.014,23.006,22.999,22.984,22.976,22.961,22.961,22.953,22.946,22.931,22.923,22.908,22.900,22.885,22.885,22.885,22.885,22.885,22.878,22.870,22.862,22.855,22.855,22.847,22.840,22.840,22.840,22.840,22.840,22.832,22.809,22.802,22.787,22.764,22.749,22.741,22.733,22.726,22.718,22.726,22.726,22.733,22.741,22.749,22.749,22.756,22.756,22.756,22.749,22.726,22.703,22.680,22.658,22.642,22.635,22.642,22.642,22.650,22.658,22.665,22.673,22.680,22.680,22.680,22.680,22.680,22.680,22.680,22.688,22.696,22.703,22.718,22.726,22.741,22.741,22.741,22.733,22.726,22.726,22.718,22.711,22.703,22.703,22.703,22.703,22.711,22.718,22.726,22.726,22.726,22.718,22.696,22.680,22.680,22.696,22.703,22.726,22.756,22.802,22.847,22.885,22.915,22.908,22.885,22.862,22.840,22.832,22.824,22.809,22.802,22.787,22.771,22.771,22.764,22.756,22.756,22.764,22.771,22.787,22.802,22.817,22.832,22.847,22.847,22.847,22.855,22.870,22.878,22.878,22.878,22.870,22.862,22.847,22.840,22.824,22.824,22.817,22.817,22.832,22.847,22.862,22.862,22.847,22.832,22.817,22.802,22.809,22.824,22.832,22.840,22.840,22.840,22.832,22.840,22.840,22.840,22.840,22.847,22.847,22.855,22.855,22.862,22.870,22.878,22.878,22.885,22.885,22.893,22.893,22.893,22.885,22.885,22.885,22.885,22.893,22.893,22.900,22.908,22.908,22.900,22.900,22.900,22.908,22.908,22.915,22.915,22.915,22.915,22.915,22.915,22.915,22.908,22.908,22.908,22.915,22.938,22.946,22.938,22.908,22.870,22.847,22.832,22.862,22.908,22.946,22.961,22.946,22.915,22.885,22.870,22.878,22.900,22.915,22.923,22.923,22.915,22.915,22.923,22.931,22.931,22.938,22.938,22.938,22.931,22.923,22.923,22.923,22.923,22.931,22.931,22.931,22.923,22.923,22.923,22.915,22.915,22.908,22.908,22.908,22.908,22.908,22.908,22.908,22.908,22.908,22.908,22.908,22.915,22.915,22.908,22.900,22.893,22.885,22.878,22.878,22.885,22.885,22.885,22.878,22.870,22.870,22.862,22.855,22.855,22.855,22.847,22.847,22.847,22.847,22.847,22.840,22.832,22.832,22.824,22.809,22.802,22.802,22.794,22.802,22.809,22.809,22.817,22.817,22.809,22.809,22.809,22.809,22.809,22.809,22.817,22.817,22.817,22.824,22.832,22.847,22.847,22.855,22.862,22.870,22.862,22.862,22.855,22.855,22.855,22.847,22.840,22.832,22.832,22.824,22.809,22.787,22.764,22.749,22.749,22.771,22.809,22.840,22.862,22.847,22.824,22.794,22.764,22.741,22.733,22.726,22.733,22.756,22.787,22.809,22.824,22.824,22.809,22.794,22.779,22.756,22.741,22.726,22.718,22.718,22.718,22.718,22.733,22.749,22.764,22.779,22.794,22.809,22.817,22.817,22.809,22.802,22.794,22.779,22.764,22.749,22.733,22.726,22.718,22.718,22.726,22.741,22.741,22.749,22.756,22.756,22.756,22.756,22.741,22.741,22.749,22.771,22.809,22.840,22.847,22.824,22.787,22.756,22.726,22.703,22.696,22.688,22.680,22.673,22.680,22.688,22.696,22.688,22.688,22.688,22.680,22.680,22.680,22.680,22.680,22.673,22.673,22.673,22.673,22.673,22.665,22.665,22.673,22.688,22.711,22.733,22.741,22.749,22.741,22.733,22.718,22.718,22.703,22.703,22.711,22.726,22.749,22.771,22.794,22.794,22.794,22.802,22.809,22.817,22.832,22.840,22.855,22.878,22.893,22.900,22.900,22.900,22.900
,23.640,23.632,23.632,23.632,23.625,23.617,23.610,23.610,23.610,23.595,23.572,23.557,23.535,23.512,23.497,23.497,23.497,23.489,23.474,23.474,23.459,23.444,23.422,23.399,23.376,23.346,23.309,23.286,23.256,23.241,23.226,23.226,23.226,23.218,23.210,23.195,23.188,23.165,23.142,23.127,23.112,23.089,23.074,23.059,23.052,23.037,23.029,23.029,23.021,23.021,23.006,22.999,22.984,22.976,22.961,22.961,22.946,22.938,22.923,22.915,22.908,22.900,22.893,22.893,22.885,22.878,22.878,22.870,22.862,22.855,22.847,22.840,22.832,22.824,22.817,22.817,22.809,22.802,22.787,22.779,22.771,22.749,22.741,22.726,22.711,22.711,22.703,22.703,22.703,22.711,22.718,22.733,22.741,22.741,22.741,22.741,22.733,22.718,22.696,22.673,22.650,22.635,22.620,22.620,22.627,22.627,22.635,22.642,22.650,22.650,22.650,22.650,22.642,22.642,22.642,22.642,22.642,22.650,22.658,22.665,22.673,22.680,22.680,22.680,22.680,22.680,22.673,22.673,22.665,22.665,22.673,22.680,22.688,22.703,22.718,22.733,22.749,22.749,22.733,22.718,22.703,22.696,22.696,22.703,22.711,22.733,22.771,22.817,22.855,22.870,22.862,22.832,22.809,22.779,22.771,22.771,22.771,22.764,22.756,22.756,22.764,22.764,22.764,22.764,22.764,22.771,22.779,22.794,22.809,22.817,22.824,22.824,22.824,22.832,22.840,22.840,22.847,22.847,22.840,22.832,22.817,22.809,22.802,22.794,22.787,22.794,22.802,22.817,22.832,22.840,22.824,22.802,22.787,22.779,22.787,22.802,22.817,22.824,22.824,22.809,22.802,22.802,22.809,22.817,22.824,22.832,22.832,22.832,22.840,22.847,22.855,22.855,22.862,22.870,22.870,22.870,22.878,22.878,22.878,22.870,22.870,22.870,22.878,22.885,22.893,22.893,22.893,22.893,22.885,22.893,22.900,22.908,22.915,22.915,22.915,22.908,22.908,22.908,22.900,22.900,22.900,22.900,22.915,22.931,22.938,22.931,22.908,22.870,22.840,22.832,22.862,22.908,22.938,22.961,22.946,22.915,22.885,22.870,22.878,22.893,22.908,22.915,22.915,22.915,22.915,22.915,22.923,22.923,22.923,22.923,22.923,22.923,22.923,22.915,22.915,22.915,22.915,22.915,22.915,22.908,22.908,22.908,22.900,22.900,22.900,22.893,22.893,22.893,22.893,22.893,22.885,22.885,22.885,22.885,22.893,22.893,22.893,22.893,22.885,22.878,22.870,22.862,22.862,22.862,22.870,22.870,22.862,22.855,22.855,22.855,22.847,22.840,22.840,22.832,22.832,22.832,22.832,22.832,22.824,22.817,22.817,22.809,22.802,22.794,22.787,22.787,22.787,22.794,22.802,22.809,22.802,22.794,22.787,22.787,22.794,22.794,22.802,22.802,22.809,22.817,22.817,22.824,22.840,22.840,22.840,22.847,22.840,22.840,22.832,22.824,22.817,22.817,22.817,22.809,22.809,22.809,22.809,22.809,22.787,22.771,22.756,22.756,22.771,22.802,22.824,22.832,22.817,22.794,22.771,22.749,22.733,22.718,22.718,22.718,22.733,22.756,22.771,22.787,22.787,22.771,22.756,22.749,22.741,22.733,22.726,22.726,22.726,22.726,22.726,22.733,22.749,22.756,22.764,22.779,22.787,22.787,22.787,22.787,22.779,22.771,22.764,22.756,22.741,22.733,22.726,22.726,22.733,22.756,22.771,22.787,22.787,22.787,22.779,22.764,22.733,22.703,22.673,22.665,22.680,22.726,22.756,22.771,22.756,22.726,22.696,22.673,22.658,22.650,22.642,22.642,22.642,22.650,22.658,22.665,22.658,22.650,22.650,22.642,22.642,22.642,22.642,22.642,22.642,22.650,22.650,22.650,22.650,22.642,22.642,22.650,22.665,22.696,22.718,22.726,22.741,22.741,22.733,22.726,22.718,22.703,22.696,22.703,22.718,22.741,22.764,22.787,22.794,22.802,22.802,22.809,22.817,22.824,22.840,22.855,22.885,22.900,22.915,22.923,22.931,22.931
,23.640,23.640,23.640,23.632,23.625,23.625,23.625,23.625,23.617,23.602,23.587,23.572,23.550,23.535,23.520,23.512,23.505,23.489,23.467,23.459,23.444,23.422,23.407,23.392,23.376,23.354,23.331,23.316,23.293,23.271,23.256,23.248,23.233,23.218,23.203,23.188,23.173,23.150,23.127,23.120,23.097,23.082,23.067,23.059,23.052,23.037,23.037,23.037,23.037,23.029,23.021,23.006,22.991,22.984,22.968,22.961,22.953,22.946,22.931,22.923,22.915,22.908,22.900,22.893,22.885,22.878,22.878,22.870,22.870,22.862,22.847,22.832,22.824,22.809,22.802,22.802,22.794,22.787,22.771,22.771,22.756,22.749,22.733,22.718,22.711,22.703,22.696,22.696,22.696,22.703,22.711,22.718,22.726,22.733,22.726,22.726,22.718,22.703,22.680,22.665,22.650,22.635,22.620,22.620,22.612,22.612,22.620,22.627,22.627,22.635,22.627,22.620,22.612,22.612,22.604,22.604,22.604,22.612,22.620,22.627,22.635,22.635,22.635,22.635,22.635,22.635,22.627,22.627,22.627,22.635,22.650,22.658,22.680,22.696,22.718,22.741,22.756,22.764,22.749,22.733,22.718,22.703,22.696,22.696,22.696,22.711,22.749,22.787,22.817,22.832,22.824,22.787,22.756,22.733,22.726,22.726,22.726,22.733,22.733,22.741,22.756,22.771,22.771,22.771,22.771,22.779,22.779,22.794,22.802,22.802,22.802,22.802,22.802,22.802,22.809,22.809,22.809,22.809,22.802,22.794,22.794,22.787,22.771,22.764,22.764,22.764,22.771,22.794,22.809,22.809,22.794,22.771,22.756,22.749,22.764,22.787,22.802,22.809,22.802,22.787,22.771,22.764,22.771,22.787,22.802,22.817,22.817,22.817,22.817,22.824,22.832,22.840,22.847,22.855,22.855,22.855,22.862,22.862,22.862,22.862,22.862,22.862,22.870,22.870,22.878,22.885,22.885,22.878,22.878,22.885,22.893,22.900,22.908,22.908,22.908,22.908,22.900,22.900,22.893,22.893,22.893,22.893,22.908,22.923,22.931,22.931,22.900,22.870,22.840,22.832,22.862,22.900,22.938,22.953,22.938,22.915,22.885,22.878,22.878,22.893,22.900,22.908,22.908,22.908,22.908,22.908,22.915,22.915,22.915,22.915,22.915,22.915,22.915,22.908,22.908,22.908,22.908,22.908,22.900,22.900,22.900,22.893,22.893,22.893,22.893,22.885,22.885,22.878,22.878,22.870,22.870,22.862,22.862,22.870,22.870,22.878,22.878,22.878,22.870,22.862,22.855,22.855,22.847,22.847,22.847,22.847,22.840,22.840,22.840,22.840,22.840,22.832,22.824,22.817,22.817,22.809,22.809,22.809,22.809,22.802,22.802,22.794,22.787,22.779,22.779,22.779,22.779,22.787,22.794,22.802,22.794,22.779,22.771,22.771,22.771,22.779,22.787,22.794,22.809,22.809,22.817,22.824,22.832,22.832,22.832,22.824,22.817,22.809,22.802,22.794,22.787,22.787,22.787,22.787,22.787,22.794,22.802,22.802,22.794,22.779,22.771,22.764,22.779,22.787,22.802,22.802,22.787,22.771,22.749,22.733,22.718,22.718,22.711,22.711,22.718,22.726,22.733,22.741,22.741,22.733,22.733,22.726,22.726,22.726,22.733,22.733,22.733,22.733,22.741,22.741,22.741,22.749,22.756,22.756,22.764,22.764,22.764,22.764,22.764,22.756,22.756,22.749,22.733,22.726,22.718,22.726,22.749,22.771,22.802,22.817,22.817,22.809,22.794,22.764,22.711,22.658,22.612,22.589,22.604,22.650,22.688,22.711,22.703,22.673,22.650,22.627,22.620,22.620,22.612,22.620,22.620,22.627,22.635,22.642,22.635,22.627,22.612,22.604,22.604,22.612,22.620,22.620,22.627,22.627,22.635,22.635,22.635,22.635,22.627,22.635,22.650,22.680,22.703,22.718,22.726,22.733,22.733,22.726,22.718,22.703,22.696,22.696,22.711,22.733,22.764,22.779,22.794,22.794,22.802,22.809,22.817,22.824,22.832,22.855,22.885,22.915,22.938,22.953,22.953,22.953
,23.640,23.640,23.640,23.632,23.625,23.617,23.617,23.617,23.610,23.602,23.587,23.580,23.565,23.542,23.535,23.520,23.505,23.482,23.459,23.437,23.422,23.399,23.392,23.384,23.376,23.361,23.354,23.339,23.316,23.293,23.278,23.263,23.248,23.226,23.195,23.180,23.158,23.142,23.120,23.105,23.089,23.074,23.067,23.052,23.044,23.037,23.037,23.044,23.044,23.037,23.029,23.014,23.006,22.991,22.976,22.968,22.961,22.953,22.938,22.931,22.923,22.908,22.900,22.893,22.885,22.885,22.878,22.878,22.878,22.870,22.855,22.840,22.824,22.817,22.802,22.802,22.794,22.779,22.771,22.771,22.764,22.756,22.749,22.733,22.726,22.711,22.703,22.696,22.703,22.703,22.711,22.711,22.718,22.718,22.711,22.711,22.696,22.688,22.673,22.665,22.658,22.650,22.627,22.620,22.620,22.612,22.612,22.620,22.627,22.627,22.620,22.612,22.597,22.589,22.589,22.589,22.589,22.589,22.597,22.597,22.604,22.612,22.612,22.612,22.612,22.612,22.604,22.604,22.604,22.612,22.627,22.642,22.665,22.688,22.718,22.741,22.756,22.764,22.749,22.733,22.711,22.696,22.680,22.673,22.673,22.688,22.718,22.764,22.794,22.809,22.794,22.756,22.726,22.696,22.696,22.696,22.703,22.711,22.718,22.733,22.756,22.771,22.771,22.779,22.779,22.779,22.779,22.787,22.787,22.787,22.787,22.787,22.779,22.779,22.779,22.779,22.779,22.779,22.771,22.771,22.771,22.764,22.756,22.749,22.741,22.733,22.749,22.771,22.787,22.787,22.771,22.749,22.733,22.726,22.741,22.764,22.787,22.794,22.779,22.764,22.741,22.733,22.749,22.764,22.779,22.794,22.802,22.794,22.794,22.802,22.809,22.817,22.824,22.832,22.840,22.840,22.840,22.840,22.847,22.847,22.847,22.847,22.855,22.862,22.870,22.870,22.870,22.870,22.870,22.870,22.878,22.893,22.900,22.908,22.900,22.900,22.893,22.885,22.885,22.885,22.878,22.885,22.893,22.908,22.923,22.923,22.900,22.862,22.840,22.832,22.862,22.900,22.931,22.946,22.938,22.908,22.885,22.878,22.878,22.893,22.900,22.900,22.900,22.900,22.900,22.900,22.900,22.900,22.900,22.900,22.900,22.900,22.900,22.900,22.900,22.900,22.893,22.893,22.885,22.885,22.885,22.885,22.885,22.878,22.878,22.878,22.878,22.870,22.862,22.855,22.855,22.847,22.847,22.847,22.855,22.855,22.855,22.855,22.855,22.855,22.847,22.840,22.832,22.832,22.824,22.824,22.824,22.824,22.824,22.824,22.817,22.809,22.809,22.802,22.794,22.794,22.794,22.794,22.787,22.787,22.779,22.779,22.771,22.771,22.771,22.771,22.771,22.787,22.787,22.787,22.779,22.764,22.756,22.756,22.756,22.771,22.779,22.794,22.802,22.809,22.817,22.817,22.817,22.817,22.817,22.809,22.802,22.787,22.779,22.771,22.764,22.764,22.764,22.771,22.771,22.779,22.787,22.794,22.794,22.787,22.779,22.779,22.787,22.787,22.779,22.779,22.771,22.756,22.741,22.726,22.718,22.711,22.711,22.711,22.711,22.711,22.711,22.711,22.711,22.711,22.711,22.718,22.726,22.726,22.733,22.741,22.749,22.749,22.749,22.749,22.749,22.749,22.749,22.749,22.749,22.749,22.756,22.756,22.756,22.749,22.749,22.741,22.733,22.718,22.718,22.726,22.756,22.779,22.809,22.824,22.824,22.817,22.794,22.756,22.696,22.627,22.574,22.544,22.566,22.604,22.642,22.673,22.665,22.642,22.627,22.612,22.604,22.604,22.604,22.604,22.612,22.620,22.627,22.635,22.620,22.612,22.604,22.597,22.597,22.604,22.612,22.612,22.620,22.627,22.627,22.635,22.635,22.627,22.627,22.627,22.642,22.665,22.680,22.696,22.711,22.718,22.718,22.718,22.718,22.703,22.703,22.703,22.718,22.733,22.756,22.779,22.787,22.794,22.802,22.817,22.817,22.824,22.832,22.855,22.893,22.931,22.953,22.976,22.984,22.984
,23.640,23.640,23.640,23.632,23.625,23.610,23.602,23.602,23.595,23.587,23.572,23.565,23.557,23.535,23.527,23.512,23.497,23.474,23.452,23.429,23.407,23.392,23.376,23.369,23.361,23.354,23.346,23.331,23.316,23.293,23.286,23.271,23.248,23.233,23.203,23.188,23.165,23.142,23.120,23.105,23.089,23.074,23.059,23.044,23.037,23.037,23.037,23.044,23.044,23.044,23.037,23.021,23.014,22.999,22.991,22.984,22.976,22.961,22.953,22.938,22.931,22.915,22.908,22.908,22.900,22.900,22.900,22.900,22.900,22.900,22.885,22.878,22.862,22.847,22.840,22.832,22.824,22.817,22.809,22.809,22.802,22.794,22.787,22.779,22.771,22.756,22.756,22.741,22.733,22.733,22.726,22.726,22.726,22.718,22.703,22.696,22.680,22.673,22.673,22.665,22.665,22.665,22.650,22.642,22.635,22.627,22.627,22.635,22.642,22.642,22.635,22.627,22.620,22.612,22.604,22.604,22.604,22.604,22.612,22.612,22.620,22.620,22.620,22.620,22.620,22.620,22.612,22.604,22.604,22.612,22.620,22.642,22.658,22.680,22.703,22.726,22.741,22.749,22.726,22.711,22.688,22.665,22.658,22.650,22.658,22.673,22.711,22.756,22.787,22.802,22.787,22.756,22.718,22.696,22.688,22.688,22.696,22.703,22.718,22.733,22.756,22.771,22.779,22.779,22.779,22.779,22.779,22.787,22.787,22.787,22.779,22.771,22.764,22.764,22.764,22.764,22.764,22.764,22.764,22.764,22.756,22.756,22.741,22.733,22.726,22.718,22.733,22.756,22.771,22.771,22.756,22.733,22.711,22.703,22.726,22.749,22.771,22.779,22.764,22.741,22.718,22.711,22.726,22.741,22.764,22.779,22.779,22.771,22.771,22.779,22.787,22.794,22.802,22.809,22.817,22.817,22.817,22.824,22.832,22.832,22.832,22.840,22.847,22.847,22.847,22.855,22.855,22.855,22.855,22.862,22.870,22.885,22.893,22.900,22.900,22.893,22.885,22.885,22.878,22.870,22.870,22.878,22.885,22.908,22.915,22.915,22.893,22.862,22.840,22.832,22.855,22.893,22.923,22.938,22.931,22.908,22.893,22.878,22.878,22.885,22.893,22.893,22.900,22.900,22.900,22.900,22.900,22.893,22.893,22.893,22.893,22.893,22.900,22.900,22.900,22.893,22.885,22.885,22.885,22.885,22.885,22.885,22.878,22.878,22.878,22.878,22.870,22.862,22.855,22.855,22.847,22.840,22.840,22.840,22.840,22.840,22.840,22.840,22.840,22.840,22.832,22.832,22.824,22.817,22.809,22.802,22.802,22.802,22.802,22.802,22.794,22.794,22.794,22.787,22.787,22.787,22.787,22.787,22.779,22.771,22.764,22.764,22.764,22.764,22.764,22.764,22.771,22.771,22.779,22.779,22.771,22.756,22.749,22.749,22.756,22.764,22.771,22.787,22.794,22.802,22.809,22.809,22.809,22.809,22.802,22.802,22.787,22.779,22.771,22.764,22.764,22.764,22.764,22.764,22.771,22.771,22.779,22.794,22.794,22.794,22.794,22.787,22.787,22.787,22.779,22.771,22.764,22.756,22.749,22.733,22.726,22.726,22.718,22.711,22.711,22.711,22.711,22.711,22.711,22.711,22.711,22.726,22.726,22.741,22.749,22.749,22.756,22.756,22.756,22.749,22.749,22.749,22.749,22.749,22.749,22.749,22.756,22.756,22.756,22.749,22.749,22.741,22.741,22.726,22.726,22.733,22.741,22.764,22.787,22.794,22.787,22.779,22.756,22.726,22.680,22.627,22.589,22.566,22.589,22.620,22.658,22.680,22.680,22.665,22.658,22.650,22.642,22.642,22.635,22.635,22.635,22.642,22.642,22.642,22.635,22.627,22.627,22.620,22.627,22.635,22.635,22.642,22.650,22.650,22.650,22.650,22.642,22.635,22.627,22.627,22.635,22.658,22.673,22.688,22.696,22.696,22.703,22.711,22.711,22.718,22.718,22.726,22.733,22.741,22.749,22.764,22.779,22.787,22.802,22.817,22.824,22.824,22.840,22.855,22.900,22.938,22.976,22.999,23.006,23.006
,23.655,23.648,23.640,23.625,23.617,23.602,23.587,23.580,23.565,23.557,23.550,23.542,23.535,23.520,23.512,23.497,23.482,23.467,23.444,23.422,23.399,23.376,23.369,23.361,23.354,23.339,23.331,23.316,23.301,23.286,23.278,23.271,23.256,23.241,23.210,23.195,23.173,23.150,23.127,23.105,23.089,23.074,23.052,23.044,23.037,23.029,23.029,23.037,23.044,23.044,23.037,23.029,23.014,23.006,22.999,22.991,22.984,22.968,22.953,22.946,22.931,22.923,22.923,22.923,22.923,22.923,22.931,22.931,22.931,22.931,22.923,22.915,22.908,22.893,22.885,22.885,22.878,22.870,22.862,22.862,22.855,22.855,22.847,22.840,22.832,22.824,22.817,22.802,22.787,22.771,22.764,22.749,22.741,22.726,22.703,22.680,22.673,22.665,22.665,22.680,22.688,22.688,22.680,22.673,22.665,22.658,22.658,22.658,22.665,22.673,22.665,22.658,22.658,22.650,22.650,22.650,22.642,22.642,22.650,22.650,22.650,22.658,22.658,22.650,22.650,22.642,22.635,22.627,22.620,22.620,22.635,22.642,22.658,22.673,22.688,22.711,22.718,22.718,22.703,22.673,22.650,22.635,22.635,22.635,22.642,22.665,22.711,22.756,22.794,22.809,22.802,22.764,22.733,22.703,22.703,22.703,22.703,22.711,22.726,22.741,22.764,22.779,22.779,22.779,22.779,22.779,22.779,22.787,22.779,22.779,22.771,22.764,22.756,22.749,22.749,22.749,22.749,22.749,22.756,22.756,22.756,22.749,22.741,22.726,22.718,22.711,22.733,22.749,22.764,22.771,22.749,22.726,22.703,22.696,22.711,22.733,22.756,22.771,22.756,22.733,22.711,22.703,22.718,22.733,22.756,22.764,22.764,22.764,22.756,22.764,22.771,22.771,22.779,22.794,22.802,22.802,22.802,22.809,22.817,22.824,22.824,22.824,22.832,22.840,22.840,22.840,22.847,22.847,22.847,22.855,22.862,22.878,22.885,22.893,22.893,22.885,22.885,22.878,22.870,22.862,22.862,22.870,22.878,22.900,22.908,22.908,22.893,22.862,22.847,22.840,22.862,22.893,22.923,22.938,22.931,22.908,22.893,22.885,22.885,22.885,22.885,22.885,22.893,22.893,22.900,22.900,22.893,22.885,22.885,22.878,22.885,22.893,22.900,22.900,22.900,22.885,22.885,22.878,22.878,22.878,22.885,22.878,22.878,22.878,22.870,22.870,22.870,22.862,22.855,22.847,22.847,22.840,22.832,22.832,22.824,22.824,22.824,22.824,22.824,22.824,22.824,22.824,22.817,22.809,22.794,22.787,22.787,22.787,22.787,22.787,22.779,22.779,22.779,22.779,22.779,22.779,22.779,22.779,22.771,22.764,22.764,22.756,22.756,22.756,22.764,22.764,22.764,22.771,22.779,22.771,22.764,22.756,22.749,22.749,22.749,22.764,22.771,22.787,22.794,22.802,22.802,22.802,22.802,22.802,22.802,22.794,22.787,22.779,22.771,22.764,22.764,22.764,22.764,22.764,22.771,22.771,22.779,22.794,22.794,22.802,22.802,22.802,22.794,22.794,22.779,22.771,22.764,22.764,22.756,22.756,22.749,22.749,22.741,22.733,22.726,22.718,22.718,22.718,22.718,22.718,22.726,22.733,22.741,22.749,22.756,22.764,22.764,22.764,22.756,22.756,22.756,22.756,22.749,22.749,22.749,22.756,22.756,22.756,22.756,22.756,22.749,22.749,22.741,22.733,22.733,22.733,22.733,22.749,22.749,22.749,22.741,22.733,22.718,22.696,22.665,22.642,22.627,22.620,22.635,22.673,22.703,22.726,22.726,22.711,22.703,22.696,22.696,22.688,22.688,22.680,22.673,22.673,22.673,22.673,22.665,22.665,22.665,22.665,22.673,22.680,22.688,22.688,22.688,22.688,22.680,22.673,22.658,22.650,22.642,22.635,22.635,22.650,22.665,22.673,22.680,22.680,22.680,22.696,22.711,22.726,22.741,22.756,22.756,22.749,22.749,22.756,22.771,22.787,22.802,22.817,22.824,22.832,22.840,22.862,22.908,22.953,22.991,23.014,23.021,23.021
,23.655,23.648,23.640,23.625,23.610,23.587,23.572,23.557,23.542,23.527,23.520,23.520,23.512,23.505,23.497,23.482,23.467,23.452,23.429,23.407,23.392,23.369,23.354,23.346,23.339,23.324,23.316,23.301,23.286,23.278,23.271,23.271,23.263,23.241,23.226,23.210,23.188,23.165,23.135,23.120,23.097,23.074,23.052,23.044,23.029,23.029,23.029,23.037,23.044,23.044,23.037,23.029,23.021,23.014,23.006,22.999,22.991,22.976,22.961,22.946,22.938,22.923,22.923,22.923,22.931,22.938,22.938,22.946,22.953,22.953,22.946,22.938,22.931,22.923,22.915,22.915,22.908,22.908,22.900,22.893,22.893,22.893,22.885,22.885,22.878,22.870,22.862,22.847,22.824,22.809,22.787,22.764,22.741,22.726,22.696,22.673,22.665,22.658,22.665,22.688,22.703,22.718,22.711,22.696,22.688,22.680,22.673,22.680,22.688,22.688,22.688,22.680,22.680,22.680,22.680,22.673,22.673,22.673,22.673,22.673,22.680,22.680,22.680,22.680,22.673,22.665,22.658,22.642,22.635,22.627,22.635,22.642,22.658,22.665,22.673,22.688,22.696,22.696,22.673,22.642,22.620,22.612,22.612,22.612,22.627,22.658,22.703,22.756,22.802,22.824,22.809,22.779,22.741,22.718,22.711,22.711,22.711,22.718,22.726,22.749,22.764,22.779,22.779,22.779,22.779,22.771,22.779,22.779,22.779,22.771,22.764,22.756,22.749,22.741,22.741,22.741,22.741,22.741,22.749,22.756,22.756,22.749,22.741,22.726,22.711,22.711,22.726,22.749,22.764,22.764,22.749,22.718,22.703,22.688,22.703,22.726,22.749,22.756,22.741,22.718,22.711,22.703,22.711,22.733,22.749,22.756,22.749,22.749,22.741,22.749,22.749,22.756,22.764,22.779,22.779,22.779,22.787,22.794,22.802,22.809,22.817,22.817,22.824,22.824,22.832,22.832,22.840,22.840,22.840,22.847,22.855,22.862,22.870,22.878,22.878,22.878,22.870,22.870,22.862,22.862,22.855,22.855,22.870,22.885,22.900,22.908,22.893,22.862,22.847,22.847,22.862,22.893,22.915,22.923,22.923,22.908,22.893,22.885,22.885,22.878,22.878,22.878,22.885,22.893,22.893,22.893,22.893,22.885,22.878,22.878,22.878,22.893,22.893,22.893,22.893,22.885,22.878,22.878,22.878,22.878,22.885,22.878,22.878,22.878,22.870,22.870,22.870,22.862,22.862,22.855,22.847,22.840,22.832,22.824,22.817,22.817,22.809,22.809,22.817,22.817,22.817,22.817,22.809,22.802,22.787,22.779,22.771,22.771,22.771,22.764,22.764,22.771,22.771,22.771,22.771,22.771,22.771,22.771,22.764,22.756,22.756,22.749,22.749,22.756,22.756,22.764,22.764,22.771,22.771,22.771,22.764,22.756,22.749,22.749,22.756,22.764,22.771,22.787,22.794,22.794,22.802,22.802,22.794,22.794,22.794,22.787,22.779,22.779,22.771,22.771,22.771,22.771,22.771,22.771,22.771,22.779,22.779,22.787,22.794,22.802,22.809,22.809,22.802,22.794,22.787,22.771,22.771,22.771,22.771,22.771,22.764,22.756,22.756,22.749,22.733,22.726,22.726,22.726,22.726,22.733,22.733,22.741,22.756,22.764,22.764,22.771,22.771,22.764,22.756,22.756,22.756,22.756,22.756,22.756,22.756,22.756,22.764,22.756,22.756,22.756,22.749,22.749,22.741,22.741,22.733,22.726,22.718,22.726,22.718,22.711,22.696,22.680,22.673,22.665,22.658,22.650,22.658,22.665,22.680,22.711,22.733,22.756,22.756,22.749,22.741,22.733,22.733,22.726,22.718,22.711,22.703,22.703,22.696,22.696,22.696,22.696,22.696,22.703,22.711,22.718,22.726,22.726,22.718,22.718,22.711,22.696,22.680,22.665,22.658,22.642,22.642,22.650,22.658,22.665,22.665,22.665,22.673,22.680,22.711,22.733,22.756,22.771,22.771,22.764,22.756,22.756,22.764,22.779,22.802,22.824,22.832,22.832,22.847,22.870,22.915,22.961,22.999,23.029,23.037,23.037
,23.655,23.648,23.640,23.617,23.595,23.572,23.557,23.535,23.520,23.505,23.489,23.497,23.497,23.489,23.482,23.467,23.452,23.437,23.414,23.399,23.384,23.361,23.346,23.339,23.331,23.316,23.301,23.286,23.278,23.271,23.271,23.271,23.263,23.248,23.241,23.226,23.203,23.173,23.150,23.127,23.105,23.082,23.059,23.044,23.037,23.021,23.021,23.029,23.037,23.037,23.029,23.029,23.021,23.014,23.006,22.999,22.991,22.984,22.961,22.946,22.931,22.915,22.915,22.915,22.923,22.931,22.938,22.938,22.946,22.946,22.946,22.938,22.931,22.923,22.915,22.915,22.915,22.908,22.900,22.900,22.893,22.893,22.893,22.900,22.893,22.893,22.878,22.870,22.847,22.824,22.802,22.771,22.741,22.718,22.688,22.665,22.658,22.650,22.665,22.696,22.718,22.726,22.726,22.711,22.696,22.688,22.680,22.688,22.688,22.696,22.688,22.688,22.688,22.688,22.688,22.680,22.680,22.680,22.680,22.688,22.688,22.688,22.688,22.680,22.680,22.673,22.658,22.642,22.635,22.627,22.627,22.635,22.642,22.650,22.658,22.665,22.673,22.673,22.642,22.612,22.589,22.582,22.582,22.589,22.612,22.642,22.696,22.756,22.802,22.824,22.817,22.779,22.749,22.718,22.718,22.711,22.711,22.718,22.726,22.741,22.756,22.771,22.771,22.771,22.764,22.764,22.764,22.764,22.764,22.764,22.756,22.749,22.741,22.741,22.741,22.741,22.741,22.741,22.741,22.749,22.749,22.749,22.741,22.726,22.711,22.711,22.718,22.741,22.756,22.756,22.741,22.718,22.696,22.688,22.696,22.718,22.733,22.741,22.733,22.718,22.703,22.703,22.711,22.726,22.733,22.741,22.741,22.733,22.726,22.726,22.733,22.741,22.749,22.756,22.764,22.764,22.771,22.779,22.787,22.794,22.802,22.802,22.809,22.817,22.817,22.817,22.824,22.824,22.832,22.832,22.840,22.855,22.862,22.862,22.862,22.862,22.862,22.855,22.855,22.855,22.847,22.855,22.862,22.878,22.893,22.900,22.893,22.862,22.847,22.840,22.855,22.878,22.900,22.908,22.908,22.900,22.893,22.885,22.885,22.878,22.870,22.870,22.878,22.885,22.893,22.893,22.893,22.885,22.878,22.878,22.878,22.885,22.893,22.893,22.893,22.885,22.878,22.878,22.878,22.878,22.885,22.885,22.885,22.878,22.878,22.878,22.870,22.870,22.862,22.862,22.847,22.847,22.840,22.832,22.817,22.809,22.809,22.809,22.809,22.809,22.809,22.809,22.802,22.787,22.779,22.764,22.764,22.756,22.756,22.749,22.749,22.756,22.756,22.756,22.764,22.764,22.764,22.764,22.756,22.749,22.741,22.741,22.741,22.749,22.756,22.756,22.756,22.764,22.764,22.764,22.764,22.756,22.756,22.756,22.756,22.764,22.771,22.787,22.787,22.794,22.794,22.794,22.794,22.787,22.787,22.779,22.779,22.779,22.779,22.779,22.779,22.779,22.779,22.779,22.779,22.779,22.779,22.787,22.794,22.809,22.809,22.809,22.809,22.794,22.787,22.779,22.779,22.779,22.771,22.771,22.771,22.764,22.756,22.749,22.741,22.733,22.726,22.726,22.726,22.733,22.741,22.756,22.756,22.764,22.764,22.764,22.764,22.764,22.756,22.749,22.749,22.749,22.749,22.749,22.749,22.756,22.756,22.756,22.749,22.749,22.741,22.741,22.733,22.733,22.726,22.718,22.703,22.703,22.688,22.673,22.658,22.650,22.642,22.642,22.642,22.650,22.665,22.688,22.711,22.733,22.749,22.764,22.764,22.764,22.764,22.756,22.749,22.741,22.733,22.726,22.711,22.711,22.711,22.711,22.711,22.711,22.718,22.726,22.733,22.741,22.741,22.741,22.741,22.733,22.726,22.711,22.696,22.680,22.665,22.658,22.658,22.658,22.658,22.665,22.658,22.658,22.665,22.673,22.703,22.733,22.764,22.779,22.779,22.771,22.756,22.756,22.764,22.779,22.794,22.824,22.832,22.840,22.855,22.885,22.931,22.976,23.006,23.037,23.044,23.044
,23.640,23.640,23.625,23.610,23.587,23.565,23.542,23.527,23.505,23.489,23.482,23.482,23.489,23.482,23.467,23.459,23.437,23.414,23.399,23.392,23.376,23.361,23.346,23.331,23.324,23.301,23.293,23.278,23.271,23.271,23.271,23.271,23.263,23.256,23.248,23.233,23.218,23.195,23.173,23.150,23.127,23.105,23.074,23.052,23.037,23.021,23.014,23.014,23.021,23.021,23.021,23.014,23.006,23.006,22.999,22.991,22.984,22.961,22.938,22.923,22.908,22.893,22.885,22.885,22.893,22.893,22.893,22.893,22.900,22.900,22.893,22.885,22.878,22.870,22.862,22.855,22.855,22.855,22.847,22.840,22.840,22.840,22.847,22.855,22.855,22.855,22.847,22.840,22.824,22.802,22.779,22.749,22.726,22.696,22.673,22.658,22.642,22.642,22.658,22.688,22.711,22.726,22.718,22.703,22.688,22.673,22.673,22.673,22.673,22.665,22.665,22.658,22.658,22.650,22.650,22.650,22.650,22.650,22.650,22.658,22.658,22.658,22.658,22.658,22.658,22.650,22.642,22.635,22.620,22.620,22.620,22.620,22.627,22.635,22.642,22.658,22.658,22.650,22.627,22.597,22.574,22.559,22.566,22.574,22.597,22.627,22.688,22.741,22.787,22.817,22.802,22.771,22.741,22.718,22.711,22.711,22.711,22.718,22.718,22.733,22.749,22.756,22.764,22.756,22.756,22.756,22.756,22.756,22.756,22.756,22.749,22.741,22.741,22.741,22.741,22.741,22.741,22.741,22.741,22.749,22.749,22.741,22.741,22.726,22.718,22.718,22.718,22.741,22.756,22.756,22.741,22.718,22.703,22.688,22.696,22.711,22.718,22.726,22.726,22.711,22.703,22.711,22.711,22.726,22.733,22.741,22.733,22.718,22.711,22.711,22.718,22.726,22.741,22.749,22.756,22.756,22.764,22.771,22.779,22.779,22.787,22.794,22.802,22.802,22.809,22.809,22.817,22.817,22.817,22.824,22.832,22.840,22.847,22.855,22.855,22.847,22.847,22.847,22.847,22.847,22.847,22.855,22.862,22.878,22.893,22.893,22.878,22.855,22.832,22.824,22.840,22.855,22.870,22.885,22.885,22.885,22.885,22.885,22.878,22.862,22.862,22.862,22.870,22.878,22.893,22.893,22.893,22.893,22.885,22.878,22.878,22.885,22.893,22.893,22.893,22.885,22.885,22.885,22.885,22.885,22.893,22.893,22.885,22.885,22.885,22.878,22.878,22.878,22.878,22.870,22.862,22.862,22.855,22.840,22.832,22.824,22.817,22.809,22.809,22.809,22.802,22.802,22.787,22.779,22.771,22.764,22.756,22.749,22.741,22.741,22.741,22.741,22.749,22.756,22.756,22.756,22.756,22.756,22.749,22.741,22.733,22.733,22.741,22.741,22.741,22.749,22.756,22.756,22.764,22.764,22.764,22.756,22.756,22.756,22.756,22.764,22.771,22.779,22.787,22.787,22.787,22.794,22.794,22.787,22.787,22.779,22.779,22.779,22.779,22.779,22.779,22.779,22.779,22.779,22.779,22.779,22.779,22.787,22.794,22.802,22.809,22.809,22.809,22.794,22.787,22.779,22.779,22.779,22.771,22.771,22.764,22.756,22.749,22.741,22.733,22.726,22.726,22.726,22.726,22.733,22.741,22.749,22.756,22.756,22.764,22.764,22.756,22.749,22.741,22.741,22.741,22.741,22.749,22.749,22.749,22.749,22.749,22.749,22.741,22.733,22.726,22.718,22.718,22.718,22.711,22.703,22.696,22.688,22.680,22.658,22.642,22.635,22.627,22.620,22.627,22.635,22.650,22.665,22.688,22.711,22.726,22.741,22.749,22.741,22.733,22.726,22.718,22.711,22.703,22.688,22.688,22.696,22.703,22.711,22.711,22.711,22.711,22.711,22.726,22.726,22.733,22.733,22.733,22.726,22.718,22.711,22.703,22.696,22.680,22.673,22.673,22.673,22.673,22.673,22.673,22.673,22.673,22.688,22.703,22.726,22.749,22.764,22.771,22.771,22.771,22.771,22.779,22.787,22.802,22.817,22.832,22.847,22.862,22.893,22.938,22.984,23.014,23.037,23.037,23.044
,23.632,23.625,23.617,23.602,23.580,23.557,23.535,23.520,23.505,23.482,23.482,23.482,23.482,23.482,23.459,23.444,23.422,23.407,23.392,23.392,23.376,23.361,23.346,23.331,23.316,23.301,23.286,23.278,23.271,23.263,23.263,23.263,23.263,23.256,23.248,23.241,23.226,23.210,23.188,23.165,23.142,23.112,23.082,23.059,23.044,23.021,23.006,23.006,23.006,23.006,22.999,22.999,22.999,22.991,22.984,22.976,22.961,22.938,22.915,22.900,22.878,22.862,22.847,22.847,22.840,22.840,22.840,22.832,22.832,22.824,22.817,22.809,22.802,22.794,22.779,22.779,22.771,22.764,22.764,22.756,22.756,22.764,22.771,22.779,22.787,22.787,22.794,22.794,22.787,22.771,22.749,22.726,22.703,22.680,22.658,22.642,22.635,22.635,22.658,22.673,22.696,22.703,22.696,22.680,22.658,22.650,22.642,22.642,22.635,22.635,22.627,22.620,22.612,22.604,22.604,22.604,22.604,22.612,22.612,22.620,22.620,22.627,22.627,22.627,22.627,22.620,22.620,22.612,22.604,22.604,22.604,22.604,22.612,22.620,22.627,22.642,22.650,22.642,22.620,22.589,22.566,22.544,22.551,22.566,22.582,22.620,22.673,22.733,22.779,22.809,22.794,22.764,22.726,22.703,22.703,22.703,22.711,22.711,22.718,22.726,22.733,22.741,22.749,22.741,22.741,22.741,22.741,22.749,22.749,22.749,22.749,22.741,22.741,22.741,22.741,22.749,22.749,22.749,22.749,22.749,22.749,22.749,22.741,22.733,22.726,22.726,22.733,22.741,22.756,22.756,22.741,22.726,22.711,22.703,22.696,22.703,22.711,22.711,22.718,22.711,22.711,22.718,22.726,22.733,22.733,22.733,22.733,22.718,22.711,22.711,22.711,22.718,22.733,22.741,22.749,22.756,22.764,22.771,22.771,22.779,22.779,22.787,22.794,22.802,22.802,22.809,22.809,22.809,22.817,22.817,22.824,22.832,22.832,22.840,22.840,22.840,22.832,22.840,22.840,22.847,22.855,22.855,22.870,22.885,22.885,22.885,22.870,22.840,22.817,22.809,22.817,22.824,22.847,22.855,22.862,22.862,22.870,22.870,22.862,22.855,22.855,22.855,22.862,22.878,22.893,22.900,22.900,22.900,22.893,22.893,22.893,22.893,22.893,22.893,22.893,22.893,22.893,22.900,22.900,22.900,22.908,22.908,22.900,22.900,22.900,22.893,22.893,22.893,22.893,22.885,22.885,22.878,22.870,22.855,22.847,22.840,22.832,22.817,22.809,22.802,22.794,22.787,22.779,22.771,22.764,22.756,22.756,22.749,22.741,22.741,22.741,22.741,22.741,22.749,22.749,22.749,22.749,22.749,22.741,22.741,22.733,22.733,22.733,22.733,22.733,22.741,22.749,22.756,22.764,22.764,22.764,22.764,22.756,22.756,22.756,22.764,22.764,22.771,22.779,22.779,22.779,22.787,22.787,22.787,22.787,22.787,22.787,22.787,22.787,22.787,22.787,22.787,22.787,22.787,22.787,22.787,22.787,22.787,22.794,22.802,22.802,22.809,22.802,22.794,22.787,22.771,22.771,22.764,22.764,22.756,22.749,22.741,22.733,22.733,22.726,22.718,22.718,22.718,22.726,22.733,22.733,22.741,22.749,22.749,22.749,22.749,22.741,22.733,22.726,22.726,22.726,22.733,22.733,22.733,22.733,22.733,22.733,22.733,22.726,22.711,22.703,22.696,22.696,22.696,22.696,22.688,22.680,22.680,22.673,22.665,22.650,22.627,22.620,22.612,22.612,22.612,22.620,22.627,22.650,22.673,22.696,22.711,22.718,22.711,22.696,22.688,22.673,22.658,22.650,22.642,22.658,22.673,22.688,22.696,22.696,22.688,22.688,22.688,22.696,22.696,22.703,22.703,22.703,22.711,22.703,22.703,22.703,22.696,22.696,22.688,22.696,22.696,22.696,22.696,22.696,22.696,22.696,22.703,22.703,22.711,22.718,22.733,22.749,22.764,22.779,22.794,22.794,22.794,22.794,22.809,22.832,22.855,22.878,22.908,22.953,22.984,23.006,23.021,23.029,23.029
,23.617,23.617,23.610,23.595,23.580,23.557,23.535,23.520,23.505,23.489,23.482,23.482,23.482,23.474,23.452,23.429,23.414,23.399,23.384,23.384,23.384,23.369,23.346,23.331,23.316,23.293,23.286,23.271,23.263,23.263,23.263,23.263,23.263,23.256,23.256,23.248,23.241,23.218,23.203,23.180,23.158,23.127,23.097,23.074,23.044,23.021,23.006,22.999,22.991,22.991,22.984,22.984,22.984,22.984,22.968,22.961,22.938,22.915,22.893,22.878,22.855,22.832,22.817,22.809,22.802,22.794,22.787,22.787,22.779,22.771,22.756,22.749,22.741,22.726,22.711,22.711,22.703,22.696,22.688,22.688,22.696,22.696,22.703,22.718,22.726,22.733,22.741,22.749,22.749,22.741,22.726,22.703,22.680,22.658,22.642,22.635,22.635,22.635,22.650,22.665,22.673,22.680,22.665,22.650,22.635,22.627,22.612,22.612,22.604,22.597,22.582,22.574,22.566,22.559,22.559,22.559,22.566,22.566,22.574,22.582,22.589,22.589,22.589,22.589,22.589,22.589,22.589,22.582,22.582,22.582,22.589,22.589,22.597,22.597,22.612,22.627,22.642,22.635,22.612,22.582,22.551,22.536,22.536,22.551,22.566,22.604,22.658,22.718,22.764,22.794,22.787,22.749,22.718,22.688,22.688,22.696,22.703,22.703,22.711,22.711,22.718,22.726,22.726,22.726,22.726,22.726,22.726,22.733,22.741,22.741,22.741,22.741,22.749,22.749,22.749,22.749,22.756,22.756,22.756,22.756,22.749,22.749,22.741,22.733,22.733,22.733,22.741,22.741,22.749,22.749,22.741,22.733,22.718,22.711,22.703,22.703,22.703,22.703,22.711,22.711,22.718,22.726,22.726,22.733,22.733,22.733,22.726,22.718,22.711,22.711,22.711,22.718,22.726,22.733,22.749,22.749,22.756,22.764,22.771,22.771,22.771,22.779,22.787,22.787,22.794,22.802,22.802,22.809,22.809,22.809,22.817,22.817,22.817,22.817,22.824,22.824,22.824,22.832,22.840,22.847,22.855,22.855,22.870,22.878,22.878,22.870,22.855,22.832,22.809,22.802,22.802,22.809,22.824,22.832,22.840,22.847,22.862,22.862,22.855,22.855,22.847,22.847,22.862,22.878,22.893,22.908,22.908,22.908,22.900,22.900,22.900,22.893,22.893,22.893,22.893,22.893,22.900,22.908,22.908,22.908,22.915,22.915,22.915,22.908,22.908,22.908,22.908,22.900,22.900,22.900,22.893,22.885,22.878,22.870,22.862,22.855,22.840,22.832,22.817,22.802,22.787,22.779,22.771,22.764,22.764,22.756,22.749,22.749,22.741,22.733,22.733,22.733,22.741,22.741,22.741,22.741,22.741,22.741,22.733,22.733,22.733,22.733,22.733,22.726,22.726,22.733,22.741,22.749,22.756,22.764,22.764,22.764,22.756,22.749,22.756,22.756,22.764,22.764,22.771,22.771,22.779,22.779,22.779,22.787,22.787,22.787,22.787,22.787,22.787,22.787,22.787,22.794,22.794,22.787,22.787,22.787,22.779,22.779,22.787,22.787,22.794,22.794,22.787,22.787,22.779,22.771,22.764,22.756,22.749,22.741,22.733,22.726,22.718,22.718,22.718,22.711,22.711,22.711,22.718,22.726,22.733,22.733,22.741,22.741,22.741,22.741,22.733,22.718,22.711,22.711,22.711,22.718,22.726,22.726,22.726,22.726,22.718,22.711,22.711,22.696,22.680,22.673,22.673,22.673,22.673,22.673,22.673,22.673,22.673,22.665,22.650,22.635,22.620,22.604,22.597,22.597,22.597,22.604,22.627,22.642,22.665,22.680,22.680,22.673,22.665,22.650,22.635,22.612,22.604,22.604,22.620,22.642,22.665,22.680,22.680,22.673,22.665,22.658,22.665,22.665,22.673,22.673,22.680,22.680,22.688,22.688,22.696,22.696,22.703,22.703,22.711,22.711,22.711,22.711,22.711,22.711,22.711,22.711,22.703,22.696,22.696,22.711,22.733,22.764,22.787,22.809,22.809,22.802,22.794,22.809,22.832,22.855,22.885,22.923,22.961,22.984,22.999,23.014,23.021,23.021
,23.610,23.602,23.602,23.587,23.572,23.557,23.535,23.520,23.512,23.489,23.482,23.482,23.474,23.467,23.444,23.429,23.407,23.392,23.384,23.384,23.384,23.369,23.354,23.339,23.316,23.293,23.286,23.271,23.263,23.263,23.263,23.263,23.263,23.256,23.256,23.256,23.241,23.226,23.210,23.195,23.165,23.135,23.105,23.082,23.052,23.029,23.006,22.999,22.984,22.984,22.976,22.976,22.976,22.976,22.961,22.946,22.931,22.908,22.885,22.862,22.840,22.824,22.802,22.802,22.794,22.779,22.771,22.764,22.749,22.741,22.726,22.718,22.703,22.688,22.673,22.665,22.665,22.658,22.650,22.650,22.650,22.658,22.673,22.680,22.696,22.703,22.718,22.718,22.726,22.718,22.711,22.688,22.673,22.658,22.642,22.642,22.642,22.642,22.642,22.658,22.658,22.658,22.650,22.627,22.620,22.604,22.589,22.582,22.574,22.566,22.544,22.536,22.528,22.521,22.521,22.528,22.536,22.536,22.544,22.551,22.559,22.559,22.559,22.559,22.559,22.559,22.559,22.559,22.566,22.566,22.566,22.574,22.574,22.582,22.597,22.620,22.627,22.627,22.604,22.566,22.536,22.521,22.521,22.536,22.559,22.589,22.642,22.703,22.749,22.779,22.764,22.733,22.696,22.673,22.673,22.680,22.688,22.688,22.696,22.696,22.696,22.703,22.703,22.703,22.703,22.703,22.711,22.718,22.718,22.726,22.733,22.741,22.741,22.749,22.749,22.749,22.756,22.756,22.749,22.749,22.749,22.741,22.741,22.741,22.749,22.741,22.741,22.733,22.733,22.733,22.726,22.726,22.726,22.726,22.718,22.703,22.703,22.696,22.696,22.703,22.711,22.718,22.726,22.726,22.726,22.726,22.718,22.711,22.711,22.711,22.711,22.711,22.718,22.726,22.733,22.741,22.749,22.756,22.756,22.756,22.756,22.756,22.771,22.779,22.787,22.787,22.794,22.794,22.802,22.802,22.802,22.802,22.802,22.802,22.802,22.809,22.809,22.809,22.824,22.832,22.840,22.847,22.862,22.862,22.855,22.847,22.840,22.824,22.809,22.802,22.802,22.809,22.809,22.817,22.824,22.847,22.855,22.862,22.855,22.847,22.840,22.840,22.855,22.870,22.885,22.900,22.900,22.900,22.900,22.893,22.893,22.885,22.885,22.885,22.885,22.893,22.893,22.900,22.900,22.908,22.908,22.908,22.908,22.908,22.908,22.900,22.900,22.900,22.900,22.900,22.893,22.893,22.885,22.878,22.862,22.862,22.847,22.832,22.817,22.794,22.787,22.771,22.764,22.756,22.756,22.756,22.749,22.741,22.733,22.726,22.726,22.726,22.733,22.733,22.726,22.726,22.726,22.726,22.726,22.733,22.741,22.733,22.733,22.718,22.711,22.711,22.726,22.741,22.749,22.756,22.756,22.756,22.749,22.741,22.749,22.749,22.756,22.764,22.764,22.771,22.779,22.779,22.779,22.779,22.779,22.779,22.779,22.779,22.779,22.779,22.787,22.787,22.787,22.787,22.779,22.779,22.771,22.771,22.771,22.771,22.771,22.771,22.771,22.771,22.771,22.771,22.756,22.749,22.741,22.726,22.718,22.711,22.703,22.703,22.703,22.703,22.703,22.711,22.711,22.718,22.726,22.726,22.726,22.726,22.726,22.726,22.718,22.703,22.696,22.688,22.696,22.703,22.711,22.711,22.711,22.711,22.703,22.696,22.688,22.673,22.665,22.658,22.650,22.650,22.658,22.658,22.658,22.665,22.665,22.658,22.650,22.635,22.620,22.604,22.589,22.582,22.582,22.589,22.604,22.620,22.635,22.650,22.650,22.642,22.635,22.620,22.604,22.582,22.574,22.574,22.589,22.620,22.650,22.665,22.665,22.650,22.642,22.635,22.635,22.642,22.642,22.642,22.650,22.658,22.665,22.673,22.688,22.696,22.696,22.703,22.711,22.711,22.711,22.711,22.718,22.718,22.718,22.711,22.703,22.688,22.680,22.688,22.718,22.756,22.794,22.817,22.817,22.809,22.802,22.809,22.832,22.862,22.893,22.931,22.961,22.984,22.999,23.006,23.006,23.006
,23.602,23.602,23.595,23.587,23.572,23.557,23.542,23.527,23.512,23.497,23.489,23.482,23.474,23.459,23.437,23.422,23.407,23.384,23.384,23.384,23.376,23.369,23.354,23.339,23.316,23.301,23.286,23.278,23.271,23.263,23.263,23.263,23.263,23.256,23.256,23.248,23.241,23.226,23.210,23.195,23.173,23.142,23.112,23.089,23.067,23.044,23.021,23.006,22.999,22.984,22.984,22.991,22.991,22.984,22.976,22.953,22.938,22.923,22.900,22.878,22.862,22.847,22.832,22.832,22.824,22.817,22.802,22.794,22.787,22.771,22.756,22.741,22.726,22.711,22.696,22.688,22.680,22.673,22.673,22.673,22.673,22.680,22.696,22.703,22.711,22.718,22.726,22.733,22.733,22.733,22.718,22.696,22.680,22.665,22.658,22.650,22.642,22.642,22.642,22.642,22.650,22.650,22.635,22.620,22.612,22.589,22.574,22.566,22.551,22.536,22.521,22.513,22.506,22.506,22.506,22.513,22.521,22.528,22.536,22.536,22.536,22.544,22.544,22.544,22.544,22.544,22.544,22.544,22.544,22.551,22.551,22.551,22.551,22.559,22.582,22.597,22.612,22.612,22.582,22.551,22.528,22.513,22.513,22.528,22.551,22.582,22.635,22.688,22.733,22.764,22.749,22.718,22.680,22.650,22.650,22.658,22.665,22.673,22.673,22.673,22.673,22.680,22.680,22.673,22.673,22.680,22.688,22.696,22.696,22.703,22.718,22.726,22.733,22.749,22.749,22.749,22.749,22.749,22.749,22.741,22.741,22.741,22.741,22.741,22.749,22.741,22.726,22.711,22.696,22.696,22.703,22.718,22.733,22.741,22.726,22.711,22.703,22.696,22.688,22.688,22.696,22.696,22.696,22.703,22.703,22.703,22.711,22.711,22.711,22.711,22.711,22.711,22.711,22.711,22.718,22.718,22.718,22.726,22.733,22.741,22.741,22.749,22.756,22.764,22.771,22.779,22.787,22.787,22.787,22.787,22.787,22.787,22.787,22.787,22.787,22.787,22.787,22.794,22.809,22.817,22.817,22.824,22.824,22.824,22.817,22.817,22.824,22.824,22.824,22.832,22.832,22.824,22.817,22.824,22.832,22.847,22.862,22.870,22.862,22.855,22.840,22.840,22.847,22.870,22.878,22.885,22.885,22.878,22.878,22.870,22.862,22.862,22.862,22.862,22.862,22.862,22.870,22.870,22.878,22.878,22.878,22.885,22.885,22.893,22.893,22.893,22.893,22.893,22.885,22.885,22.885,22.878,22.870,22.862,22.855,22.847,22.832,22.817,22.802,22.787,22.779,22.764,22.756,22.756,22.749,22.749,22.741,22.733,22.726,22.726,22.726,22.726,22.726,22.726,22.726,22.718,22.718,22.718,22.726,22.741,22.741,22.741,22.733,22.718,22.703,22.696,22.711,22.726,22.741,22.756,22.756,22.741,22.733,22.733,22.741,22.749,22.756,22.764,22.764,22.771,22.779,22.779,22.779,22.779,22.779,22.779,22.779,22.779,22.779,22.779,22.779,22.779,22.779,22.779,22.771,22.764,22.756,22.756,22.749,22.749,22.749,22.749,22.749,22.756,22.756,22.756,22.749,22.741,22.726,22.718,22.703,22.696,22.688,22.688,22.688,22.688,22.696,22.703,22.711,22.711,22.718,22.718,22.726,22.726,22.718,22.718,22.703,22.688,22.673,22.665,22.673,22.680,22.696,22.703,22.703,22.696,22.688,22.688,22.673,22.665,22.650,22.642,22.642,22.642,22.642,22.650,22.650,22.650,22.658,22.650,22.642,22.627,22.620,22.604,22.597,22.597,22.597,22.597,22.604,22.620,22.627,22.635,22.635,22.627,22.620,22.612,22.597,22.582,22.574,22.574,22.589,22.612,22.635,22.650,22.650,22.635,22.627,22.620,22.612,22.620,22.620,22.627,22.635,22.642,22.650,22.658,22.665,22.673,22.673,22.680,22.688,22.696,22.696,22.696,22.703,22.703,22.703,22.703,22.688,22.680,22.680,22.688,22.718,22.756,22.787,22.817,22.817,22.809,22.802,22.809,22.840,22.862,22.893,22.923,22.953,22.976,22.984,22.999,23.006,23.006
,23.595,23.595,23.595,23.587,23.580,23.565,23.550,23.542,23.527,23.505,23.489,23.489,23.474,23.459,23.437,23.422,23.407,23.392,23.384,23.384,23.384,23.369,23.354,23.339,23.324,23.309,23.293,23.286,23.278,23.278,23.271,23.263,23.263,23.256,23.248,23.241,23.233,23.218,23.203,23.188,23.165,23.142,23.120,23.105,23.082,23.059,23.037,23.029,23.014,23.006,22.999,23.006,23.006,22.999,22.991,22.976,22.961,22.946,22.923,22.908,22.893,22.885,22.878,22.878,22.878,22.870,22.862,22.855,22.840,22.824,22.809,22.794,22.779,22.764,22.749,22.741,22.726,22.726,22.718,22.726,22.726,22.733,22.741,22.741,22.749,22.756,22.756,22.756,22.756,22.749,22.733,22.718,22.703,22.688,22.673,22.658,22.650,22.650,22.642,22.642,22.642,22.635,22.627,22.620,22.604,22.589,22.566,22.551,22.536,22.521,22.513,22.498,22.498,22.506,22.506,22.506,22.513,22.528,22.528,22.528,22.536,22.536,22.528,22.528,22.528,22.528,22.528,22.528,22.528,22.536,22.536,22.536,22.544,22.551,22.566,22.589,22.604,22.604,22.574,22.544,22.521,22.506,22.506,22.521,22.544,22.574,22.627,22.680,22.718,22.741,22.733,22.696,22.658,22.635,22.627,22.635,22.642,22.642,22.650,22.650,22.658,22.665,22.658,22.658,22.658,22.658,22.665,22.673,22.680,22.688,22.703,22.718,22.733,22.741,22.749,22.741,22.741,22.733,22.733,22.733,22.733,22.726,22.733,22.741,22.741,22.733,22.711,22.688,22.665,22.658,22.673,22.703,22.733,22.756,22.749,22.726,22.711,22.688,22.680,22.673,22.673,22.665,22.665,22.665,22.673,22.680,22.696,22.703,22.718,22.718,22.718,22.711,22.703,22.703,22.703,22.696,22.696,22.703,22.711,22.718,22.726,22.733,22.741,22.749,22.756,22.764,22.771,22.779,22.779,22.779,22.771,22.771,22.771,22.771,22.771,22.771,22.771,22.779,22.787,22.794,22.794,22.802,22.794,22.787,22.779,22.787,22.809,22.832,22.855,22.870,22.870,22.855,22.840,22.840,22.855,22.870,22.885,22.885,22.878,22.862,22.847,22.840,22.847,22.855,22.862,22.870,22.862,22.855,22.840,22.840,22.832,22.832,22.832,22.832,22.832,22.832,22.840,22.840,22.847,22.847,22.847,22.855,22.855,22.862,22.870,22.870,22.870,22.870,22.870,22.870,22.862,22.855,22.847,22.840,22.832,22.824,22.817,22.802,22.794,22.779,22.771,22.764,22.756,22.749,22.749,22.741,22.733,22.726,22.726,22.718,22.718,22.718,22.726,22.718,22.718,22.711,22.711,22.711,22.726,22.741,22.749,22.749,22.733,22.711,22.696,22.688,22.696,22.718,22.733,22.749,22.741,22.733,22.718,22.718,22.733,22.749,22.756,22.764,22.779,22.779,22.779,22.779,22.779,22.771,22.771,22.764,22.764,22.764,22.764,22.764,22.764,22.771,22.771,22.764,22.756,22.756,22.749,22.741,22.733,22.726,22.726,22.718,22.726,22.733,22.741,22.741,22.733,22.726,22.718,22.703,22.696,22.680,22.673,22.673,22.673,22.680,22.688,22.696,22.703,22.711,22.711,22.711,22.718,22.718,22.718,22.711,22.696,22.680,22.665,22.650,22.658,22.673,22.680,22.688,22.688,22.688,22.680,22.673,22.665,22.658,22.642,22.635,22.635,22.635,22.635,22.642,22.642,22.650,22.650,22.650,22.635,22.627,22.612,22.612,22.612,22.612,22.620,22.627,22.620,22.620,22.620,22.620,22.620,22.620,22.620,22.620,22.604,22.589,22.582,22.582,22.597,22.612,22.627,22.635,22.635,22.620,22.604,22.604,22.597,22.597,22.604,22.612,22.620,22.620,22.627,22.635,22.635,22.642,22.650,22.658,22.658,22.665,22.665,22.673,22.673,22.673,22.680,22.680,22.680,22.680,22.688,22.703,22.726,22.756,22.787,22.802,22.809,22.802,22.802,22.817,22.840,22.862,22.885,22.915,22.946,22.968,22.984,22.991,22.999,22.999
,23.595,23.595,23.595,23.587,23.580,23.572,23.557,23.550,23.535,23.520,23.505,23.489,23.474,23.459,23.437,23.429,23.414,23.399,23.384,23.384,23.384,23.376,23.354,23.346,23.331,23.316,23.301,23.293,23.286,23.278,23.271,23.263,23.256,23.248,23.241,23.226,23.218,23.203,23.188,23.173,23.158,23.135,23.120,23.105,23.089,23.067,23.052,23.037,23.029,23.021,23.014,23.021,23.021,23.014,22.999,22.991,22.976,22.961,22.946,22.931,22.923,22.915,22.915,22.915,22.915,22.915,22.908,22.900,22.885,22.870,22.855,22.840,22.824,22.809,22.794,22.779,22.771,22.764,22.764,22.764,22.771,22.771,22.779,22.779,22.779,22.787,22.787,22.779,22.779,22.764,22.756,22.733,22.718,22.703,22.688,22.673,22.665,22.650,22.642,22.635,22.635,22.627,22.620,22.612,22.597,22.582,22.559,22.544,22.521,22.506,22.498,22.490,22.490,22.498,22.498,22.506,22.513,22.521,22.521,22.528,22.528,22.521,22.521,22.521,22.513,22.506,22.506,22.506,22.513,22.513,22.521,22.521,22.528,22.536,22.551,22.574,22.589,22.589,22.566,22.536,22.513,22.498,22.506,22.513,22.536,22.566,22.620,22.665,22.703,22.726,22.711,22.673,22.635,22.612,22.604,22.612,22.620,22.627,22.627,22.635,22.642,22.642,22.642,22.642,22.642,22.642,22.642,22.650,22.658,22.673,22.688,22.711,22.726,22.733,22.741,22.733,22.726,22.726,22.726,22.726,22.718,22.718,22.733,22.741,22.741,22.726,22.696,22.658,22.635,22.627,22.650,22.696,22.733,22.756,22.756,22.733,22.703,22.680,22.673,22.665,22.658,22.650,22.642,22.642,22.650,22.665,22.680,22.703,22.718,22.726,22.726,22.711,22.703,22.696,22.688,22.680,22.680,22.688,22.696,22.703,22.718,22.726,22.733,22.741,22.749,22.756,22.764,22.764,22.764,22.764,22.764,22.764,22.756,22.756,22.756,22.756,22.764,22.764,22.764,22.771,22.779,22.779,22.764,22.756,22.756,22.764,22.794,22.840,22.878,22.900,22.900,22.878,22.862,22.855,22.862,22.878,22.893,22.900,22.885,22.870,22.847,22.840,22.840,22.855,22.855,22.855,22.847,22.832,22.817,22.809,22.809,22.802,22.802,22.802,22.802,22.809,22.809,22.809,22.817,22.817,22.817,22.824,22.832,22.840,22.847,22.847,22.847,22.855,22.855,22.847,22.847,22.840,22.832,22.824,22.817,22.809,22.802,22.787,22.779,22.771,22.771,22.764,22.749,22.749,22.741,22.733,22.726,22.718,22.718,22.711,22.711,22.718,22.718,22.718,22.711,22.703,22.703,22.711,22.726,22.741,22.756,22.756,22.741,22.711,22.688,22.680,22.688,22.703,22.726,22.733,22.733,22.718,22.703,22.711,22.718,22.741,22.756,22.764,22.779,22.779,22.779,22.779,22.771,22.764,22.756,22.756,22.749,22.749,22.749,22.749,22.749,22.756,22.756,22.749,22.749,22.741,22.733,22.726,22.711,22.703,22.703,22.696,22.703,22.711,22.726,22.726,22.726,22.711,22.703,22.696,22.680,22.673,22.665,22.665,22.665,22.673,22.680,22.688,22.696,22.696,22.703,22.703,22.711,22.711,22.718,22.711,22.688,22.665,22.650,22.642,22.642,22.658,22.673,22.680,22.680,22.673,22.665,22.665,22.658,22.650,22.635,22.635,22.627,22.627,22.635,22.635,22.635,22.642,22.642,22.642,22.627,22.620,22.612,22.612,22.620,22.627,22.642,22.642,22.635,22.620,22.612,22.604,22.604,22.612,22.620,22.620,22.612,22.597,22.597,22.589,22.597,22.604,22.612,22.620,22.612,22.604,22.589,22.589,22.589,22.589,22.589,22.597,22.597,22.604,22.604,22.612,22.612,22.612,22.620,22.627,22.635,22.635,22.642,22.642,22.650,22.650,22.658,22.665,22.673,22.688,22.696,22.718,22.733,22.756,22.771,22.794,22.802,22.802,22.809,22.824,22.840,22.862,22.878,22.900,22.931,22.961,22.976,22.991,22.999,22.999
,23.595,23.595,23.595,23.587,23.580,23.572,23.565,23.557,23.550,23.527,23.512,23.497,23.474,23.459,23.444,23.429,23.422,23.407,23.399,23.392,23.384,23.376,23.361,23.346,23.339,23.316,23.309,23.301,23.293,23.278,23.271,23.263,23.248,23.233,23.226,23.218,23.203,23.188,23.173,23.158,23.142,23.127,23.105,23.097,23.082,23.067,23.044,23.044,23.029,23.021,23.014,23.021,23.021,23.014,23.006,22.991,22.984,22.968,22.953,22.946,22.931,22.923,22.931,22.938,22.938,22.938,22.923,22.915,22.908,22.893,22.870,22.862,22.847,22.832,22.817,22.802,22.794,22.787,22.787,22.787,22.794,22.794,22.794,22.794,22.794,22.794,22.794,22.794,22.787,22.771,22.764,22.749,22.733,22.711,22.696,22.680,22.665,22.650,22.642,22.635,22.627,22.612,22.604,22.597,22.589,22.574,22.551,22.528,22.506,22.483,22.475,22.475,22.483,22.483,22.490,22.498,22.506,22.506,22.513,22.513,22.513,22.506,22.506,22.506,22.498,22.490,22.490,22.490,22.498,22.498,22.498,22.506,22.513,22.521,22.536,22.559,22.574,22.574,22.551,22.521,22.506,22.490,22.498,22.513,22.528,22.559,22.604,22.650,22.688,22.711,22.696,22.658,22.620,22.589,22.589,22.597,22.604,22.604,22.612,22.620,22.627,22.635,22.635,22.627,22.627,22.635,22.635,22.635,22.642,22.658,22.680,22.696,22.711,22.726,22.726,22.726,22.718,22.711,22.711,22.711,22.703,22.703,22.718,22.726,22.733,22.718,22.680,22.642,22.612,22.604,22.635,22.688,22.733,22.756,22.749,22.718,22.688,22.665,22.658,22.658,22.658,22.650,22.635,22.635,22.642,22.658,22.673,22.696,22.711,22.718,22.718,22.711,22.696,22.688,22.680,22.680,22.680,22.680,22.688,22.696,22.703,22.711,22.718,22.726,22.733,22.733,22.749,22.749,22.749,22.749,22.749,22.749,22.749,22.749,22.749,22.749,22.749,22.749,22.749,22.756,22.756,22.756,22.749,22.733,22.733,22.756,22.794,22.840,22.878,22.908,22.908,22.885,22.862,22.855,22.862,22.878,22.893,22.900,22.885,22.870,22.847,22.840,22.840,22.847,22.855,22.847,22.840,22.824,22.809,22.802,22.794,22.794,22.794,22.794,22.794,22.794,22.802,22.802,22.802,22.802,22.802,22.809,22.817,22.824,22.832,22.840,22.840,22.840,22.840,22.832,22.832,22.832,22.824,22.809,22.802,22.794,22.787,22.771,22.764,22.764,22.764,22.756,22.741,22.741,22.726,22.718,22.711,22.711,22.711,22.711,22.703,22.703,22.703,22.703,22.696,22.696,22.696,22.703,22.718,22.733,22.741,22.741,22.726,22.703,22.680,22.673,22.673,22.696,22.711,22.718,22.711,22.696,22.688,22.688,22.711,22.726,22.741,22.756,22.771,22.771,22.771,22.771,22.764,22.756,22.749,22.741,22.733,22.726,22.726,22.726,22.726,22.726,22.733,22.733,22.726,22.718,22.711,22.703,22.688,22.688,22.680,22.673,22.680,22.688,22.703,22.711,22.703,22.703,22.696,22.688,22.680,22.665,22.658,22.658,22.658,22.665,22.673,22.673,22.680,22.688,22.688,22.688,22.696,22.703,22.703,22.703,22.680,22.658,22.635,22.627,22.627,22.642,22.658,22.665,22.665,22.665,22.658,22.650,22.642,22.635,22.627,22.620,22.620,22.627,22.627,22.635,22.635,22.635,22.642,22.635,22.627,22.612,22.604,22.612,22.620,22.635,22.650,22.650,22.635,22.620,22.604,22.589,22.589,22.597,22.612,22.612,22.604,22.604,22.597,22.589,22.589,22.597,22.597,22.597,22.589,22.589,22.582,22.574,22.574,22.574,22.574,22.574,22.582,22.582,22.589,22.589,22.589,22.589,22.597,22.604,22.604,22.612,22.620,22.627,22.627,22.635,22.642,22.658,22.673,22.688,22.711,22.726,22.741,22.749,22.756,22.771,22.787,22.802,22.817,22.832,22.847,22.862,22.878,22.893,22.931,22.961,22.984,22.999,23.006,23.006
,23.595,23.595,23.595,23.587,23.580,23.572,23.572,23.565,23.550,23.535,23.520,23.505,23.482,23.459,23.452,23.437,23.429,23.414,23.407,23.399,23.399,23.384,23.369,23.354,23.346,23.331,23.316,23.301,23.286,23.271,23.256,23.248,23.241,23.226,23.218,23.203,23.195,23.180,23.158,23.150,23.127,23.105,23.082,23.074,23.059,23.044,23.029,23.021,23.014,23.014,23.006,23.006,23.006,23.006,22.991,22.984,22.968,22.953,22.938,22.931,22.915,22.908,22.908,22.915,22.915,22.915,22.900,22.893,22.878,22.870,22.847,22.840,22.832,22.817,22.802,22.794,22.779,22.779,22.779,22.779,22.779,22.779,22.787,22.787,22.787,22.787,22.779,22.779,22.771,22.764,22.756,22.749,22.741,22.726,22.711,22.688,22.673,22.650,22.642,22.627,22.620,22.604,22.597,22.589,22.574,22.559,22.528,22.506,22.490,22.475,22.460,22.460,22.468,22.475,22.483,22.483,22.483,22.490,22.498,22.498,22.498,22.498,22.498,22.490,22.490,22.490,22.483,22.475,22.475,22.483,22.483,22.490,22.498,22.506,22.521,22.544,22.559,22.559,22.536,22.513,22.490,22.483,22.490,22.498,22.521,22.551,22.597,22.642,22.673,22.696,22.673,22.642,22.604,22.582,22.582,22.582,22.589,22.597,22.604,22.612,22.627,22.635,22.635,22.635,22.635,22.635,22.642,22.642,22.650,22.658,22.673,22.688,22.703,22.718,22.718,22.718,22.711,22.711,22.703,22.696,22.688,22.680,22.696,22.703,22.711,22.703,22.673,22.642,22.612,22.604,22.635,22.680,22.718,22.741,22.718,22.680,22.650,22.635,22.642,22.658,22.673,22.680,22.673,22.665,22.665,22.665,22.665,22.673,22.680,22.688,22.688,22.688,22.688,22.688,22.680,22.680,22.688,22.688,22.688,22.696,22.696,22.703,22.711,22.711,22.718,22.726,22.733,22.733,22.733,22.741,22.749,22.749,22.749,22.749,22.749,22.749,22.749,22.749,22.749,22.749,22.749,22.749,22.749,22.741,22.741,22.764,22.794,22.832,22.862,22.885,22.878,22.862,22.840,22.824,22.832,22.855,22.862,22.870,22.862,22.855,22.840,22.840,22.840,22.847,22.855,22.855,22.847,22.840,22.832,22.824,22.817,22.817,22.817,22.817,22.809,22.809,22.809,22.809,22.809,22.809,22.809,22.817,22.817,22.824,22.832,22.840,22.840,22.840,22.840,22.832,22.832,22.824,22.817,22.802,22.802,22.787,22.779,22.764,22.756,22.756,22.749,22.741,22.726,22.718,22.711,22.711,22.703,22.703,22.711,22.703,22.696,22.688,22.688,22.680,22.680,22.680,22.688,22.696,22.703,22.711,22.711,22.711,22.703,22.696,22.680,22.673,22.673,22.680,22.688,22.696,22.688,22.680,22.673,22.673,22.688,22.703,22.726,22.741,22.756,22.756,22.764,22.764,22.756,22.741,22.726,22.711,22.696,22.696,22.688,22.688,22.688,22.688,22.696,22.696,22.696,22.696,22.688,22.680,22.673,22.665,22.665,22.665,22.673,22.673,22.688,22.696,22.696,22.696,22.696,22.688,22.688,22.673,22.665,22.658,22.658,22.665,22.665,22.673,22.673,22.673,22.680,22.680,22.688,22.696,22.696,22.688,22.673,22.650,22.627,22.620,22.627,22.642,22.650,22.658,22.658,22.658,22.650,22.642,22.635,22.627,22.620,22.620,22.620,22.620,22.627,22.635,22.635,22.635,22.642,22.635,22.627,22.612,22.597,22.597,22.612,22.627,22.635,22.635,22.627,22.612,22.597,22.589,22.582,22.582,22.589,22.597,22.589,22.589,22.582,22.582,22.574,22.574,22.574,22.574,22.574,22.574,22.574,22.574,22.574,22.566,22.566,22.566,22.574,22.574,22.574,22.582,22.589,22.589,22.589,22.597,22.604,22.604,22.612,22.620,22.627,22.627,22.642,22.658,22.673,22.688,22.711,22.726,22.733,22.741,22.749,22.756,22.779,22.794,22.817,22.847,22.862,22.862,22.878,22.900,22.938,22.976,23.006,23.021,23.029,23.029
,23.595,23.595,23.595,23.587,23.587,23.572,23.572,23.565,23.557,23.542,23.520,23.505,23.482,23.459,23.452,23.444,23.437,23.429,23.414,23.407,23.399,23.384,23.369,23.361,23.354,23.331,23.316,23.301,23.286,23.263,23.248,23.241,23.233,23.226,23.210,23.203,23.188,23.173,23.150,23.135,23.112,23.082,23.059,23.044,23.029,23.014,22.999,22.999,22.999,22.999,22.991,22.991,22.991,22.991,22.984,22.968,22.953,22.938,22.915,22.900,22.885,22.878,22.870,22.870,22.878,22.870,22.862,22.847,22.840,22.824,22.809,22.809,22.794,22.787,22.779,22.771,22.764,22.756,22.749,22.749,22.749,22.749,22.756,22.756,22.756,22.756,22.756,22.756,22.756,22.749,22.749,22.749,22.741,22.726,22.711,22.696,22.673,22.650,22.635,22.627,22.620,22.604,22.589,22.582,22.566,22.551,22.521,22.498,22.483,22.468,22.460,22.460,22.468,22.468,22.468,22.475,22.475,22.475,22.483,22.490,22.490,22.498,22.498,22.490,22.490,22.483,22.475,22.468,22.468,22.468,22.475,22.475,22.483,22.498,22.513,22.536,22.544,22.551,22.528,22.498,22.483,22.468,22.475,22.490,22.513,22.536,22.582,22.627,22.665,22.680,22.665,22.635,22.604,22.582,22.582,22.582,22.589,22.597,22.604,22.620,22.635,22.650,22.650,22.658,22.658,22.658,22.658,22.658,22.658,22.658,22.673,22.680,22.696,22.703,22.703,22.703,22.703,22.696,22.688,22.680,22.665,22.665,22.673,22.688,22.696,22.696,22.673,22.650,22.627,22.627,22.650,22.680,22.711,22.711,22.688,22.642,22.604,22.597,22.620,22.658,22.696,22.718,22.718,22.711,22.696,22.680,22.673,22.665,22.658,22.658,22.658,22.673,22.680,22.688,22.696,22.703,22.703,22.711,22.703,22.703,22.703,22.703,22.703,22.711,22.711,22.711,22.718,22.726,22.726,22.733,22.741,22.749,22.749,22.756,22.756,22.756,22.756,22.756,22.749,22.749,22.749,22.749,22.756,22.764,22.771,22.787,22.802,22.824,22.840,22.847,22.840,22.817,22.802,22.794,22.802,22.817,22.832,22.840,22.840,22.832,22.832,22.832,22.840,22.847,22.862,22.870,22.870,22.870,22.862,22.862,22.862,22.855,22.855,22.847,22.840,22.840,22.840,22.840,22.840,22.832,22.832,22.832,22.832,22.840,22.840,22.840,22.840,22.840,22.840,22.832,22.832,22.832,22.817,22.809,22.802,22.787,22.779,22.764,22.749,22.741,22.733,22.718,22.711,22.703,22.703,22.696,22.696,22.703,22.703,22.703,22.688,22.673,22.665,22.665,22.665,22.673,22.680,22.688,22.688,22.680,22.680,22.673,22.673,22.680,22.680,22.673,22.673,22.673,22.673,22.673,22.665,22.658,22.650,22.658,22.665,22.688,22.703,22.718,22.733,22.749,22.749,22.749,22.741,22.726,22.703,22.688,22.673,22.665,22.658,22.658,22.650,22.658,22.658,22.665,22.665,22.665,22.665,22.665,22.665,22.658,22.658,22.658,22.665,22.665,22.673,22.680,22.688,22.696,22.696,22.696,22.696,22.688,22.673,22.673,22.665,22.665,22.665,22.665,22.665,22.673,22.673,22.673,22.688,22.696,22.696,22.688,22.673,22.642,22.627,22.620,22.620,22.635,22.642,22.658,22.658,22.650,22.650,22.642,22.635,22.620,22.620,22.620,22.620,22.627,22.635,22.635,22.635,22.642,22.642,22.635,22.627,22.612,22.597,22.589,22.597,22.612,22.620,22.620,22.612,22.604,22.589,22.582,22.582,22.582,22.582,22.582,22.574,22.574,22.566,22.566,22.559,22.559,22.559,22.559,22.566,22.566,22.574,22.574,22.574,22.566,22.566,22.566,22.566,22.566,22.574,22.582,22.589,22.597,22.597,22.604,22.604,22.604,22.612,22.620,22.627,22.635,22.650,22.665,22.680,22.696,22.703,22.718,22.726,22.726,22.733,22.749,22.771,22.802,22.824,22.855,22.870,22.878,22.885,22.908,22.953,22.999,23.029,23.052,23.059,23.059
,23.595,23.595,23.595,23.595,23.587,23.580,23.572,23.565,23.557,23.542,23.520,23.497,23.482,23.459,23.452,23.452,23.444,23.437,23.429,23.414,23.407,23.392,23.376,23.369,23.354,23.331,23.309,23.293,23.271,23.248,23.241,23.233,23.226,23.210,23.203,23.195,23.180,23.165,23.135,23.120,23.097,23.067,23.037,23.014,22.999,22.984,22.968,22.976,22.976,22.976,22.976,22.976,22.976,22.976,22.968,22.953,22.931,22.915,22.893,22.878,22.862,22.847,22.840,22.840,22.832,22.832,22.824,22.809,22.802,22.787,22.779,22.771,22.764,22.756,22.749,22.749,22.741,22.733,22.733,22.726,22.726,22.726,22.726,22.733,22.733,22.733,22.733,22.733,22.733,22.733,22.741,22.741,22.733,22.726,22.711,22.688,22.673,22.650,22.635,22.627,22.620,22.604,22.582,22.574,22.551,22.536,22.506,22.490,22.475,22.460,22.452,22.460,22.460,22.460,22.460,22.468,22.468,22.468,22.475,22.483,22.483,22.490,22.490,22.490,22.483,22.483,22.468,22.460,22.460,22.460,22.460,22.468,22.475,22.483,22.498,22.521,22.536,22.536,22.521,22.490,22.468,22.460,22.468,22.483,22.498,22.528,22.574,22.620,22.650,22.673,22.658,22.627,22.597,22.574,22.574,22.582,22.589,22.597,22.604,22.627,22.642,22.658,22.665,22.673,22.673,22.673,22.673,22.673,22.665,22.665,22.673,22.680,22.688,22.696,22.696,22.696,22.696,22.688,22.680,22.665,22.658,22.650,22.658,22.665,22.680,22.680,22.673,22.658,22.642,22.642,22.658,22.688,22.696,22.696,22.658,22.604,22.574,22.566,22.604,22.665,22.718,22.756,22.756,22.741,22.718,22.688,22.673,22.650,22.635,22.635,22.642,22.658,22.673,22.696,22.711,22.718,22.726,22.726,22.718,22.711,22.703,22.696,22.696,22.703,22.703,22.703,22.711,22.718,22.718,22.726,22.741,22.749,22.756,22.764,22.764,22.764,22.764,22.756,22.756,22.749,22.749,22.756,22.771,22.779,22.794,22.809,22.817,22.817,22.817,22.809,22.802,22.787,22.779,22.771,22.779,22.787,22.802,22.817,22.817,22.817,22.824,22.824,22.840,22.855,22.862,22.878,22.885,22.885,22.893,22.893,22.893,22.885,22.878,22.878,22.870,22.870,22.870,22.870,22.862,22.855,22.847,22.847,22.847,22.847,22.847,22.847,22.847,22.847,22.840,22.840,22.840,22.832,22.824,22.817,22.802,22.794,22.779,22.764,22.749,22.733,22.718,22.711,22.696,22.696,22.696,22.688,22.688,22.696,22.696,22.696,22.680,22.665,22.650,22.650,22.658,22.665,22.680,22.680,22.673,22.658,22.642,22.642,22.650,22.658,22.673,22.673,22.673,22.673,22.665,22.658,22.650,22.642,22.635,22.642,22.658,22.673,22.688,22.703,22.718,22.733,22.733,22.733,22.726,22.711,22.688,22.665,22.658,22.642,22.635,22.627,22.627,22.627,22.635,22.635,22.642,22.642,22.650,22.658,22.658,22.658,22.658,22.658,22.658,22.665,22.665,22.673,22.680,22.696,22.703,22.703,22.703,22.696,22.688,22.680,22.673,22.665,22.658,22.658,22.658,22.665,22.665,22.665,22.680,22.688,22.688,22.688,22.673,22.642,22.627,22.620,22.620,22.635,22.642,22.650,22.650,22.650,22.642,22.642,22.627,22.620,22.612,22.612,22.612,22.620,22.635,22.635,22.635,22.642,22.642,22.635,22.620,22.604,22.589,22.582,22.582,22.589,22.597,22.604,22.597,22.597,22.589,22.582,22.582,22.574,22.566,22.559,22.559,22.559,22.551,22.551,22.551,22.551,22.551,22.551,22.559,22.566,22.574,22.582,22.582,22.566,22.559,22.559,22.559,22.566,22.574,22.582,22.589,22.597,22.604,22.612,22.612,22.612,22.612,22.620,22.635,22.642,22.658,22.673,22.688,22.696,22.703,22.711,22.718,22.718,22.733,22.749,22.771,22.802,22.832,22.855,22.878,22.885,22.893,22.915,22.968,23.014,23.052,23.074,23.082,23.082
,23.602,23.602,23.602,23.595,23.587,23.580,23.572,23.565,23.550,23.535,23.520,23.497,23.474,23.459,23.459,23.459,23.459,23.452,23.437,23.422,23.407,23.392,23.376,23.361,23.346,23.331,23.301,23.278,23.263,23.241,23.226,23.218,23.203,23.195,23.188,23.188,23.173,23.158,23.127,23.105,23.082,23.052,23.021,22.999,22.976,22.961,22.953,22.953,22.953,22.953,22.961,22.961,22.961,22.961,22.953,22.938,22.923,22.900,22.878,22.862,22.840,22.824,22.817,22.809,22.809,22.802,22.794,22.779,22.771,22.756,22.756,22.749,22.741,22.733,22.733,22.726,22.726,22.718,22.718,22.711,22.711,22.711,22.711,22.711,22.711,22.711,22.718,22.718,22.718,22.718,22.726,22.726,22.726,22.718,22.703,22.680,22.665,22.642,22.635,22.627,22.612,22.597,22.574,22.559,22.544,22.521,22.498,22.483,22.475,22.460,22.452,22.445,22.452,22.452,22.452,22.452,22.452,22.452,22.460,22.468,22.475,22.475,22.483,22.483,22.475,22.468,22.460,22.452,22.445,22.445,22.445,22.452,22.460,22.475,22.490,22.513,22.528,22.528,22.513,22.483,22.468,22.452,22.460,22.475,22.490,22.513,22.559,22.604,22.642,22.658,22.650,22.620,22.597,22.574,22.574,22.574,22.582,22.597,22.604,22.627,22.642,22.665,22.673,22.673,22.680,22.680,22.680,22.680,22.680,22.680,22.680,22.680,22.680,22.688,22.688,22.688,22.688,22.680,22.673,22.658,22.650,22.642,22.650,22.658,22.665,22.673,22.673,22.658,22.650,22.650,22.665,22.680,22.688,22.680,22.642,22.589,22.559,22.559,22.604,22.665,22.726,22.764,22.771,22.749,22.726,22.696,22.665,22.642,22.627,22.620,22.635,22.650,22.673,22.696,22.711,22.718,22.726,22.733,22.726,22.711,22.696,22.688,22.688,22.688,22.696,22.696,22.703,22.703,22.711,22.718,22.733,22.741,22.749,22.756,22.756,22.756,22.756,22.756,22.749,22.749,22.749,22.756,22.779,22.794,22.809,22.817,22.817,22.809,22.802,22.787,22.779,22.764,22.764,22.764,22.771,22.779,22.794,22.802,22.809,22.809,22.817,22.824,22.840,22.855,22.862,22.878,22.893,22.900,22.900,22.908,22.900,22.900,22.893,22.885,22.878,22.878,22.878,22.878,22.870,22.870,22.862,22.855,22.855,22.855,22.855,22.855,22.855,22.847,22.840,22.840,22.840,22.832,22.824,22.817,22.809,22.794,22.787,22.764,22.741,22.726,22.711,22.696,22.696,22.688,22.688,22.688,22.688,22.688,22.688,22.688,22.673,22.658,22.642,22.642,22.642,22.665,22.673,22.673,22.665,22.642,22.627,22.612,22.627,22.642,22.658,22.673,22.665,22.665,22.658,22.650,22.642,22.635,22.635,22.635,22.650,22.665,22.680,22.696,22.703,22.711,22.718,22.718,22.711,22.696,22.680,22.658,22.642,22.635,22.627,22.620,22.612,22.612,22.620,22.627,22.635,22.635,22.642,22.658,22.658,22.658,22.665,22.665,22.665,22.665,22.665,22.673,22.680,22.696,22.703,22.703,22.703,22.703,22.696,22.688,22.680,22.665,22.658,22.650,22.650,22.650,22.658,22.665,22.665,22.680,22.680,22.680,22.665,22.650,22.635,22.620,22.627,22.635,22.642,22.642,22.642,22.642,22.642,22.635,22.627,22.612,22.604,22.604,22.604,22.620,22.627,22.635,22.635,22.642,22.642,22.635,22.620,22.597,22.582,22.566,22.566,22.574,22.574,22.582,22.582,22.589,22.589,22.582,22.582,22.559,22.544,22.536,22.536,22.536,22.536,22.536,22.536,22.536,22.536,22.544,22.551,22.566,22.574,22.582,22.582,22.566,22.559,22.551,22.551,22.559,22.566,22.582,22.589,22.597,22.604,22.612,22.612,22.620,22.620,22.627,22.635,22.650,22.665,22.680,22.688,22.696,22.703,22.711,22.711,22.718,22.733,22.749,22.771,22.802,22.832,22.862,22.878,22.885,22.900,22.931,22.976,23.021,23.059,23.089,23.097,23.097
,23.610,23.602,23.602,23.602,23.595,23.580,23.572,23.557,23.550,23.527,23.505,23.489,23.474,23.459,23.459,23.467,23.474,23.467,23.452,23.437,23.414,23.392,23.369,23.354,23.331,23.309,23.286,23.256,23.241,23.226,23.203,23.195,23.188,23.180,23.173,23.165,23.158,23.142,23.127,23.112,23.089,23.059,23.021,22.999,22.976,22.953,22.946,22.946,22.946,22.946,22.946,22.946,22.953,22.953,22.938,22.931,22.915,22.893,22.878,22.862,22.840,22.824,22.817,22.809,22.802,22.794,22.787,22.771,22.764,22.756,22.749,22.741,22.733,22.733,22.726,22.726,22.718,22.718,22.711,22.711,22.711,22.711,22.711,22.703,22.703,22.703,22.711,22.711,22.711,22.711,22.711,22.711,22.711,22.703,22.696,22.673,22.658,22.635,22.627,22.620,22.612,22.589,22.566,22.544,22.521,22.498,22.483,22.475,22.460,22.452,22.445,22.437,22.437,22.437,22.437,22.437,22.437,22.445,22.452,22.452,22.460,22.468,22.468,22.460,22.460,22.452,22.445,22.437,22.429,22.429,22.429,22.437,22.445,22.452,22.475,22.490,22.513,22.513,22.498,22.475,22.460,22.452,22.452,22.460,22.483,22.513,22.551,22.597,22.635,22.650,22.650,22.620,22.597,22.574,22.574,22.574,22.582,22.589,22.597,22.620,22.635,22.650,22.665,22.665,22.665,22.665,22.673,22.673,22.680,22.680,22.680,22.680,22.680,22.688,22.688,22.688,22.680,22.673,22.673,22.665,22.658,22.650,22.650,22.665,22.673,22.673,22.673,22.658,22.642,22.642,22.650,22.673,22.680,22.680,22.650,22.612,22.582,22.582,22.612,22.665,22.703,22.733,22.733,22.718,22.696,22.673,22.658,22.650,22.642,22.635,22.642,22.658,22.673,22.688,22.696,22.703,22.711,22.711,22.703,22.696,22.680,22.680,22.680,22.680,22.688,22.696,22.696,22.696,22.696,22.703,22.711,22.718,22.718,22.726,22.733,22.741,22.741,22.741,22.741,22.741,22.741,22.749,22.771,22.794,22.809,22.817,22.817,22.802,22.787,22.779,22.779,22.771,22.779,22.779,22.787,22.794,22.809,22.809,22.809,22.809,22.817,22.824,22.832,22.847,22.855,22.870,22.878,22.885,22.885,22.885,22.885,22.878,22.878,22.870,22.862,22.862,22.862,22.862,22.855,22.855,22.855,22.855,22.855,22.855,22.855,22.855,22.855,22.847,22.840,22.840,22.840,22.832,22.824,22.817,22.809,22.802,22.787,22.771,22.749,22.733,22.711,22.696,22.696,22.688,22.688,22.688,22.688,22.688,22.688,22.680,22.673,22.658,22.642,22.635,22.642,22.658,22.673,22.665,22.650,22.627,22.612,22.604,22.612,22.627,22.642,22.650,22.658,22.658,22.658,22.650,22.650,22.642,22.635,22.642,22.650,22.665,22.673,22.688,22.696,22.696,22.696,22.696,22.688,22.680,22.673,22.658,22.650,22.650,22.642,22.642,22.635,22.635,22.635,22.635,22.642,22.650,22.658,22.665,22.673,22.673,22.680,22.680,22.680,22.680,22.680,22.680,22.680,22.688,22.696,22.696,22.703,22.703,22.696,22.688,22.680,22.658,22.642,22.635,22.635,22.642,22.650,22.658,22.665,22.665,22.673,22.673,22.665,22.650,22.642,22.627,22.627,22.635,22.635,22.635,22.635,22.635,22.635,22.627,22.620,22.604,22.597,22.597,22.604,22.612,22.620,22.627,22.635,22.635,22.635,22.627,22.612,22.589,22.574,22.559,22.544,22.544,22.551,22.551,22.566,22.582,22.589,22.582,22.574,22.551,22.536,22.521,22.513,22.521,22.521,22.528,22.528,22.528,22.528,22.544,22.551,22.566,22.582,22.582,22.582,22.566,22.551,22.544,22.544,22.544,22.559,22.566,22.582,22.582,22.589,22.604,22.612,22.620,22.620,22.635,22.642,22.658,22.673,22.688,22.688,22.696,22.703,22.711,22.718,22.726,22.741,22.756,22.779,22.802,22.832,22.862,22.878,22.893,22.908,22.931,22.976,23.021,23.059,23.082,23.089,23.089
,23.617,23.617,23.610,23.610,23.595,23.580,23.565,23.550,23.535,23.520,23.497,23.482,23.467,23.467,23.467,23.482,23.489,23.482,23.467,23.444,23.422,23.392,23.361,23.339,23.316,23.286,23.263,23.241,23.226,23.203,23.188,23.180,23.165,23.165,23.158,23.150,23.150,23.142,23.127,23.112,23.097,23.074,23.044,23.014,22.991,22.968,22.953,22.938,22.938,22.931,22.931,22.938,22.938,22.938,22.931,22.923,22.908,22.893,22.878,22.862,22.855,22.840,22.824,22.817,22.809,22.802,22.787,22.779,22.771,22.764,22.749,22.749,22.741,22.726,22.726,22.718,22.718,22.711,22.711,22.711,22.711,22.703,22.703,22.703,22.703,22.696,22.696,22.696,22.696,22.696,22.696,22.703,22.703,22.696,22.680,22.665,22.642,22.627,22.620,22.612,22.604,22.582,22.559,22.536,22.513,22.490,22.475,22.460,22.452,22.445,22.437,22.429,22.422,22.422,22.422,22.422,22.429,22.437,22.445,22.445,22.452,22.452,22.452,22.445,22.437,22.437,22.429,22.422,22.422,22.422,22.422,22.422,22.429,22.445,22.460,22.483,22.506,22.513,22.498,22.475,22.460,22.452,22.452,22.460,22.475,22.506,22.551,22.597,22.635,22.658,22.650,22.627,22.604,22.582,22.574,22.574,22.582,22.589,22.597,22.612,22.627,22.635,22.642,22.650,22.650,22.650,22.658,22.665,22.673,22.680,22.680,22.688,22.688,22.688,22.688,22.680,22.680,22.673,22.673,22.673,22.673,22.673,22.673,22.680,22.688,22.680,22.673,22.650,22.635,22.635,22.642,22.665,22.680,22.688,22.673,22.642,22.627,22.620,22.635,22.658,22.673,22.688,22.680,22.673,22.658,22.650,22.650,22.658,22.665,22.665,22.673,22.673,22.680,22.680,22.688,22.680,22.680,22.680,22.680,22.673,22.665,22.665,22.673,22.680,22.680,22.688,22.688,22.688,22.688,22.688,22.696,22.696,22.696,22.703,22.703,22.711,22.718,22.726,22.726,22.733,22.733,22.741,22.764,22.787,22.802,22.809,22.802,22.794,22.787,22.779,22.787,22.794,22.802,22.809,22.817,22.824,22.832,22.832,22.832,22.824,22.824,22.824,22.832,22.840,22.847,22.855,22.855,22.855,22.855,22.855,22.855,22.847,22.840,22.840,22.832,22.832,22.832,22.832,22.840,22.840,22.840,22.840,22.847,22.847,22.855,22.855,22.855,22.847,22.840,22.840,22.840,22.832,22.832,22.817,22.809,22.809,22.794,22.779,22.756,22.741,22.726,22.711,22.703,22.703,22.703,22.696,22.688,22.688,22.688,22.680,22.673,22.658,22.642,22.635,22.642,22.658,22.665,22.665,22.650,22.635,22.620,22.612,22.612,22.612,22.620,22.627,22.642,22.658,22.665,22.673,22.665,22.658,22.650,22.650,22.658,22.665,22.680,22.688,22.688,22.680,22.673,22.673,22.673,22.673,22.673,22.673,22.673,22.673,22.673,22.680,22.673,22.665,22.665,22.665,22.665,22.673,22.673,22.680,22.688,22.696,22.696,22.703,22.703,22.703,22.703,22.696,22.688,22.688,22.688,22.688,22.688,22.696,22.696,22.688,22.673,22.650,22.635,22.627,22.627,22.635,22.642,22.658,22.658,22.665,22.665,22.665,22.665,22.658,22.650,22.642,22.635,22.635,22.627,22.627,22.627,22.627,22.627,22.627,22.612,22.604,22.597,22.589,22.589,22.604,22.612,22.620,22.627,22.635,22.635,22.627,22.604,22.582,22.566,22.544,22.536,22.528,22.528,22.528,22.544,22.566,22.582,22.589,22.566,22.544,22.521,22.506,22.498,22.498,22.506,22.513,22.521,22.521,22.528,22.544,22.559,22.574,22.589,22.589,22.582,22.559,22.544,22.528,22.528,22.536,22.544,22.559,22.566,22.574,22.582,22.597,22.612,22.620,22.627,22.635,22.650,22.665,22.673,22.688,22.688,22.696,22.703,22.711,22.726,22.733,22.749,22.764,22.787,22.809,22.832,22.855,22.878,22.893,22.908,22.938,22.984,23.014,23.044,23.059,23.059,23.059
,23.625,23.625,23.617,23.610,23.595,23.580,23.565,23.542,23.527,23.505,23.489,23.474,23.467,23.459,23.467,23.482,23.497,23.489,23.474,23.452,23.422,23.384,23.354,23.324,23.301,23.271,23.241,23.226,23.210,23.188,23.173,23.165,23.158,23.150,23.142,23.142,23.142,23.135,23.127,23.112,23.105,23.082,23.052,23.029,22.999,22.976,22.953,22.938,22.931,22.923,22.923,22.923,22.931,22.931,22.923,22.915,22.900,22.885,22.878,22.870,22.862,22.847,22.832,22.824,22.817,22.802,22.794,22.787,22.779,22.771,22.756,22.749,22.741,22.726,22.718,22.718,22.711,22.711,22.703,22.703,22.711,22.703,22.703,22.696,22.696,22.696,22.688,22.688,22.680,22.680,22.680,22.688,22.688,22.680,22.665,22.650,22.627,22.620,22.604,22.604,22.597,22.574,22.551,22.528,22.506,22.483,22.468,22.460,22.452,22.445,22.429,22.422,22.414,22.414,22.414,22.414,22.422,22.429,22.437,22.437,22.437,22.437,22.437,22.429,22.422,22.414,22.414,22.414,22.414,22.414,22.414,22.414,22.422,22.429,22.452,22.475,22.490,22.498,22.490,22.468,22.452,22.445,22.445,22.460,22.475,22.498,22.544,22.589,22.627,22.658,22.650,22.627,22.597,22.582,22.582,22.582,22.582,22.589,22.597,22.604,22.620,22.627,22.627,22.627,22.627,22.635,22.642,22.658,22.665,22.673,22.680,22.688,22.696,22.688,22.688,22.680,22.680,22.680,22.680,22.680,22.688,22.688,22.696,22.696,22.696,22.688,22.673,22.650,22.635,22.620,22.635,22.658,22.680,22.696,22.696,22.680,22.665,22.650,22.650,22.650,22.650,22.642,22.635,22.627,22.627,22.635,22.650,22.665,22.680,22.696,22.696,22.688,22.680,22.673,22.673,22.665,22.665,22.658,22.665,22.658,22.658,22.665,22.673,22.680,22.680,22.688,22.688,22.688,22.688,22.680,22.680,22.680,22.680,22.680,22.688,22.696,22.703,22.711,22.718,22.726,22.733,22.741,22.756,22.779,22.794,22.802,22.794,22.787,22.787,22.787,22.794,22.809,22.824,22.840,22.847,22.847,22.855,22.855,22.847,22.840,22.832,22.832,22.832,22.832,22.832,22.832,22.832,22.832,22.832,22.824,22.824,22.817,22.817,22.809,22.809,22.809,22.809,22.817,22.817,22.824,22.824,22.832,22.840,22.847,22.847,22.855,22.855,22.847,22.840,22.840,22.840,22.840,22.832,22.824,22.817,22.809,22.802,22.787,22.764,22.749,22.733,22.718,22.711,22.711,22.711,22.703,22.696,22.696,22.688,22.680,22.673,22.658,22.650,22.642,22.650,22.658,22.665,22.658,22.650,22.635,22.627,22.620,22.612,22.604,22.612,22.620,22.635,22.658,22.680,22.688,22.680,22.673,22.665,22.658,22.665,22.673,22.688,22.696,22.688,22.673,22.665,22.665,22.665,22.673,22.673,22.680,22.696,22.703,22.703,22.711,22.703,22.703,22.696,22.688,22.688,22.696,22.696,22.703,22.711,22.711,22.718,22.718,22.718,22.718,22.718,22.711,22.696,22.688,22.680,22.680,22.680,22.688,22.688,22.680,22.665,22.650,22.635,22.627,22.627,22.635,22.642,22.658,22.658,22.658,22.658,22.658,22.658,22.658,22.658,22.650,22.642,22.635,22.635,22.627,22.627,22.627,22.620,22.620,22.604,22.597,22.589,22.582,22.582,22.589,22.604,22.612,22.620,22.620,22.620,22.612,22.597,22.574,22.559,22.536,22.521,22.513,22.506,22.513,22.528,22.559,22.582,22.589,22.566,22.536,22.506,22.483,22.483,22.483,22.490,22.506,22.513,22.521,22.528,22.544,22.559,22.574,22.582,22.589,22.574,22.551,22.536,22.521,22.521,22.528,22.536,22.544,22.559,22.566,22.574,22.597,22.612,22.620,22.635,22.650,22.665,22.665,22.673,22.688,22.688,22.696,22.703,22.718,22.733,22.741,22.756,22.779,22.794,22.809,22.832,22.855,22.878,22.893,22.915,22.946,22.984,23.006,23.029,23.044,23.044,23.044
,23.632,23.625,23.625,23.610,23.595,23.572,23.557,23.542,23.520,23.497,23.482,23.467,23.459,23.459,23.467,23.482,23.489,23.482,23.459,23.437,23.407,23.369,23.339,23.309,23.286,23.256,23.226,23.218,23.203,23.188,23.173,23.165,23.150,23.142,23.142,23.142,23.135,23.127,23.127,23.120,23.105,23.082,23.059,23.029,22.999,22.976,22.953,22.938,22.923,22.915,22.915,22.915,22.923,22.923,22.915,22.900,22.893,22.878,22.870,22.870,22.862,22.847,22.840,22.824,22.809,22.794,22.794,22.787,22.779,22.771,22.764,22.749,22.741,22.726,22.718,22.711,22.703,22.703,22.703,22.703,22.703,22.703,22.703,22.696,22.688,22.680,22.673,22.673,22.665,22.665,22.658,22.665,22.665,22.658,22.642,22.627,22.612,22.604,22.589,22.589,22.582,22.566,22.544,22.521,22.498,22.475,22.460,22.452,22.445,22.437,22.422,22.414,22.407,22.399,22.399,22.407,22.414,22.414,22.422,22.422,22.422,22.422,22.422,22.414,22.407,22.399,22.399,22.399,22.399,22.399,22.399,22.399,22.407,22.414,22.437,22.460,22.475,22.483,22.475,22.460,22.445,22.445,22.445,22.452,22.468,22.490,22.528,22.582,22.620,22.642,22.635,22.612,22.589,22.574,22.574,22.574,22.582,22.582,22.589,22.597,22.604,22.612,22.612,22.612,22.612,22.620,22.627,22.642,22.658,22.673,22.680,22.688,22.696,22.696,22.696,22.680,22.680,22.680,22.680,22.688,22.696,22.703,22.703,22.703,22.703,22.696,22.673,22.650,22.627,22.620,22.627,22.658,22.680,22.696,22.703,22.703,22.688,22.673,22.665,22.650,22.635,22.620,22.604,22.604,22.604,22.620,22.642,22.673,22.696,22.711,22.711,22.696,22.688,22.673,22.665,22.658,22.650,22.650,22.658,22.658,22.658,22.665,22.680,22.680,22.688,22.696,22.696,22.688,22.688,22.688,22.680,22.673,22.673,22.673,22.680,22.688,22.696,22.711,22.718,22.726,22.733,22.741,22.756,22.771,22.779,22.787,22.787,22.787,22.787,22.787,22.802,22.817,22.840,22.855,22.862,22.870,22.870,22.862,22.862,22.847,22.840,22.824,22.824,22.824,22.824,22.817,22.817,22.817,22.809,22.802,22.802,22.802,22.802,22.802,22.802,22.802,22.802,22.802,22.802,22.809,22.817,22.832,22.832,22.840,22.847,22.855,22.855,22.847,22.840,22.840,22.840,22.840,22.832,22.824,22.824,22.817,22.802,22.787,22.771,22.756,22.741,22.733,22.726,22.726,22.718,22.711,22.703,22.696,22.688,22.680,22.673,22.665,22.665,22.658,22.658,22.658,22.665,22.658,22.650,22.642,22.635,22.627,22.612,22.604,22.604,22.612,22.627,22.658,22.680,22.696,22.688,22.673,22.665,22.665,22.665,22.688,22.696,22.696,22.688,22.680,22.673,22.665,22.673,22.680,22.688,22.696,22.711,22.718,22.726,22.726,22.726,22.718,22.711,22.711,22.711,22.711,22.718,22.718,22.718,22.726,22.726,22.726,22.726,22.726,22.718,22.711,22.703,22.688,22.680,22.673,22.673,22.680,22.680,22.673,22.658,22.650,22.635,22.627,22.627,22.635,22.650,22.658,22.658,22.658,22.650,22.650,22.658,22.658,22.658,22.650,22.650,22.642,22.635,22.635,22.627,22.627,22.620,22.612,22.604,22.589,22.582,22.582,22.582,22.582,22.589,22.597,22.604,22.612,22.612,22.604,22.589,22.566,22.551,22.528,22.513,22.498,22.490,22.498,22.521,22.551,22.574,22.582,22.559,22.528,22.490,22.468,22.468,22.475,22.483,22.490,22.498,22.513,22.528,22.544,22.559,22.566,22.574,22.574,22.559,22.544,22.528,22.513,22.513,22.521,22.528,22.544,22.544,22.559,22.574,22.589,22.612,22.627,22.642,22.658,22.665,22.665,22.673,22.688,22.688,22.696,22.703,22.718,22.733,22.749,22.764,22.787,22.802,22.817,22.832,22.855,22.885,22.908,22.923,22.953,22.984,23.006,23.029,23.037,23.044,23.044
,23.640,23.632,23.625,23.610,23.595,23.572,23.550,23.535,23.512,23.497,23.482,23.467,23.459,23.459,23.459,23.467,23.467,23.459,23.437,23.414,23.384,23.346,23.324,23.301,23.278,23.256,23.241,23.226,23.210,23.203,23.188,23.180,23.173,23.165,23.150,23.150,23.142,23.127,23.120,23.105,23.097,23.074,23.044,23.021,22.991,22.968,22.946,22.938,22.931,22.923,22.915,22.915,22.923,22.915,22.908,22.893,22.885,22.870,22.862,22.862,22.855,22.847,22.832,22.817,22.802,22.794,22.787,22.787,22.779,22.771,22.764,22.749,22.741,22.726,22.718,22.711,22.703,22.703,22.703,22.703,22.703,22.703,22.696,22.688,22.680,22.673,22.665,22.665,22.658,22.650,22.650,22.650,22.642,22.635,22.627,22.620,22.604,22.589,22.582,22.574,22.566,22.551,22.528,22.513,22.490,22.468,22.460,22.452,22.445,22.437,22.429,22.414,22.407,22.399,22.399,22.399,22.407,22.414,22.414,22.414,22.422,22.422,22.414,22.407,22.399,22.391,22.391,22.391,22.391,22.391,22.391,22.384,22.384,22.391,22.414,22.437,22.452,22.460,22.460,22.445,22.437,22.437,22.445,22.445,22.460,22.483,22.521,22.559,22.589,22.612,22.604,22.589,22.566,22.559,22.559,22.559,22.566,22.574,22.582,22.582,22.597,22.604,22.604,22.597,22.597,22.604,22.620,22.635,22.650,22.658,22.673,22.688,22.696,22.696,22.696,22.688,22.680,22.680,22.680,22.688,22.696,22.703,22.703,22.696,22.688,22.680,22.665,22.650,22.635,22.627,22.635,22.650,22.665,22.680,22.688,22.688,22.680,22.673,22.665,22.650,22.642,22.627,22.620,22.612,22.612,22.620,22.650,22.673,22.696,22.711,22.711,22.703,22.688,22.673,22.673,22.665,22.665,22.665,22.665,22.673,22.680,22.680,22.688,22.696,22.703,22.703,22.703,22.703,22.696,22.688,22.688,22.688,22.688,22.688,22.688,22.696,22.703,22.718,22.718,22.733,22.741,22.749,22.756,22.771,22.779,22.787,22.787,22.787,22.787,22.794,22.802,22.817,22.840,22.855,22.862,22.870,22.870,22.862,22.855,22.840,22.832,22.824,22.824,22.824,22.824,22.817,22.817,22.809,22.809,22.802,22.802,22.802,22.802,22.802,22.802,22.802,22.802,22.802,22.802,22.809,22.817,22.824,22.832,22.840,22.847,22.855,22.855,22.847,22.840,22.840,22.840,22.840,22.832,22.824,22.824,22.817,22.809,22.794,22.779,22.764,22.749,22.733,22.733,22.726,22.726,22.718,22.711,22.711,22.703,22.688,22.680,22.680,22.680,22.673,22.665,22.665,22.665,22.658,22.658,22.650,22.642,22.635,22.627,22.620,22.620,22.627,22.635,22.650,22.673,22.688,22.680,22.665,22.665,22.665,22.673,22.688,22.703,22.703,22.711,22.703,22.703,22.703,22.703,22.703,22.703,22.703,22.711,22.718,22.718,22.726,22.718,22.718,22.711,22.711,22.711,22.718,22.718,22.718,22.718,22.726,22.718,22.718,22.718,22.718,22.711,22.703,22.703,22.696,22.688,22.673,22.673,22.665,22.665,22.658,22.650,22.650,22.642,22.642,22.650,22.658,22.665,22.665,22.665,22.658,22.650,22.650,22.650,22.650,22.650,22.650,22.650,22.650,22.650,22.650,22.635,22.627,22.620,22.604,22.597,22.589,22.582,22.582,22.582,22.582,22.582,22.582,22.582,22.589,22.589,22.589,22.574,22.559,22.544,22.528,22.513,22.498,22.490,22.490,22.513,22.544,22.566,22.566,22.551,22.513,22.483,22.468,22.460,22.460,22.468,22.483,22.490,22.513,22.528,22.544,22.551,22.551,22.559,22.551,22.544,22.528,22.513,22.513,22.513,22.513,22.521,22.536,22.544,22.559,22.574,22.589,22.604,22.620,22.635,22.650,22.658,22.665,22.673,22.688,22.688,22.696,22.703,22.718,22.733,22.749,22.771,22.794,22.809,22.817,22.832,22.862,22.893,22.908,22.938,22.968,22.999,23.029,23.044,23.052,23.059,23.059
,23.640,23.632,23.625,23.610,23.587,23.565,23.542,23.527,23.512,23.497,23.482,23.474,23.467,23.452,23.444,23.437,23.437,23.422,23.399,23.376,23.354,23.331,23.309,23.293,23.278,23.263,23.256,23.248,23.241,23.226,23.218,23.210,23.203,23.188,23.173,23.165,23.150,23.135,23.112,23.105,23.082,23.059,23.029,23.006,22.976,22.953,22.946,22.938,22.938,22.938,22.931,22.923,22.923,22.915,22.900,22.893,22.878,22.862,22.855,22.855,22.847,22.840,22.824,22.809,22.794,22.779,22.779,22.779,22.779,22.771,22.764,22.756,22.741,22.733,22.718,22.711,22.703,22.703,22.703,22.703,22.703,22.696,22.696,22.680,22.673,22.665,22.658,22.658,22.650,22.642,22.635,22.635,22.627,22.620,22.612,22.604,22.589,22.582,22.566,22.566,22.559,22.544,22.521,22.506,22.490,22.475,22.460,22.460,22.452,22.437,22.429,22.422,22.414,22.407,22.399,22.399,22.407,22.414,22.414,22.414,22.422,22.414,22.414,22.399,22.391,22.384,22.384,22.384,22.391,22.384,22.384,22.376,22.376,22.384,22.391,22.414,22.429,22.445,22.445,22.437,22.429,22.429,22.437,22.445,22.460,22.475,22.506,22.536,22.559,22.582,22.574,22.559,22.544,22.536,22.544,22.551,22.559,22.559,22.566,22.574,22.582,22.589,22.589,22.589,22.589,22.597,22.612,22.620,22.635,22.650,22.665,22.680,22.688,22.696,22.696,22.688,22.680,22.680,22.680,22.688,22.688,22.688,22.688,22.680,22.665,22.665,22.658,22.650,22.650,22.642,22.650,22.658,22.665,22.665,22.665,22.665,22.658,22.658,22.650,22.658,22.650,22.650,22.642,22.635,22.627,22.635,22.650,22.673,22.688,22.703,22.703,22.696,22.688,22.688,22.680,22.688,22.688,22.688,22.696,22.696,22.696,22.703,22.703,22.711,22.711,22.718,22.718,22.718,22.711,22.711,22.711,22.711,22.711,22.711,22.711,22.711,22.718,22.726,22.733,22.741,22.749,22.749,22.764,22.771,22.779,22.787,22.787,22.787,22.787,22.794,22.802,22.817,22.832,22.840,22.847,22.855,22.855,22.855,22.855,22.840,22.832,22.824,22.824,22.824,22.824,22.817,22.817,22.817,22.817,22.817,22.809,22.809,22.809,22.809,22.809,22.802,22.802,22.809,22.809,22.809,22.817,22.824,22.832,22.840,22.847,22.847,22.847,22.847,22.847,22.840,22.840,22.840,22.832,22.824,22.817,22.809,22.802,22.794,22.779,22.764,22.749,22.733,22.733,22.733,22.726,22.726,22.718,22.718,22.711,22.703,22.696,22.696,22.696,22.688,22.688,22.680,22.673,22.665,22.658,22.658,22.650,22.650,22.642,22.642,22.642,22.642,22.650,22.650,22.665,22.673,22.665,22.658,22.650,22.658,22.673,22.688,22.711,22.726,22.733,22.741,22.749,22.749,22.749,22.733,22.718,22.711,22.703,22.703,22.703,22.703,22.703,22.703,22.703,22.703,22.711,22.718,22.718,22.718,22.718,22.711,22.711,22.703,22.696,22.696,22.696,22.696,22.696,22.696,22.696,22.680,22.673,22.658,22.642,22.635,22.635,22.642,22.658,22.673,22.680,22.680,22.688,22.688,22.680,22.673,22.658,22.642,22.642,22.635,22.635,22.642,22.650,22.665,22.673,22.673,22.658,22.642,22.627,22.604,22.597,22.589,22.589,22.582,22.574,22.574,22.574,22.566,22.566,22.566,22.566,22.566,22.559,22.551,22.536,22.528,22.513,22.506,22.498,22.498,22.513,22.536,22.559,22.559,22.544,22.513,22.483,22.460,22.460,22.460,22.468,22.483,22.490,22.506,22.521,22.536,22.536,22.536,22.536,22.528,22.521,22.513,22.506,22.506,22.506,22.513,22.521,22.528,22.544,22.559,22.574,22.589,22.604,22.612,22.627,22.642,22.658,22.665,22.673,22.688,22.696,22.696,22.703,22.718,22.741,22.756,22.779,22.794,22.809,22.824,22.840,22.862,22.893,22.915,22.946,22.984,23.021,23.044,23.067,23.082,23.089,23.089
,23.648,23.640,23.625,23.610,23.587,23.565,23.542,23.527,23.512,23.497,23.482,23.474,23.467,23.452,23.437,23.422,23.407,23.384,23.361,23.346,23.331,23.309,23.293,23.293,23.286,23.278,23.263,23.263,23.263,23.248,23.241,23.233,23.226,23.210,23.188,23.173,23.158,23.135,23.112,23.097,23.074,23.044,23.014,22.984,22.961,22.946,22.938,22.946,22.946,22.946,22.938,22.931,22.923,22.908,22.893,22.885,22.870,22.862,22.847,22.847,22.840,22.832,22.817,22.802,22.787,22.771,22.771,22.771,22.771,22.771,22.764,22.756,22.749,22.733,22.726,22.711,22.703,22.703,22.703,22.703,22.703,22.696,22.696,22.680,22.673,22.665,22.650,22.650,22.642,22.635,22.627,22.620,22.612,22.604,22.597,22.589,22.582,22.566,22.559,22.551,22.544,22.528,22.513,22.506,22.490,22.483,22.468,22.460,22.452,22.437,22.429,22.422,22.414,22.407,22.407,22.407,22.407,22.407,22.407,22.414,22.414,22.414,22.407,22.399,22.391,22.384,22.376,22.384,22.384,22.384,22.376,22.369,22.361,22.369,22.376,22.391,22.414,22.422,22.422,22.422,22.422,22.422,22.429,22.445,22.452,22.475,22.490,22.513,22.536,22.551,22.551,22.536,22.528,22.521,22.528,22.536,22.544,22.551,22.559,22.566,22.574,22.574,22.582,22.582,22.589,22.597,22.604,22.612,22.620,22.635,22.650,22.665,22.680,22.688,22.696,22.688,22.680,22.680,22.680,22.688,22.688,22.680,22.673,22.665,22.650,22.650,22.650,22.658,22.658,22.658,22.658,22.658,22.658,22.658,22.650,22.642,22.635,22.635,22.642,22.658,22.665,22.673,22.665,22.658,22.650,22.642,22.658,22.665,22.680,22.688,22.696,22.688,22.688,22.696,22.696,22.703,22.703,22.711,22.718,22.718,22.718,22.718,22.726,22.726,22.726,22.726,22.726,22.726,22.733,22.733,22.733,22.733,22.733,22.733,22.733,22.733,22.733,22.741,22.741,22.749,22.749,22.756,22.771,22.779,22.779,22.794,22.794,22.794,22.794,22.794,22.802,22.817,22.824,22.832,22.840,22.840,22.847,22.847,22.847,22.840,22.832,22.824,22.824,22.824,22.824,22.824,22.824,22.824,22.824,22.824,22.817,22.817,22.817,22.817,22.817,22.817,22.809,22.817,22.817,22.817,22.817,22.824,22.832,22.840,22.847,22.847,22.847,22.855,22.847,22.847,22.847,22.840,22.832,22.817,22.817,22.809,22.802,22.794,22.779,22.764,22.749,22.741,22.733,22.733,22.733,22.726,22.726,22.718,22.718,22.711,22.711,22.711,22.711,22.703,22.696,22.688,22.680,22.673,22.665,22.658,22.658,22.658,22.658,22.658,22.665,22.665,22.658,22.658,22.650,22.650,22.650,22.642,22.650,22.658,22.673,22.688,22.711,22.733,22.756,22.771,22.787,22.787,22.779,22.756,22.733,22.718,22.696,22.688,22.688,22.680,22.680,22.688,22.696,22.696,22.703,22.711,22.718,22.718,22.711,22.703,22.696,22.680,22.680,22.673,22.673,22.680,22.688,22.696,22.696,22.688,22.673,22.642,22.627,22.620,22.627,22.650,22.673,22.688,22.696,22.703,22.703,22.696,22.688,22.673,22.665,22.650,22.642,22.635,22.627,22.635,22.650,22.673,22.680,22.688,22.673,22.650,22.627,22.612,22.597,22.597,22.589,22.582,22.574,22.566,22.566,22.559,22.551,22.559,22.551,22.551,22.544,22.544,22.536,22.528,22.521,22.513,22.506,22.506,22.513,22.536,22.551,22.551,22.528,22.506,22.475,22.460,22.460,22.460,22.468,22.483,22.490,22.506,22.513,22.521,22.521,22.513,22.513,22.506,22.498,22.498,22.498,22.498,22.498,22.506,22.513,22.528,22.544,22.559,22.574,22.589,22.604,22.612,22.620,22.635,22.650,22.658,22.673,22.688,22.696,22.703,22.711,22.718,22.741,22.756,22.779,22.802,22.817,22.824,22.840,22.870,22.900,22.923,22.953,22.991,23.029,23.059,23.089,23.105,23.112,23.112
,23.648,23.640,23.632,23.610,23.587,23.557,23.542,23.527,23.512,23.497,23.489,23.482,23.474,23.452,23.429,23.407,23.384,23.361,23.339,23.324,23.316,23.293,23.293,23.293,23.286,23.278,23.278,23.271,23.271,23.263,23.248,23.241,23.233,23.218,23.195,23.173,23.150,23.127,23.105,23.082,23.059,23.037,22.999,22.976,22.953,22.946,22.938,22.946,22.946,22.946,22.938,22.931,22.915,22.900,22.885,22.870,22.862,22.847,22.840,22.832,22.832,22.824,22.809,22.794,22.779,22.764,22.764,22.771,22.771,22.764,22.764,22.756,22.749,22.733,22.726,22.711,22.703,22.703,22.703,22.703,22.703,22.696,22.696,22.680,22.665,22.650,22.642,22.635,22.635,22.620,22.612,22.612,22.597,22.589,22.574,22.574,22.559,22.551,22.536,22.536,22.521,22.513,22.506,22.498,22.490,22.483,22.468,22.460,22.452,22.437,22.429,22.422,22.414,22.407,22.399,22.399,22.399,22.399,22.399,22.407,22.407,22.399,22.391,22.391,22.376,22.369,22.369,22.369,22.369,22.369,22.361,22.353,22.353,22.353,22.361,22.376,22.391,22.407,22.407,22.407,22.414,22.422,22.429,22.437,22.452,22.468,22.483,22.498,22.513,22.521,22.521,22.513,22.506,22.513,22.513,22.528,22.536,22.551,22.551,22.559,22.566,22.574,22.574,22.574,22.582,22.597,22.597,22.597,22.604,22.620,22.635,22.650,22.665,22.680,22.688,22.688,22.680,22.680,22.680,22.680,22.680,22.673,22.665,22.650,22.642,22.642,22.650,22.658,22.665,22.673,22.673,22.658,22.650,22.642,22.635,22.620,22.612,22.620,22.635,22.658,22.673,22.688,22.688,22.673,22.665,22.658,22.658,22.665,22.673,22.673,22.680,22.680,22.688,22.696,22.703,22.711,22.718,22.726,22.733,22.733,22.733,22.741,22.741,22.741,22.741,22.741,22.741,22.741,22.749,22.749,22.756,22.756,22.756,22.764,22.756,22.756,22.756,22.756,22.756,22.756,22.756,22.764,22.771,22.779,22.787,22.794,22.794,22.794,22.794,22.802,22.802,22.809,22.817,22.824,22.824,22.832,22.840,22.840,22.840,22.840,22.832,22.832,22.832,22.824,22.824,22.824,22.824,22.824,22.824,22.824,22.824,22.832,22.832,22.832,22.832,22.824,22.824,22.824,22.824,22.824,22.824,22.832,22.832,22.840,22.847,22.855,22.855,22.855,22.855,22.847,22.847,22.840,22.832,22.817,22.817,22.809,22.802,22.794,22.779,22.764,22.756,22.741,22.733,22.733,22.733,22.726,22.726,22.726,22.718,22.718,22.718,22.711,22.711,22.703,22.703,22.696,22.688,22.673,22.673,22.665,22.665,22.665,22.665,22.673,22.680,22.680,22.673,22.658,22.650,22.642,22.642,22.642,22.642,22.658,22.673,22.688,22.711,22.741,22.771,22.787,22.802,22.809,22.794,22.771,22.741,22.718,22.696,22.680,22.673,22.673,22.673,22.680,22.688,22.696,22.703,22.711,22.711,22.711,22.703,22.688,22.680,22.665,22.665,22.658,22.658,22.665,22.673,22.688,22.696,22.696,22.665,22.635,22.620,22.612,22.620,22.650,22.680,22.696,22.711,22.703,22.696,22.688,22.680,22.673,22.665,22.658,22.642,22.635,22.627,22.635,22.650,22.673,22.680,22.688,22.673,22.658,22.635,22.612,22.604,22.597,22.589,22.582,22.582,22.566,22.559,22.559,22.551,22.551,22.544,22.544,22.536,22.536,22.528,22.528,22.521,22.513,22.513,22.513,22.513,22.528,22.544,22.544,22.521,22.490,22.468,22.460,22.460,22.460,22.468,22.483,22.483,22.490,22.498,22.506,22.498,22.490,22.490,22.483,22.475,22.483,22.490,22.498,22.498,22.506,22.513,22.528,22.544,22.559,22.574,22.589,22.597,22.604,22.612,22.627,22.642,22.658,22.673,22.688,22.696,22.703,22.711,22.726,22.741,22.764,22.779,22.802,22.817,22.832,22.847,22.870,22.908,22.931,22.961,22.999,23.044,23.074,23.097,23.120,23.120,23.127
,23.655,23.648,23.640,23.610,23.587,23.557,23.535,23.520,23.512,23.489,23.489,23.482,23.482,23.467,23.437,23.414,23.392,23.361,23.346,23.331,23.316,23.301,23.293,23.293,23.286,23.278,23.271,23.263,23.256,23.248,23.233,23.226,23.210,23.195,23.173,23.158,23.135,23.112,23.089,23.074,23.052,23.021,22.999,22.976,22.961,22.946,22.946,22.946,22.946,22.938,22.931,22.915,22.900,22.885,22.870,22.862,22.847,22.840,22.832,22.832,22.824,22.817,22.802,22.787,22.771,22.764,22.764,22.764,22.764,22.764,22.756,22.749,22.741,22.726,22.726,22.711,22.703,22.703,22.703,22.703,22.703,22.696,22.688,22.673,22.658,22.642,22.627,22.627,22.620,22.612,22.604,22.597,22.582,22.574,22.559,22.551,22.544,22.528,22.521,22.513,22.506,22.506,22.498,22.498,22.498,22.483,22.475,22.460,22.445,22.429,22.414,22.407,22.399,22.399,22.391,22.391,22.391,22.391,22.391,22.391,22.391,22.391,22.384,22.376,22.361,22.361,22.353,22.353,22.353,22.353,22.346,22.346,22.346,22.346,22.353,22.376,22.384,22.399,22.399,22.399,22.399,22.407,22.422,22.429,22.445,22.460,22.475,22.490,22.506,22.513,22.513,22.506,22.506,22.506,22.513,22.521,22.528,22.544,22.551,22.551,22.559,22.566,22.574,22.574,22.582,22.597,22.597,22.597,22.604,22.612,22.627,22.642,22.658,22.673,22.680,22.673,22.673,22.673,22.680,22.680,22.680,22.680,22.673,22.658,22.650,22.650,22.650,22.665,22.680,22.680,22.673,22.665,22.650,22.635,22.620,22.612,22.612,22.612,22.627,22.650,22.673,22.688,22.688,22.673,22.665,22.658,22.658,22.658,22.658,22.665,22.665,22.665,22.673,22.680,22.696,22.703,22.718,22.733,22.733,22.741,22.741,22.741,22.749,22.749,22.741,22.741,22.749,22.756,22.764,22.764,22.764,22.771,22.771,22.771,22.771,22.771,22.764,22.764,22.756,22.756,22.764,22.771,22.771,22.779,22.787,22.794,22.794,22.794,22.794,22.802,22.802,22.809,22.817,22.824,22.824,22.832,22.832,22.832,22.840,22.840,22.832,22.832,22.832,22.824,22.824,22.824,22.824,22.824,22.824,22.824,22.824,22.832,22.832,22.832,22.832,22.832,22.824,22.824,22.824,22.824,22.832,22.832,22.832,22.840,22.847,22.855,22.855,22.855,22.855,22.847,22.847,22.840,22.832,22.817,22.817,22.809,22.809,22.794,22.787,22.771,22.756,22.741,22.741,22.733,22.733,22.726,22.726,22.726,22.718,22.718,22.711,22.711,22.703,22.703,22.696,22.688,22.680,22.673,22.673,22.665,22.665,22.665,22.665,22.680,22.680,22.680,22.673,22.658,22.642,22.642,22.642,22.642,22.650,22.665,22.673,22.688,22.711,22.726,22.749,22.771,22.779,22.787,22.779,22.756,22.733,22.711,22.696,22.688,22.680,22.673,22.673,22.680,22.688,22.696,22.696,22.696,22.703,22.703,22.688,22.680,22.665,22.665,22.658,22.650,22.650,22.658,22.665,22.673,22.680,22.680,22.665,22.642,22.627,22.620,22.627,22.658,22.673,22.688,22.680,22.665,22.658,22.650,22.658,22.665,22.673,22.673,22.658,22.650,22.642,22.635,22.642,22.650,22.658,22.665,22.658,22.650,22.642,22.627,22.612,22.604,22.597,22.582,22.574,22.566,22.566,22.559,22.559,22.551,22.551,22.544,22.536,22.528,22.521,22.513,22.513,22.513,22.513,22.513,22.513,22.528,22.536,22.528,22.513,22.490,22.468,22.460,22.460,22.460,22.468,22.483,22.483,22.483,22.483,22.475,22.468,22.468,22.460,22.460,22.460,22.468,22.475,22.490,22.498,22.506,22.513,22.528,22.544,22.559,22.566,22.582,22.589,22.597,22.604,22.620,22.635,22.650,22.665,22.688,22.696,22.703,22.718,22.733,22.749,22.764,22.787,22.802,22.817,22.832,22.847,22.870,22.908,22.931,22.961,22.999,23.044,23.074,23.097,23.120,23.120,23.127
,23.663,23.655,23.640,23.617,23.587,23.565,23.535,23.520,23.505,23.489,23.489,23.489,23.489,23.474,23.452,23.429,23.407,23.376,23.361,23.346,23.331,23.316,23.301,23.293,23.286,23.271,23.248,23.241,23.226,23.218,23.203,23.195,23.180,23.165,23.150,23.135,23.120,23.097,23.082,23.059,23.044,23.021,22.999,22.984,22.968,22.953,22.946,22.946,22.938,22.931,22.915,22.900,22.885,22.870,22.855,22.847,22.840,22.824,22.817,22.824,22.824,22.817,22.802,22.787,22.771,22.756,22.756,22.756,22.756,22.756,22.749,22.741,22.733,22.726,22.718,22.711,22.703,22.703,22.703,22.703,22.703,22.696,22.680,22.665,22.650,22.627,22.620,22.612,22.612,22.604,22.589,22.582,22.574,22.566,22.551,22.536,22.528,22.513,22.506,22.498,22.498,22.498,22.498,22.498,22.498,22.490,22.475,22.452,22.437,22.422,22.407,22.399,22.391,22.384,22.384,22.384,22.384,22.384,22.384,22.384,22.384,22.376,22.369,22.361,22.353,22.346,22.338,22.338,22.338,22.338,22.338,22.338,22.338,22.346,22.361,22.376,22.384,22.399,22.399,22.391,22.391,22.399,22.414,22.422,22.437,22.460,22.475,22.490,22.498,22.513,22.513,22.513,22.506,22.506,22.513,22.528,22.536,22.544,22.544,22.559,22.566,22.566,22.582,22.582,22.589,22.597,22.597,22.597,22.604,22.612,22.620,22.635,22.642,22.658,22.665,22.658,22.658,22.665,22.673,22.688,22.688,22.696,22.680,22.673,22.658,22.658,22.665,22.673,22.680,22.680,22.680,22.665,22.650,22.635,22.620,22.612,22.612,22.612,22.627,22.642,22.658,22.673,22.673,22.673,22.665,22.658,22.658,22.658,22.650,22.650,22.650,22.650,22.658,22.665,22.680,22.696,22.711,22.726,22.733,22.741,22.749,22.749,22.749,22.749,22.749,22.749,22.764,22.764,22.771,22.779,22.779,22.779,22.779,22.779,22.779,22.779,22.779,22.771,22.771,22.764,22.764,22.771,22.771,22.779,22.787,22.794,22.794,22.802,22.802,22.802,22.809,22.809,22.817,22.824,22.824,22.824,22.824,22.824,22.832,22.832,22.832,22.832,22.832,22.824,22.817,22.817,22.817,22.817,22.817,22.824,22.824,22.824,22.832,22.832,22.832,22.832,22.832,22.840,22.840,22.840,22.840,22.840,22.840,22.847,22.847,22.855,22.855,22.855,22.855,22.847,22.847,22.840,22.832,22.817,22.817,22.817,22.809,22.802,22.787,22.771,22.764,22.749,22.741,22.733,22.726,22.726,22.718,22.711,22.711,22.703,22.696,22.696,22.688,22.688,22.680,22.673,22.673,22.665,22.665,22.658,22.658,22.658,22.665,22.673,22.673,22.673,22.665,22.658,22.650,22.642,22.642,22.642,22.650,22.665,22.673,22.688,22.696,22.711,22.726,22.733,22.741,22.741,22.741,22.733,22.718,22.703,22.696,22.688,22.688,22.680,22.680,22.680,22.688,22.688,22.688,22.688,22.688,22.680,22.673,22.665,22.665,22.658,22.650,22.650,22.650,22.650,22.650,22.658,22.665,22.665,22.658,22.650,22.635,22.635,22.642,22.650,22.665,22.665,22.642,22.620,22.612,22.604,22.620,22.650,22.673,22.688,22.680,22.665,22.650,22.642,22.635,22.635,22.627,22.627,22.627,22.635,22.635,22.635,22.620,22.604,22.597,22.582,22.574,22.574,22.574,22.574,22.566,22.566,22.566,22.551,22.536,22.521,22.513,22.498,22.498,22.506,22.506,22.513,22.513,22.528,22.528,22.528,22.506,22.483,22.468,22.460,22.460,22.468,22.475,22.475,22.468,22.460,22.460,22.452,22.445,22.437,22.437,22.445,22.452,22.460,22.475,22.490,22.498,22.513,22.521,22.528,22.544,22.551,22.566,22.574,22.589,22.597,22.604,22.612,22.635,22.650,22.665,22.680,22.696,22.711,22.718,22.733,22.749,22.764,22.787,22.802,22.817,22.832,22.847,22.870,22.900,22.923,22.953,22.991,23.037,23.067,23.089,23.105,23.112,23.112
,23.670,23.663,23.648,23.625,23.595,23.565,23.542,23.520,23.505,23.489,23.489,23.489,23.489,23.482,23.459,23.444,23.422,23.392,23.376,23.369,23.354,23.331,23.316,23.301,23.278,23.263,23.241,23.226,23.203,23.188,23.173,23.165,23.158,23.135,23.120,23.112,23.105,23.082,23.067,23.052,23.037,23.014,22.999,22.984,22.968,22.953,22.938,22.938,22.931,22.915,22.893,22.885,22.870,22.855,22.840,22.832,22.824,22.809,22.809,22.809,22.809,22.809,22.794,22.779,22.764,22.756,22.749,22.749,22.749,22.741,22.741,22.733,22.726,22.726,22.711,22.703,22.696,22.696,22.696,22.703,22.703,22.696,22.680,22.658,22.635,22.620,22.612,22.604,22.597,22.589,22.582,22.574,22.566,22.551,22.536,22.528,22.513,22.506,22.490,22.490,22.490,22.483,22.490,22.490,22.490,22.483,22.468,22.445,22.429,22.407,22.391,22.384,22.384,22.376,22.376,22.376,22.376,22.376,22.376,22.376,22.376,22.369,22.361,22.353,22.346,22.338,22.330,22.323,22.323,22.330,22.330,22.330,22.338,22.353,22.361,22.376,22.384,22.399,22.399,22.384,22.384,22.391,22.407,22.414,22.437,22.460,22.475,22.490,22.506,22.513,22.521,22.513,22.513,22.513,22.521,22.528,22.536,22.544,22.551,22.559,22.566,22.574,22.582,22.589,22.589,22.597,22.604,22.604,22.604,22.612,22.612,22.620,22.627,22.642,22.650,22.650,22.650,22.658,22.673,22.680,22.696,22.696,22.688,22.680,22.665,22.665,22.665,22.680,22.688,22.680,22.673,22.658,22.642,22.627,22.620,22.612,22.612,22.612,22.620,22.635,22.650,22.665,22.665,22.665,22.665,22.658,22.658,22.650,22.650,22.642,22.642,22.642,22.642,22.650,22.665,22.688,22.703,22.718,22.733,22.741,22.749,22.756,22.756,22.756,22.756,22.756,22.771,22.779,22.779,22.787,22.787,22.787,22.787,22.787,22.787,22.787,22.787,22.779,22.779,22.771,22.771,22.771,22.779,22.787,22.787,22.802,22.802,22.802,22.802,22.809,22.809,22.817,22.817,22.817,22.817,22.817,22.817,22.817,22.824,22.832,22.840,22.840,22.832,22.824,22.824,22.817,22.817,22.817,22.817,22.824,22.824,22.832,22.840,22.840,22.847,22.847,22.847,22.847,22.847,22.847,22.847,22.847,22.847,22.855,22.855,22.855,22.855,22.855,22.855,22.847,22.847,22.840,22.832,22.824,22.824,22.817,22.809,22.802,22.787,22.779,22.764,22.749,22.741,22.733,22.726,22.718,22.711,22.711,22.703,22.696,22.688,22.680,22.673,22.673,22.665,22.665,22.665,22.658,22.658,22.658,22.658,22.658,22.658,22.665,22.665,22.665,22.658,22.658,22.650,22.650,22.650,22.650,22.650,22.658,22.673,22.680,22.688,22.696,22.703,22.703,22.703,22.703,22.711,22.703,22.703,22.696,22.696,22.696,22.688,22.688,22.688,22.688,22.680,22.680,22.680,22.673,22.673,22.665,22.665,22.658,22.650,22.650,22.642,22.642,22.642,22.642,22.642,22.650,22.650,22.658,22.658,22.650,22.650,22.650,22.650,22.658,22.650,22.642,22.620,22.589,22.574,22.574,22.597,22.635,22.673,22.696,22.696,22.680,22.665,22.650,22.627,22.620,22.604,22.604,22.612,22.620,22.635,22.642,22.627,22.612,22.597,22.582,22.574,22.582,22.582,22.582,22.582,22.582,22.582,22.566,22.544,22.521,22.506,22.490,22.490,22.498,22.506,22.513,22.513,22.528,22.528,22.521,22.506,22.483,22.460,22.452,22.452,22.460,22.468,22.468,22.460,22.445,22.437,22.429,22.422,22.422,22.422,22.429,22.445,22.452,22.468,22.483,22.498,22.506,22.521,22.536,22.544,22.551,22.559,22.566,22.582,22.589,22.597,22.612,22.627,22.642,22.658,22.680,22.696,22.711,22.718,22.733,22.756,22.771,22.787,22.802,22.817,22.832,22.847,22.870,22.900,22.923,22.953,22.984,23.029,23.059,23.082,23.097,23.105,23.105
,23.670,23.663,23.648,23.625,23.602,23.572,23.542,23.527,23.505,23.489,23.489,23.489,23.489,23.489,23.467,23.452,23.429,23.407,23.392,23.384,23.369,23.346,23.324,23.309,23.286,23.256,23.233,23.218,23.195,23.173,23.158,23.142,23.127,23.112,23.105,23.097,23.089,23.074,23.059,23.037,23.021,23.006,22.991,22.984,22.968,22.953,22.938,22.923,22.908,22.900,22.878,22.862,22.847,22.840,22.824,22.817,22.802,22.794,22.794,22.802,22.802,22.794,22.787,22.771,22.764,22.749,22.741,22.741,22.733,22.726,22.718,22.718,22.718,22.711,22.703,22.696,22.688,22.680,22.688,22.696,22.696,22.688,22.673,22.650,22.627,22.604,22.597,22.589,22.582,22.574,22.566,22.566,22.559,22.544,22.528,22.513,22.506,22.490,22.483,22.475,22.475,22.468,22.475,22.483,22.483,22.475,22.452,22.437,22.414,22.399,22.384,22.376,22.369,22.369,22.369,22.361,22.361,22.361,22.361,22.361,22.361,22.361,22.353,22.346,22.338,22.323,22.323,22.323,22.323,22.323,22.323,22.330,22.338,22.353,22.361,22.376,22.391,22.399,22.399,22.384,22.384,22.384,22.399,22.414,22.429,22.452,22.475,22.490,22.506,22.521,22.528,22.528,22.528,22.528,22.528,22.536,22.536,22.544,22.551,22.559,22.566,22.582,22.582,22.589,22.597,22.604,22.604,22.604,22.604,22.612,22.612,22.620,22.620,22.627,22.635,22.635,22.642,22.658,22.665,22.680,22.688,22.696,22.688,22.680,22.673,22.665,22.665,22.680,22.680,22.680,22.673,22.658,22.642,22.635,22.627,22.620,22.620,22.620,22.627,22.635,22.642,22.650,22.658,22.658,22.658,22.658,22.658,22.650,22.642,22.642,22.642,22.635,22.635,22.642,22.658,22.673,22.696,22.718,22.733,22.741,22.749,22.756,22.756,22.764,22.764,22.764,22.771,22.779,22.787,22.794,22.802,22.802,22.802,22.802,22.802,22.802,22.794,22.794,22.787,22.779,22.779,22.779,22.779,22.787,22.794,22.802,22.802,22.802,22.802,22.802,22.809,22.809,22.809,22.817,22.809,22.809,22.809,22.809,22.817,22.832,22.840,22.847,22.847,22.832,22.824,22.824,22.824,22.824,22.832,22.832,22.840,22.847,22.847,22.855,22.862,22.862,22.862,22.862,22.862,22.862,22.862,22.862,22.862,22.862,22.862,22.862,22.862,22.862,22.855,22.855,22.847,22.840,22.832,22.824,22.824,22.824,22.817,22.802,22.794,22.779,22.764,22.749,22.741,22.733,22.726,22.711,22.711,22.703,22.696,22.688,22.680,22.673,22.665,22.658,22.658,22.658,22.665,22.665,22.658,22.658,22.658,22.650,22.650,22.658,22.658,22.658,22.658,22.650,22.650,22.650,22.650,22.650,22.650,22.658,22.665,22.673,22.680,22.680,22.680,22.680,22.673,22.673,22.680,22.680,22.688,22.688,22.688,22.688,22.688,22.688,22.688,22.688,22.680,22.673,22.673,22.665,22.658,22.650,22.650,22.650,22.642,22.635,22.635,22.642,22.642,22.642,22.642,22.642,22.650,22.650,22.658,22.658,22.665,22.665,22.665,22.665,22.658,22.635,22.612,22.574,22.559,22.551,22.582,22.627,22.673,22.703,22.703,22.696,22.673,22.650,22.627,22.612,22.597,22.589,22.604,22.620,22.635,22.642,22.635,22.620,22.604,22.589,22.589,22.589,22.597,22.597,22.597,22.597,22.589,22.574,22.551,22.528,22.513,22.498,22.490,22.498,22.506,22.513,22.513,22.521,22.521,22.513,22.498,22.475,22.452,22.445,22.445,22.452,22.460,22.452,22.437,22.429,22.414,22.407,22.399,22.399,22.407,22.422,22.429,22.437,22.452,22.475,22.490,22.498,22.513,22.536,22.544,22.551,22.559,22.566,22.574,22.582,22.589,22.604,22.620,22.635,22.658,22.680,22.696,22.711,22.726,22.741,22.756,22.771,22.787,22.809,22.817,22.832,22.847,22.870,22.908,22.923,22.953,22.984,23.029,23.052,23.074,23.089,23.089,23.097
,23.663,23.655,23.648,23.632,23.610,23.580,23.550,23.535,23.512,23.497,23.489,23.489,23.489,23.482,23.467,23.444,23.422,23.407,23.399,23.392,23.376,23.361,23.339,23.316,23.293,23.271,23.241,23.218,23.195,23.173,23.150,23.135,23.120,23.105,23.089,23.082,23.074,23.059,23.044,23.029,23.014,22.991,22.984,22.968,22.961,22.938,22.923,22.915,22.893,22.878,22.855,22.847,22.832,22.824,22.802,22.794,22.787,22.787,22.787,22.787,22.794,22.787,22.779,22.764,22.756,22.741,22.733,22.733,22.726,22.718,22.711,22.711,22.703,22.703,22.688,22.680,22.673,22.665,22.680,22.688,22.696,22.688,22.665,22.642,22.612,22.597,22.582,22.574,22.566,22.559,22.551,22.551,22.544,22.536,22.528,22.521,22.513,22.498,22.483,22.468,22.452,22.445,22.445,22.452,22.452,22.452,22.429,22.414,22.399,22.384,22.376,22.369,22.369,22.369,22.361,22.361,22.353,22.353,22.353,22.353,22.353,22.353,22.346,22.330,22.323,22.323,22.323,22.323,22.323,22.323,22.323,22.330,22.338,22.346,22.361,22.376,22.391,22.399,22.399,22.391,22.384,22.391,22.399,22.414,22.429,22.452,22.475,22.490,22.513,22.528,22.536,22.536,22.528,22.528,22.528,22.536,22.536,22.544,22.551,22.559,22.566,22.582,22.582,22.589,22.597,22.604,22.604,22.604,22.604,22.612,22.612,22.620,22.620,22.627,22.627,22.635,22.642,22.650,22.658,22.673,22.680,22.688,22.680,22.673,22.658,22.658,22.665,22.673,22.680,22.680,22.673,22.658,22.650,22.635,22.635,22.627,22.627,22.627,22.627,22.635,22.635,22.642,22.650,22.650,22.658,22.658,22.658,22.650,22.642,22.642,22.642,22.635,22.635,22.642,22.658,22.673,22.696,22.711,22.726,22.741,22.749,22.756,22.756,22.764,22.764,22.771,22.771,22.787,22.794,22.802,22.802,22.809,22.809,22.809,22.802,22.802,22.802,22.794,22.794,22.787,22.779,22.779,22.779,22.787,22.794,22.802,22.802,22.802,22.802,22.802,22.802,22.794,22.794,22.794,22.787,22.787,22.787,22.794,22.809,22.832,22.847,22.855,22.855,22.840,22.832,22.824,22.832,22.840,22.855,22.862,22.862,22.862,22.870,22.870,22.870,22.878,22.878,22.878,22.878,22.878,22.878,22.870,22.870,22.870,22.870,22.870,22.862,22.862,22.862,22.855,22.855,22.847,22.840,22.832,22.824,22.824,22.817,22.802,22.794,22.779,22.764,22.749,22.741,22.726,22.718,22.711,22.703,22.696,22.688,22.680,22.680,22.673,22.665,22.658,22.658,22.665,22.665,22.665,22.665,22.658,22.658,22.650,22.650,22.650,22.658,22.658,22.650,22.650,22.650,22.650,22.650,22.650,22.650,22.650,22.658,22.665,22.673,22.680,22.680,22.665,22.665,22.665,22.673,22.673,22.680,22.688,22.688,22.688,22.688,22.688,22.688,22.688,22.680,22.673,22.673,22.665,22.658,22.650,22.642,22.642,22.635,22.635,22.635,22.642,22.642,22.642,22.642,22.642,22.650,22.658,22.665,22.673,22.680,22.680,22.680,22.680,22.673,22.658,22.627,22.597,22.574,22.574,22.597,22.635,22.665,22.696,22.703,22.688,22.673,22.658,22.642,22.627,22.620,22.612,22.612,22.627,22.635,22.635,22.635,22.620,22.612,22.597,22.597,22.604,22.604,22.597,22.597,22.597,22.582,22.566,22.559,22.536,22.521,22.506,22.506,22.506,22.506,22.513,22.513,22.513,22.513,22.498,22.483,22.460,22.445,22.429,22.422,22.422,22.422,22.422,22.407,22.399,22.399,22.399,22.399,22.399,22.407,22.414,22.422,22.422,22.437,22.452,22.475,22.490,22.506,22.521,22.536,22.536,22.544,22.559,22.574,22.589,22.597,22.612,22.627,22.642,22.658,22.673,22.688,22.703,22.718,22.733,22.756,22.771,22.787,22.809,22.832,22.847,22.862,22.885,22.908,22.931,22.953,22.984,23.021,23.052,23.074,23.089,23.089,23.097
,23.655,23.648,23.640,23.625,23.610,23.587,23.557,23.542,23.520,23.505,23.489,23.489,23.489,23.474,23.459,23.437,23.422,23.407,23.399,23.392,23.384,23.369,23.346,23.331,23.309,23.278,23.248,23.233,23.210,23.180,23.158,23.135,23.112,23.097,23.082,23.082,23.074,23.059,23.037,23.021,23.006,22.984,22.976,22.961,22.946,22.931,22.915,22.900,22.878,22.862,22.847,22.832,22.824,22.809,22.794,22.787,22.779,22.771,22.779,22.787,22.787,22.779,22.771,22.756,22.741,22.733,22.726,22.726,22.726,22.718,22.703,22.696,22.696,22.688,22.680,22.665,22.650,22.650,22.658,22.673,22.680,22.680,22.658,22.635,22.612,22.589,22.574,22.566,22.559,22.544,22.536,22.536,22.536,22.528,22.528,22.528,22.521,22.506,22.490,22.460,22.437,22.422,22.414,22.422,22.422,22.422,22.407,22.399,22.391,22.384,22.376,22.369,22.361,22.361,22.353,22.353,22.353,22.346,22.346,22.346,22.346,22.346,22.338,22.330,22.323,22.323,22.323,22.323,22.323,22.330,22.330,22.330,22.338,22.346,22.361,22.384,22.399,22.407,22.407,22.399,22.399,22.399,22.407,22.414,22.429,22.452,22.475,22.498,22.521,22.544,22.551,22.544,22.544,22.544,22.544,22.544,22.544,22.544,22.551,22.559,22.566,22.582,22.582,22.589,22.589,22.597,22.597,22.604,22.612,22.612,22.612,22.620,22.627,22.627,22.635,22.635,22.642,22.650,22.658,22.665,22.673,22.673,22.665,22.650,22.642,22.642,22.650,22.665,22.673,22.673,22.673,22.658,22.650,22.635,22.635,22.635,22.635,22.635,22.635,22.635,22.635,22.635,22.642,22.650,22.650,22.658,22.658,22.650,22.642,22.642,22.642,22.635,22.642,22.642,22.658,22.673,22.688,22.703,22.726,22.733,22.741,22.756,22.756,22.764,22.764,22.764,22.771,22.787,22.794,22.802,22.802,22.809,22.817,22.809,22.809,22.809,22.802,22.794,22.794,22.787,22.787,22.787,22.787,22.787,22.794,22.794,22.794,22.794,22.794,22.787,22.787,22.779,22.771,22.771,22.764,22.764,22.771,22.779,22.802,22.832,22.855,22.870,22.862,22.847,22.840,22.832,22.847,22.855,22.870,22.885,22.893,22.885,22.885,22.885,22.885,22.893,22.893,22.893,22.893,22.885,22.885,22.878,22.878,22.878,22.878,22.878,22.878,22.878,22.870,22.870,22.862,22.855,22.847,22.832,22.824,22.817,22.809,22.802,22.787,22.779,22.764,22.749,22.741,22.726,22.718,22.703,22.696,22.696,22.688,22.680,22.680,22.673,22.665,22.665,22.665,22.673,22.673,22.673,22.665,22.658,22.650,22.650,22.650,22.650,22.650,22.650,22.650,22.650,22.650,22.650,22.650,22.642,22.642,22.642,22.658,22.665,22.665,22.680,22.680,22.673,22.665,22.665,22.665,22.673,22.673,22.680,22.680,22.688,22.688,22.688,22.688,22.688,22.680,22.680,22.673,22.665,22.658,22.650,22.642,22.635,22.635,22.635,22.635,22.642,22.650,22.658,22.658,22.658,22.658,22.665,22.680,22.688,22.688,22.696,22.696,22.696,22.696,22.680,22.658,22.635,22.612,22.604,22.620,22.642,22.665,22.680,22.688,22.680,22.673,22.665,22.658,22.658,22.658,22.650,22.642,22.635,22.635,22.627,22.620,22.620,22.612,22.612,22.612,22.612,22.612,22.604,22.597,22.589,22.582,22.566,22.559,22.551,22.544,22.528,22.528,22.521,22.513,22.506,22.506,22.506,22.506,22.490,22.475,22.452,22.437,22.414,22.399,22.391,22.391,22.384,22.376,22.384,22.391,22.399,22.407,22.407,22.414,22.414,22.414,22.422,22.429,22.437,22.452,22.475,22.490,22.513,22.528,22.536,22.544,22.559,22.574,22.589,22.604,22.620,22.635,22.650,22.658,22.673,22.688,22.696,22.711,22.726,22.749,22.771,22.794,22.817,22.840,22.847,22.870,22.893,22.915,22.931,22.953,22.984,23.021,23.044,23.067,23.082,23.089,23.089
,23.648,23.640,23.632,23.625,23.610,23.587,23.572,23.550,23.527,23.512,23.497,23.489,23.482,23.474,23.452,23.429,23.414,23.399,23.399,23.392,23.384,23.369,23.354,23.339,23.316,23.286,23.263,23.241,23.218,23.188,23.158,23.135,23.112,23.097,23.082,23.082,23.074,23.059,23.037,23.014,22.999,22.976,22.961,22.953,22.938,22.915,22.900,22.885,22.862,22.847,22.832,22.817,22.809,22.802,22.787,22.779,22.771,22.764,22.764,22.771,22.771,22.771,22.764,22.749,22.733,22.718,22.718,22.711,22.711,22.703,22.696,22.688,22.680,22.673,22.658,22.642,22.635,22.627,22.642,22.658,22.673,22.673,22.650,22.627,22.604,22.574,22.559,22.551,22.544,22.528,22.528,22.521,22.521,22.521,22.528,22.528,22.528,22.513,22.483,22.452,22.429,22.399,22.391,22.391,22.399,22.391,22.391,22.384,22.376,22.376,22.369,22.369,22.361,22.353,22.353,22.346,22.346,22.338,22.338,22.338,22.338,22.338,22.338,22.330,22.330,22.330,22.330,22.330,22.330,22.338,22.338,22.338,22.338,22.346,22.361,22.384,22.407,22.414,22.414,22.407,22.407,22.407,22.414,22.422,22.429,22.452,22.475,22.506,22.528,22.551,22.559,22.559,22.551,22.551,22.551,22.551,22.551,22.551,22.559,22.566,22.566,22.582,22.582,22.589,22.589,22.597,22.597,22.604,22.612,22.620,22.620,22.620,22.627,22.635,22.635,22.642,22.642,22.642,22.650,22.658,22.658,22.658,22.650,22.642,22.627,22.627,22.642,22.650,22.658,22.665,22.665,22.658,22.650,22.642,22.642,22.642,22.642,22.642,22.642,22.635,22.627,22.627,22.635,22.642,22.650,22.650,22.650,22.650,22.650,22.650,22.642,22.642,22.642,22.650,22.665,22.673,22.688,22.703,22.718,22.726,22.741,22.756,22.756,22.764,22.764,22.764,22.771,22.787,22.794,22.802,22.809,22.817,22.817,22.817,22.817,22.809,22.802,22.794,22.794,22.787,22.787,22.787,22.787,22.787,22.794,22.794,22.794,22.794,22.787,22.787,22.779,22.771,22.764,22.764,22.764,22.764,22.771,22.787,22.809,22.840,22.862,22.885,22.878,22.862,22.847,22.847,22.855,22.878,22.893,22.908,22.908,22.908,22.900,22.900,22.908,22.915,22.915,22.908,22.908,22.900,22.900,22.893,22.893,22.893,22.893,22.893,22.885,22.885,22.885,22.878,22.870,22.862,22.847,22.840,22.832,22.817,22.809,22.794,22.787,22.779,22.771,22.756,22.741,22.726,22.711,22.696,22.696,22.696,22.688,22.680,22.680,22.673,22.673,22.673,22.673,22.680,22.680,22.680,22.673,22.658,22.650,22.642,22.642,22.642,22.642,22.642,22.642,22.642,22.642,22.642,22.642,22.642,22.635,22.642,22.650,22.658,22.665,22.673,22.673,22.673,22.673,22.673,22.673,22.673,22.673,22.673,22.680,22.680,22.680,22.680,22.680,22.688,22.688,22.680,22.680,22.665,22.658,22.650,22.650,22.635,22.635,22.635,22.635,22.642,22.658,22.665,22.673,22.665,22.673,22.673,22.688,22.696,22.696,22.703,22.711,22.711,22.711,22.703,22.680,22.665,22.650,22.642,22.650,22.658,22.665,22.673,22.665,22.665,22.665,22.673,22.673,22.680,22.680,22.680,22.665,22.650,22.635,22.620,22.620,22.620,22.620,22.620,22.620,22.620,22.620,22.612,22.597,22.589,22.582,22.566,22.559,22.559,22.559,22.551,22.544,22.528,22.521,22.513,22.506,22.498,22.490,22.475,22.460,22.445,22.429,22.407,22.384,22.369,22.353,22.353,22.353,22.369,22.384,22.391,22.407,22.407,22.414,22.414,22.414,22.414,22.414,22.422,22.437,22.452,22.475,22.498,22.513,22.528,22.536,22.559,22.574,22.597,22.612,22.627,22.642,22.650,22.658,22.673,22.688,22.696,22.703,22.726,22.749,22.771,22.794,22.817,22.840,22.855,22.878,22.900,22.923,22.938,22.961,22.984,23.014,23.044,23.067,23.082,23.082,23.082
,23.640,23.632,23.632,23.625,23.610,23.595,23.580,23.557,23.535,23.512,23.497,23.489,23.482,23.467,23.444,23.429,23.414,23.399,23.392,23.392,23.384,23.369,23.354,23.339,23.316,23.293,23.263,23.241,23.210,23.188,23.158,23.135,23.112,23.089,23.082,23.074,23.074,23.059,23.037,23.014,22.991,22.968,22.953,22.938,22.923,22.908,22.885,22.862,22.847,22.832,22.817,22.809,22.802,22.794,22.787,22.771,22.764,22.749,22.749,22.756,22.756,22.756,22.741,22.726,22.711,22.703,22.696,22.696,22.696,22.688,22.673,22.673,22.665,22.658,22.642,22.620,22.612,22.604,22.620,22.642,22.658,22.658,22.642,22.612,22.582,22.559,22.544,22.536,22.528,22.513,22.513,22.506,22.513,22.513,22.513,22.521,22.521,22.506,22.475,22.437,22.407,22.384,22.369,22.369,22.369,22.369,22.369,22.369,22.361,22.361,22.361,22.361,22.353,22.353,22.346,22.338,22.330,22.330,22.330,22.330,22.338,22.338,22.338,22.330,22.330,22.330,22.330,22.338,22.338,22.346,22.346,22.338,22.338,22.346,22.361,22.391,22.414,22.429,22.429,22.414,22.414,22.414,22.414,22.422,22.437,22.452,22.483,22.513,22.536,22.559,22.566,22.566,22.559,22.559,22.559,22.559,22.559,22.559,22.566,22.566,22.574,22.582,22.589,22.589,22.589,22.597,22.597,22.604,22.612,22.620,22.620,22.620,22.627,22.635,22.635,22.635,22.635,22.642,22.642,22.650,22.650,22.642,22.642,22.627,22.620,22.620,22.627,22.642,22.650,22.658,22.658,22.658,22.650,22.650,22.650,22.650,22.650,22.642,22.642,22.635,22.627,22.627,22.627,22.635,22.642,22.650,22.650,22.658,22.658,22.658,22.658,22.658,22.658,22.658,22.665,22.673,22.688,22.703,22.711,22.726,22.741,22.756,22.756,22.764,22.764,22.771,22.771,22.787,22.794,22.809,22.809,22.817,22.817,22.817,22.809,22.809,22.802,22.794,22.787,22.787,22.779,22.787,22.794,22.794,22.794,22.794,22.794,22.794,22.794,22.794,22.787,22.787,22.787,22.787,22.787,22.794,22.802,22.817,22.840,22.862,22.885,22.900,22.893,22.878,22.870,22.862,22.878,22.893,22.908,22.915,22.915,22.908,22.908,22.915,22.931,22.938,22.938,22.938,22.931,22.923,22.923,22.915,22.908,22.908,22.908,22.908,22.900,22.900,22.893,22.885,22.878,22.870,22.862,22.840,22.832,22.824,22.809,22.794,22.787,22.779,22.771,22.756,22.741,22.726,22.711,22.696,22.696,22.696,22.688,22.688,22.680,22.673,22.673,22.673,22.673,22.680,22.688,22.680,22.673,22.658,22.650,22.642,22.642,22.642,22.642,22.642,22.642,22.642,22.642,22.642,22.642,22.635,22.635,22.642,22.642,22.650,22.658,22.665,22.665,22.673,22.673,22.673,22.673,22.665,22.665,22.665,22.665,22.673,22.673,22.680,22.680,22.688,22.688,22.680,22.680,22.673,22.665,22.650,22.650,22.642,22.635,22.635,22.642,22.650,22.658,22.673,22.680,22.680,22.680,22.688,22.688,22.696,22.703,22.711,22.711,22.711,22.711,22.711,22.696,22.688,22.680,22.665,22.665,22.658,22.658,22.658,22.650,22.658,22.665,22.673,22.680,22.696,22.696,22.696,22.680,22.650,22.627,22.620,22.620,22.620,22.627,22.635,22.635,22.635,22.627,22.612,22.604,22.589,22.574,22.574,22.566,22.566,22.566,22.559,22.551,22.536,22.528,22.513,22.506,22.490,22.483,22.468,22.452,22.437,22.422,22.399,22.369,22.353,22.338,22.330,22.330,22.353,22.369,22.384,22.399,22.407,22.414,22.414,22.407,22.407,22.407,22.414,22.422,22.437,22.460,22.483,22.506,22.521,22.536,22.551,22.574,22.597,22.620,22.635,22.642,22.650,22.658,22.673,22.680,22.688,22.703,22.726,22.749,22.771,22.802,22.824,22.847,22.870,22.885,22.908,22.931,22.946,22.961,22.984,23.014,23.044,23.067,23.074,23.074,23.074
,23.640,23.632,23.632,23.625,23.617,23.602,23.580,23.557,23.535,23.505,23.497,23.489,23.474,23.459,23.437,23.422,23.414,23.392,23.384,23.376,23.369,23.354,23.339,23.331,23.309,23.286,23.256,23.233,23.203,23.173,23.142,23.120,23.105,23.082,23.074,23.074,23.074,23.067,23.044,23.014,22.991,22.961,22.946,22.931,22.915,22.893,22.870,22.855,22.840,22.817,22.809,22.809,22.802,22.787,22.771,22.764,22.749,22.741,22.733,22.741,22.741,22.733,22.718,22.703,22.688,22.680,22.673,22.673,22.673,22.673,22.658,22.650,22.650,22.642,22.620,22.604,22.597,22.589,22.604,22.627,22.642,22.642,22.627,22.597,22.566,22.544,22.521,22.521,22.513,22.513,22.506,22.506,22.506,22.506,22.506,22.506,22.498,22.475,22.452,22.422,22.391,22.369,22.353,22.353,22.361,22.361,22.361,22.353,22.353,22.353,22.353,22.353,22.346,22.346,22.338,22.330,22.323,22.323,22.330,22.330,22.338,22.338,22.338,22.330,22.330,22.330,22.330,22.338,22.338,22.346,22.346,22.338,22.338,22.353,22.369,22.391,22.414,22.429,22.429,22.422,22.414,22.414,22.414,22.422,22.437,22.452,22.483,22.513,22.536,22.559,22.566,22.566,22.559,22.559,22.559,22.559,22.559,22.566,22.566,22.574,22.582,22.589,22.589,22.589,22.597,22.597,22.597,22.604,22.612,22.612,22.620,22.620,22.620,22.627,22.635,22.635,22.635,22.642,22.642,22.642,22.650,22.642,22.635,22.620,22.620,22.620,22.620,22.635,22.642,22.658,22.658,22.658,22.658,22.650,22.650,22.650,22.650,22.642,22.642,22.635,22.627,22.627,22.627,22.635,22.642,22.650,22.650,22.658,22.665,22.665,22.665,22.665,22.665,22.665,22.673,22.680,22.688,22.703,22.718,22.733,22.741,22.756,22.756,22.764,22.764,22.771,22.779,22.787,22.794,22.809,22.817,22.817,22.817,22.809,22.802,22.794,22.787,22.787,22.779,22.779,22.779,22.794,22.802,22.802,22.802,22.794,22.794,22.794,22.802,22.809,22.817,22.824,22.832,22.840,22.847,22.855,22.870,22.878,22.885,22.893,22.900,22.900,22.900,22.893,22.893,22.893,22.893,22.893,22.900,22.908,22.893,22.893,22.900,22.908,22.946,22.961,22.968,22.968,22.953,22.946,22.938,22.931,22.931,22.931,22.931,22.923,22.915,22.915,22.908,22.893,22.885,22.878,22.862,22.847,22.840,22.824,22.809,22.794,22.779,22.771,22.764,22.749,22.741,22.726,22.718,22.703,22.696,22.696,22.688,22.688,22.688,22.680,22.673,22.673,22.673,22.680,22.688,22.680,22.673,22.658,22.650,22.642,22.642,22.642,22.642,22.642,22.642,22.642,22.642,22.642,22.642,22.635,22.635,22.635,22.642,22.642,22.650,22.665,22.665,22.673,22.673,22.673,22.673,22.665,22.665,22.665,22.665,22.665,22.673,22.680,22.680,22.688,22.688,22.680,22.680,22.665,22.658,22.650,22.642,22.642,22.635,22.642,22.642,22.658,22.665,22.680,22.680,22.680,22.680,22.688,22.688,22.696,22.703,22.711,22.711,22.703,22.696,22.696,22.688,22.688,22.680,22.673,22.665,22.658,22.650,22.650,22.650,22.650,22.658,22.665,22.673,22.688,22.696,22.688,22.673,22.650,22.627,22.620,22.620,22.627,22.635,22.635,22.635,22.635,22.627,22.620,22.612,22.597,22.589,22.574,22.574,22.566,22.559,22.551,22.551,22.536,22.528,22.513,22.498,22.483,22.475,22.452,22.445,22.437,22.422,22.407,22.376,22.353,22.338,22.330,22.330,22.346,22.361,22.376,22.384,22.391,22.391,22.399,22.407,22.399,22.399,22.414,22.414,22.429,22.445,22.460,22.483,22.506,22.528,22.559,22.582,22.597,22.612,22.627,22.635,22.642,22.650,22.658,22.673,22.680,22.703,22.726,22.756,22.779,22.802,22.832,22.862,22.878,22.893,22.915,22.938,22.953,22.968,22.984,23.014,23.037,23.059,23.074,23.074,23.074
,23.640,23.632,23.632,23.625,23.617,23.595,23.572,23.550,23.527,23.505,23.489,23.482,23.474,23.452,23.429,23.414,23.399,23.384,23.376,23.361,23.354,23.339,23.324,23.309,23.293,23.271,23.241,23.218,23.195,23.165,23.135,23.120,23.097,23.082,23.074,23.082,23.082,23.074,23.052,23.021,22.991,22.961,22.938,22.923,22.908,22.885,22.862,22.847,22.832,22.817,22.809,22.809,22.802,22.787,22.771,22.756,22.741,22.733,22.718,22.718,22.718,22.711,22.696,22.680,22.665,22.658,22.650,22.650,22.658,22.650,22.642,22.642,22.635,22.627,22.612,22.589,22.582,22.582,22.589,22.612,22.635,22.635,22.612,22.582,22.551,22.521,22.513,22.513,22.513,22.506,22.506,22.506,22.498,22.490,22.483,22.483,22.468,22.452,22.429,22.399,22.376,22.361,22.353,22.353,22.361,22.353,22.353,22.346,22.346,22.346,22.346,22.346,22.346,22.338,22.330,22.323,22.323,22.323,22.323,22.330,22.330,22.338,22.338,22.330,22.330,22.330,22.330,22.338,22.338,22.346,22.346,22.338,22.346,22.353,22.376,22.399,22.414,22.429,22.429,22.414,22.414,22.414,22.414,22.422,22.429,22.452,22.475,22.506,22.528,22.551,22.559,22.559,22.551,22.551,22.551,22.559,22.566,22.566,22.574,22.582,22.589,22.597,22.597,22.597,22.597,22.604,22.604,22.604,22.604,22.604,22.604,22.612,22.612,22.612,22.620,22.627,22.627,22.635,22.635,22.642,22.642,22.642,22.635,22.627,22.620,22.620,22.620,22.635,22.642,22.650,22.658,22.658,22.658,22.658,22.658,22.642,22.642,22.635,22.635,22.635,22.635,22.635,22.635,22.635,22.642,22.650,22.658,22.665,22.673,22.680,22.680,22.680,22.680,22.680,22.688,22.688,22.696,22.703,22.718,22.733,22.741,22.756,22.764,22.764,22.771,22.771,22.779,22.794,22.802,22.809,22.817,22.824,22.824,22.817,22.817,22.809,22.802,22.794,22.787,22.794,22.802,22.809,22.817,22.824,22.824,22.824,22.817,22.824,22.832,22.840,22.847,22.847,22.855,22.862,22.870,22.878,22.885,22.893,22.893,22.893,22.893,22.893,22.900,22.908,22.908,22.908,22.915,22.915,22.923,22.923,22.915,22.908,22.915,22.923,22.968,22.976,22.984,22.976,22.961,22.953,22.946,22.938,22.938,22.938,22.938,22.938,22.931,22.931,22.915,22.908,22.893,22.878,22.870,22.855,22.840,22.824,22.809,22.794,22.779,22.764,22.756,22.749,22.733,22.726,22.718,22.703,22.696,22.696,22.696,22.696,22.688,22.680,22.673,22.673,22.673,22.680,22.688,22.680,22.673,22.658,22.650,22.642,22.642,22.642,22.642,22.642,22.642,22.642,22.642,22.635,22.635,22.635,22.635,22.635,22.635,22.642,22.650,22.658,22.665,22.673,22.680,22.680,22.673,22.673,22.665,22.665,22.665,22.665,22.673,22.680,22.680,22.688,22.688,22.688,22.680,22.665,22.658,22.650,22.642,22.642,22.642,22.642,22.650,22.658,22.673,22.680,22.680,22.688,22.688,22.688,22.688,22.696,22.696,22.696,22.696,22.688,22.680,22.673,22.673,22.673,22.665,22.665,22.658,22.650,22.650,22.642,22.642,22.650,22.650,22.658,22.665,22.673,22.673,22.673,22.658,22.650,22.635,22.620,22.620,22.627,22.635,22.635,22.635,22.635,22.627,22.620,22.612,22.604,22.589,22.582,22.566,22.559,22.551,22.544,22.536,22.528,22.521,22.513,22.498,22.483,22.468,22.452,22.445,22.437,22.429,22.422,22.399,22.376,22.353,22.338,22.338,22.338,22.353,22.361,22.369,22.369,22.376,22.384,22.391,22.399,22.407,22.414,22.422,22.429,22.437,22.452,22.475,22.506,22.528,22.559,22.582,22.597,22.604,22.620,22.627,22.627,22.635,22.650,22.665,22.680,22.703,22.726,22.756,22.779,22.809,22.840,22.862,22.878,22.900,22.923,22.946,22.953,22.968,22.984,23.014,23.037,23.052,23.067,23.067,23.074
,23.640,23.640,23.640,23.625,23.610,23.595,23.572,23.550,23.520,23.497,23.482,23.474,23.467,23.452,23.429,23.414,23.399,23.376,23.361,23.354,23.339,23.324,23.309,23.293,23.278,23.256,23.226,23.203,23.180,23.158,23.135,23.112,23.097,23.082,23.082,23.089,23.089,23.074,23.052,23.021,22.991,22.961,22.938,22.915,22.900,22.878,22.855,22.840,22.824,22.809,22.809,22.809,22.802,22.794,22.771,22.756,22.741,22.726,22.711,22.711,22.703,22.696,22.673,22.658,22.650,22.635,22.635,22.635,22.635,22.635,22.627,22.620,22.620,22.612,22.589,22.574,22.566,22.566,22.574,22.597,22.612,22.612,22.589,22.559,22.528,22.506,22.498,22.498,22.498,22.498,22.498,22.498,22.490,22.475,22.468,22.452,22.445,22.422,22.399,22.384,22.369,22.353,22.346,22.353,22.353,22.353,22.353,22.346,22.346,22.338,22.338,22.338,22.338,22.330,22.330,22.323,22.323,22.323,22.323,22.330,22.330,22.338,22.338,22.338,22.330,22.330,22.330,22.338,22.338,22.346,22.346,22.346,22.346,22.361,22.376,22.399,22.414,22.429,22.429,22.414,22.407,22.407,22.414,22.422,22.429,22.445,22.475,22.498,22.528,22.544,22.551,22.551,22.544,22.551,22.551,22.559,22.566,22.574,22.582,22.589,22.589,22.604,22.604,22.604,22.604,22.604,22.604,22.604,22.604,22.604,22.604,22.604,22.604,22.612,22.612,22.620,22.627,22.627,22.635,22.635,22.642,22.635,22.635,22.627,22.620,22.620,22.620,22.635,22.642,22.642,22.650,22.658,22.665,22.658,22.650,22.642,22.635,22.627,22.627,22.635,22.642,22.642,22.642,22.642,22.642,22.650,22.658,22.673,22.680,22.688,22.688,22.688,22.688,22.688,22.696,22.703,22.703,22.718,22.726,22.741,22.749,22.764,22.771,22.771,22.771,22.779,22.787,22.802,22.809,22.817,22.824,22.832,22.840,22.840,22.832,22.824,22.824,22.817,22.809,22.817,22.824,22.832,22.840,22.840,22.840,22.840,22.840,22.840,22.847,22.847,22.855,22.855,22.855,22.862,22.870,22.870,22.878,22.878,22.878,22.878,22.885,22.885,22.900,22.908,22.915,22.923,22.931,22.946,22.953,22.953,22.953,22.946,22.946,22.953,22.984,22.976,22.968,22.961,22.946,22.938,22.931,22.931,22.923,22.923,22.931,22.938,22.938,22.938,22.931,22.915,22.900,22.885,22.870,22.855,22.840,22.817,22.802,22.787,22.779,22.764,22.756,22.749,22.733,22.726,22.718,22.711,22.703,22.703,22.703,22.696,22.688,22.680,22.673,22.665,22.673,22.673,22.680,22.680,22.673,22.658,22.650,22.642,22.642,22.642,22.642,22.642,22.642,22.635,22.635,22.635,22.635,22.627,22.627,22.635,22.635,22.642,22.650,22.658,22.665,22.673,22.680,22.688,22.680,22.673,22.665,22.658,22.658,22.665,22.673,22.673,22.680,22.688,22.688,22.688,22.680,22.665,22.658,22.650,22.650,22.650,22.650,22.650,22.658,22.665,22.673,22.680,22.680,22.680,22.680,22.680,22.688,22.688,22.688,22.688,22.680,22.673,22.658,22.650,22.650,22.658,22.658,22.658,22.658,22.650,22.642,22.635,22.635,22.642,22.650,22.658,22.658,22.658,22.658,22.650,22.650,22.642,22.635,22.627,22.627,22.627,22.635,22.635,22.635,22.635,22.635,22.627,22.620,22.612,22.597,22.582,22.566,22.551,22.544,22.528,22.521,22.521,22.521,22.513,22.498,22.483,22.460,22.445,22.445,22.445,22.445,22.429,22.407,22.391,22.369,22.353,22.346,22.338,22.338,22.338,22.346,22.346,22.353,22.369,22.384,22.391,22.407,22.422,22.422,22.422,22.429,22.445,22.475,22.498,22.528,22.559,22.582,22.589,22.604,22.612,22.620,22.620,22.627,22.642,22.665,22.680,22.703,22.733,22.756,22.779,22.809,22.840,22.862,22.885,22.900,22.923,22.946,22.961,22.968,22.984,23.014,23.037,23.052,23.067,23.067,23.074
,23.648,23.640,23.640,23.625,23.610,23.595,23.565,23.542,23.520,23.489,23.482,23.474,23.467,23.452,23.429,23.422,23.399,23.376,23.354,23.339,23.324,23.309,23.293,23.286,23.271,23.248,23.218,23.203,23.180,23.150,23.127,23.112,23.097,23.089,23.089,23.089,23.089,23.082,23.052,23.021,22.991,22.961,22.931,22.923,22.900,22.878,22.855,22.840,22.824,22.809,22.809,22.809,22.809,22.794,22.779,22.756,22.733,22.718,22.703,22.696,22.688,22.673,22.658,22.642,22.635,22.620,22.620,22.620,22.620,22.612,22.604,22.597,22.589,22.582,22.566,22.559,22.551,22.544,22.559,22.574,22.574,22.574,22.551,22.528,22.513,22.490,22.483,22.483,22.483,22.483,22.483,22.483,22.475,22.468,22.452,22.429,22.414,22.399,22.384,22.361,22.353,22.346,22.338,22.346,22.353,22.353,22.353,22.346,22.346,22.338,22.338,22.338,22.338,22.330,22.330,22.330,22.330,22.330,22.330,22.330,22.338,22.346,22.346,22.338,22.338,22.338,22.338,22.338,22.346,22.346,22.353,22.353,22.353,22.369,22.384,22.399,22.414,22.422,22.422,22.414,22.407,22.407,22.407,22.422,22.429,22.445,22.475,22.498,22.521,22.544,22.544,22.544,22.544,22.551,22.551,22.559,22.566,22.582,22.589,22.589,22.597,22.604,22.604,22.612,22.612,22.604,22.604,22.604,22.604,22.604,22.604,22.604,22.604,22.612,22.612,22.612,22.620,22.627,22.627,22.635,22.635,22.635,22.635,22.627,22.620,22.620,22.620,22.627,22.635,22.642,22.650,22.658,22.658,22.658,22.650,22.635,22.627,22.620,22.620,22.635,22.642,22.650,22.650,22.642,22.642,22.650,22.658,22.673,22.688,22.696,22.696,22.696,22.696,22.696,22.696,22.703,22.711,22.726,22.733,22.749,22.756,22.771,22.779,22.779,22.779,22.787,22.809,22.817,22.824,22.832,22.847,22.855,22.855,22.855,22.855,22.855,22.847,22.847,22.840,22.847,22.847,22.855,22.862,22.855,22.855,22.855,22.847,22.847,22.847,22.847,22.847,22.847,22.847,22.847,22.855,22.862,22.862,22.870,22.870,22.878,22.878,22.885,22.893,22.900,22.915,22.931,22.946,22.961,22.984,22.999,22.999,22.999,22.991,22.984,22.991,22.953,22.938,22.938,22.908,22.908,22.908,22.915,22.893,22.900,22.915,22.931,22.938,22.938,22.938,22.923,22.908,22.900,22.878,22.855,22.832,22.817,22.809,22.787,22.779,22.771,22.764,22.756,22.741,22.733,22.726,22.718,22.718,22.711,22.703,22.696,22.688,22.673,22.665,22.658,22.658,22.665,22.673,22.673,22.665,22.658,22.650,22.650,22.650,22.650,22.642,22.642,22.642,22.635,22.635,22.635,22.635,22.627,22.627,22.635,22.635,22.642,22.650,22.658,22.665,22.680,22.688,22.688,22.688,22.673,22.665,22.658,22.658,22.665,22.665,22.673,22.673,22.680,22.688,22.680,22.680,22.665,22.658,22.650,22.650,22.650,22.658,22.658,22.665,22.665,22.673,22.680,22.680,22.680,22.680,22.680,22.680,22.680,22.680,22.680,22.673,22.658,22.650,22.635,22.635,22.650,22.658,22.658,22.658,22.642,22.635,22.627,22.635,22.650,22.658,22.665,22.658,22.650,22.642,22.635,22.635,22.642,22.642,22.642,22.642,22.635,22.635,22.635,22.635,22.635,22.635,22.627,22.627,22.612,22.604,22.589,22.566,22.551,22.536,22.521,22.521,22.521,22.521,22.513,22.498,22.483,22.468,22.445,22.445,22.445,22.445,22.437,22.414,22.399,22.376,22.361,22.346,22.338,22.330,22.323,22.323,22.330,22.346,22.361,22.369,22.384,22.399,22.414,22.414,22.414,22.422,22.437,22.468,22.490,22.521,22.551,22.574,22.582,22.589,22.597,22.604,22.612,22.620,22.635,22.658,22.673,22.703,22.733,22.764,22.787,22.817,22.847,22.870,22.893,22.908,22.931,22.953,22.961,22.976,22.991,23.014,23.037,23.052,23.067,23.067,23.074
,23.648,23.640,23.640,23.625,23.610,23.587,23.565,23.542,23.520,23.497,23.489,23.482,23.474,23.459,23.444,23.429,23.414,23.392,23.361,23.346,23.324,23.301,23.286,23.271,23.263,23.241,23.218,23.195,23.173,23.150,23.127,23.112,23.097,23.089,23.089,23.089,23.089,23.082,23.059,23.029,22.999,22.968,22.946,22.931,22.915,22.893,22.862,22.840,22.817,22.809,22.809,22.817,22.817,22.809,22.794,22.764,22.741,22.718,22.703,22.688,22.680,22.658,22.650,22.642,22.635,22.620,22.612,22.604,22.604,22.597,22.582,22.574,22.559,22.551,22.544,22.544,22.536,22.536,22.536,22.536,22.528,22.521,22.513,22.506,22.498,22.483,22.475,22.468,22.452,22.445,22.452,22.460,22.460,22.452,22.437,22.422,22.407,22.384,22.369,22.353,22.346,22.338,22.338,22.338,22.346,22.353,22.353,22.346,22.346,22.338,22.338,22.338,22.338,22.330,22.330,22.330,22.330,22.330,22.330,22.338,22.338,22.346,22.346,22.338,22.338,22.338,22.338,22.338,22.346,22.353,22.353,22.353,22.361,22.376,22.384,22.399,22.414,22.422,22.422,22.414,22.407,22.407,22.407,22.414,22.429,22.445,22.475,22.498,22.521,22.544,22.544,22.544,22.544,22.544,22.551,22.566,22.574,22.589,22.589,22.589,22.597,22.604,22.604,22.612,22.612,22.604,22.604,22.604,22.604,22.604,22.604,22.604,22.604,22.612,22.612,22.612,22.620,22.627,22.627,22.635,22.635,22.635,22.635,22.627,22.620,22.620,22.620,22.635,22.642,22.642,22.650,22.650,22.650,22.650,22.635,22.627,22.612,22.612,22.620,22.627,22.642,22.650,22.650,22.642,22.642,22.642,22.650,22.673,22.680,22.696,22.696,22.696,22.696,22.696,22.703,22.711,22.718,22.733,22.741,22.756,22.764,22.779,22.787,22.787,22.794,22.809,22.824,22.832,22.840,22.847,22.870,22.878,22.885,22.900,22.893,22.885,22.878,22.870,22.862,22.862,22.862,22.862,22.862,22.870,22.870,22.870,22.878,22.878,22.885,22.885,22.893,22.893,22.900,22.900,22.915,22.923,22.938,22.946,22.946,22.938,22.938,22.923,22.923,22.923,22.931,22.938,22.946,22.961,22.984,22.999,22.999,22.999,22.991,22.976,22.961,22.946,22.931,22.923,22.915,22.915,22.915,22.908,22.893,22.893,22.893,22.893,22.908,22.923,22.931,22.931,22.923,22.908,22.893,22.870,22.847,22.824,22.809,22.794,22.787,22.779,22.779,22.764,22.756,22.749,22.741,22.726,22.718,22.711,22.703,22.696,22.680,22.665,22.658,22.650,22.650,22.650,22.658,22.665,22.658,22.658,22.650,22.650,22.650,22.650,22.642,22.642,22.642,22.635,22.635,22.635,22.635,22.627,22.627,22.635,22.635,22.642,22.650,22.665,22.673,22.680,22.688,22.688,22.688,22.673,22.665,22.658,22.658,22.665,22.665,22.673,22.673,22.680,22.688,22.680,22.680,22.665,22.658,22.650,22.650,22.658,22.658,22.665,22.665,22.665,22.673,22.680,22.680,22.680,22.680,22.680,22.680,22.680,22.673,22.673,22.665,22.650,22.635,22.635,22.635,22.650,22.665,22.665,22.658,22.635,22.620,22.620,22.627,22.650,22.665,22.673,22.665,22.650,22.635,22.635,22.635,22.642,22.650,22.650,22.642,22.642,22.635,22.635,22.635,22.635,22.635,22.627,22.627,22.620,22.604,22.589,22.574,22.551,22.536,22.521,22.521,22.521,22.521,22.513,22.498,22.483,22.468,22.452,22.445,22.445,22.437,22.422,22.407,22.391,22.376,22.353,22.338,22.323,22.323,22.323,22.323,22.323,22.338,22.353,22.361,22.376,22.391,22.399,22.407,22.414,22.422,22.437,22.460,22.483,22.506,22.528,22.551,22.566,22.582,22.589,22.597,22.604,22.620,22.635,22.650,22.673,22.696,22.718,22.756,22.787,22.817,22.847,22.878,22.893,22.915,22.938,22.953,22.968,22.976,22.991,23.021,23.037,23.052,23.067,23.067,23.074
,23.655,23.648,23.640,23.625,23.610,23.587,23.565,23.542,23.527,23.505,23.489,23.489,23.482,23.467,23.452,23.444,23.422,23.399,23.369,23.346,23.324,23.301,23.278,23.271,23.256,23.241,23.210,23.195,23.173,23.150,23.127,23.112,23.097,23.089,23.089,23.089,23.089,23.082,23.052,23.029,22.999,22.968,22.953,22.946,22.931,22.908,22.870,22.840,22.817,22.809,22.809,22.817,22.824,22.817,22.802,22.779,22.756,22.726,22.711,22.688,22.680,22.665,22.650,22.650,22.642,22.627,22.612,22.604,22.589,22.574,22.559,22.551,22.536,22.528,22.528,22.536,22.536,22.528,22.521,22.506,22.490,22.483,22.483,22.490,22.490,22.490,22.468,22.445,22.429,22.414,22.422,22.437,22.445,22.452,22.437,22.422,22.399,22.384,22.369,22.353,22.338,22.330,22.330,22.338,22.346,22.353,22.353,22.353,22.353,22.353,22.353,22.346,22.346,22.338,22.338,22.338,22.338,22.338,22.338,22.346,22.346,22.346,22.346,22.346,22.346,22.346,22.346,22.346,22.346,22.353,22.353,22.361,22.369,22.376,22.391,22.399,22.414,22.422,22.414,22.407,22.407,22.407,22.407,22.414,22.429,22.445,22.468,22.498,22.521,22.544,22.544,22.536,22.536,22.536,22.551,22.566,22.574,22.589,22.589,22.597,22.597,22.597,22.604,22.604,22.604,22.612,22.612,22.604,22.604,22.604,22.604,22.604,22.604,22.612,22.612,22.612,22.620,22.627,22.627,22.635,22.635,22.635,22.635,22.627,22.627,22.627,22.627,22.635,22.642,22.650,22.650,22.642,22.642,22.635,22.627,22.612,22.604,22.597,22.612,22.627,22.642,22.658,22.658,22.642,22.635,22.635,22.650,22.658,22.673,22.680,22.688,22.680,22.680,22.688,22.696,22.703,22.711,22.726,22.741,22.756,22.771,22.787,22.794,22.802,22.809,22.817,22.832,22.847,22.855,22.870,22.885,22.893,22.900,22.908,22.900,22.893,22.885,22.870,22.870,22.878,22.885,22.893,22.900,22.915,22.923,22.931,22.946,22.953,22.961,22.968,22.984,22.991,23.006,23.014,23.021,23.037,23.044,23.059,23.059,23.052,23.037,23.021,23.006,22.999,22.999,22.991,22.991,22.984,22.991,22.991,22.991,22.984,22.976,22.968,22.961,22.946,22.938,22.938,22.938,22.938,22.931,22.923,22.915,22.908,22.900,22.900,22.900,22.908,22.915,22.923,22.923,22.923,22.931,22.923,22.885,22.862,22.847,22.824,22.809,22.809,22.802,22.787,22.779,22.771,22.756,22.741,22.726,22.718,22.703,22.688,22.673,22.658,22.650,22.635,22.635,22.635,22.642,22.650,22.650,22.650,22.658,22.650,22.650,22.650,22.650,22.642,22.642,22.642,22.635,22.635,22.635,22.627,22.627,22.635,22.635,22.650,22.658,22.665,22.673,22.680,22.680,22.688,22.680,22.673,22.658,22.658,22.658,22.665,22.673,22.673,22.673,22.680,22.680,22.680,22.673,22.665,22.665,22.658,22.658,22.658,22.665,22.665,22.665,22.673,22.673,22.673,22.673,22.680,22.680,22.673,22.673,22.673,22.673,22.665,22.658,22.642,22.635,22.635,22.642,22.658,22.673,22.673,22.658,22.635,22.612,22.612,22.627,22.650,22.673,22.688,22.673,22.650,22.635,22.627,22.627,22.642,22.650,22.658,22.658,22.650,22.650,22.642,22.642,22.642,22.642,22.635,22.627,22.612,22.604,22.589,22.574,22.551,22.536,22.521,22.521,22.521,22.513,22.513,22.498,22.490,22.475,22.460,22.445,22.437,22.422,22.407,22.391,22.376,22.361,22.353,22.330,22.323,22.315,22.315,22.315,22.330,22.338,22.353,22.361,22.369,22.376,22.391,22.399,22.407,22.422,22.445,22.460,22.475,22.498,22.513,22.536,22.551,22.566,22.582,22.597,22.604,22.620,22.635,22.650,22.665,22.688,22.718,22.749,22.779,22.817,22.847,22.878,22.893,22.908,22.931,22.953,22.961,22.976,22.999,23.021,23.044,23.059,23.067,23.067,23.074
,23.655,23.648,23.640,23.625,23.610,23.587,23.565,23.550,23.527,23.512,23.497,23.497,23.489,23.474,23.459,23.452,23.437,23.414,23.384,23.361,23.331,23.301,23.278,23.271,23.256,23.241,23.210,23.195,23.173,23.150,23.127,23.112,23.097,23.089,23.089,23.089,23.089,23.074,23.052,23.021,22.991,22.961,22.953,22.953,22.946,22.923,22.885,22.847,22.817,22.802,22.802,22.817,22.832,22.824,22.809,22.787,22.764,22.733,22.711,22.696,22.680,22.665,22.650,22.650,22.642,22.635,22.620,22.597,22.582,22.559,22.544,22.528,22.521,22.513,22.513,22.521,22.528,22.521,22.498,22.475,22.452,22.437,22.445,22.460,22.475,22.483,22.460,22.422,22.399,22.376,22.391,22.407,22.429,22.437,22.429,22.414,22.399,22.384,22.369,22.346,22.330,22.323,22.323,22.330,22.346,22.353,22.353,22.361,22.361,22.361,22.361,22.353,22.353,22.346,22.346,22.346,22.346,22.346,22.346,22.353,22.353,22.353,22.353,22.346,22.346,22.346,22.346,22.346,22.353,22.353,22.361,22.369,22.376,22.384,22.391,22.399,22.407,22.414,22.414,22.407,22.407,22.414,22.414,22.414,22.422,22.445,22.468,22.498,22.521,22.544,22.544,22.536,22.528,22.536,22.551,22.559,22.574,22.582,22.589,22.589,22.589,22.589,22.597,22.597,22.604,22.604,22.604,22.604,22.604,22.612,22.612,22.612,22.612,22.612,22.612,22.620,22.620,22.620,22.627,22.627,22.627,22.627,22.627,22.620,22.620,22.620,22.627,22.635,22.642,22.642,22.642,22.635,22.627,22.620,22.612,22.597,22.589,22.589,22.604,22.627,22.642,22.650,22.650,22.642,22.635,22.627,22.642,22.650,22.658,22.665,22.665,22.665,22.665,22.673,22.680,22.688,22.703,22.726,22.741,22.756,22.771,22.787,22.802,22.809,22.817,22.832,22.847,22.862,22.870,22.885,22.900,22.908,22.915,22.923,22.915,22.908,22.893,22.885,22.893,22.900,22.915,22.923,22.938,22.961,22.976,22.991,23.006,23.021,23.037,23.052,23.059,23.074,23.089,23.097,23.112,23.120,23.127,23.127,23.127,23.120,23.105,23.089,23.074,23.067,23.059,23.044,23.037,23.021,23.006,22.999,22.999,22.991,22.984,22.976,22.968,22.968,22.961,22.961,22.961,22.961,22.953,22.946,22.938,22.931,22.923,22.915,22.908,22.908,22.908,22.915,22.923,22.931,22.946,22.946,22.923,22.915,22.893,22.855,22.840,22.832,22.824,22.817,22.802,22.794,22.779,22.764,22.741,22.726,22.711,22.688,22.665,22.650,22.635,22.627,22.620,22.620,22.627,22.635,22.642,22.650,22.650,22.658,22.658,22.658,22.650,22.642,22.642,22.642,22.642,22.635,22.635,22.627,22.627,22.635,22.635,22.650,22.658,22.665,22.673,22.673,22.673,22.680,22.673,22.665,22.658,22.658,22.658,22.665,22.673,22.673,22.673,22.673,22.673,22.673,22.665,22.665,22.665,22.665,22.665,22.665,22.665,22.673,22.673,22.665,22.665,22.665,22.673,22.673,22.673,22.673,22.665,22.665,22.665,22.665,22.650,22.642,22.642,22.642,22.650,22.665,22.673,22.673,22.658,22.627,22.612,22.604,22.627,22.658,22.680,22.696,22.680,22.658,22.635,22.627,22.627,22.642,22.650,22.665,22.665,22.658,22.658,22.650,22.650,22.650,22.642,22.635,22.627,22.612,22.604,22.589,22.574,22.559,22.544,22.528,22.521,22.521,22.513,22.506,22.498,22.490,22.483,22.468,22.452,22.437,22.414,22.391,22.376,22.369,22.353,22.338,22.323,22.315,22.315,22.308,22.315,22.323,22.338,22.346,22.353,22.353,22.361,22.376,22.384,22.407,22.422,22.445,22.460,22.468,22.483,22.498,22.513,22.536,22.551,22.574,22.597,22.604,22.620,22.635,22.650,22.665,22.680,22.711,22.749,22.779,22.817,22.847,22.878,22.893,22.908,22.931,22.953,22.961,22.976,22.999,23.021,23.044,23.059,23.074,23.074,23.074
,23.655,23.648,23.640,23.625,23.602,23.580,23.565,23.550,23.527,23.512,23.505,23.497,23.489,23.474,23.467,23.459,23.444,23.422,23.392,23.361,23.331,23.301,23.278,23.263,23.248,23.233,23.210,23.195,23.173,23.158,23.135,23.120,23.105,23.097,23.089,23.089,23.082,23.067,23.044,23.006,22.976,22.953,22.946,22.961,22.961,22.946,22.908,22.862,22.817,22.787,22.794,22.817,22.824,22.832,22.809,22.787,22.756,22.733,22.711,22.696,22.673,22.658,22.650,22.642,22.642,22.635,22.620,22.597,22.574,22.551,22.528,22.513,22.506,22.490,22.498,22.506,22.513,22.498,22.475,22.437,22.407,22.391,22.407,22.429,22.452,22.452,22.429,22.391,22.361,22.338,22.353,22.376,22.407,22.422,22.414,22.407,22.391,22.376,22.361,22.338,22.330,22.315,22.315,22.330,22.338,22.353,22.353,22.361,22.369,22.369,22.369,22.361,22.353,22.353,22.353,22.353,22.361,22.361,22.361,22.361,22.361,22.353,22.353,22.353,22.353,22.353,22.353,22.353,22.353,22.361,22.369,22.369,22.376,22.391,22.391,22.399,22.407,22.407,22.407,22.407,22.407,22.414,22.414,22.414,22.422,22.437,22.468,22.498,22.521,22.536,22.536,22.528,22.521,22.528,22.544,22.559,22.566,22.582,22.582,22.589,22.589,22.589,22.589,22.589,22.597,22.597,22.597,22.597,22.604,22.604,22.604,22.612,22.612,22.612,22.620,22.620,22.620,22.620,22.620,22.620,22.620,22.620,22.612,22.612,22.612,22.604,22.620,22.627,22.635,22.635,22.627,22.627,22.612,22.604,22.597,22.589,22.582,22.582,22.597,22.620,22.635,22.642,22.642,22.635,22.627,22.627,22.627,22.642,22.650,22.650,22.650,22.650,22.650,22.658,22.665,22.680,22.696,22.718,22.741,22.764,22.779,22.794,22.817,22.824,22.832,22.847,22.862,22.878,22.893,22.908,22.923,22.938,22.946,22.953,22.946,22.938,22.931,22.923,22.938,22.946,22.961,22.968,22.984,23.006,23.021,23.037,23.052,23.074,23.089,23.097,23.112,23.127,23.135,23.142,23.150,23.158,23.158,23.158,23.158,23.142,23.135,23.120,23.105,23.105,23.097,23.089,23.082,23.067,23.044,23.029,23.029,23.021,23.014,23.006,22.991,22.991,22.984,22.984,22.984,22.984,22.976,22.968,22.961,22.953,22.946,22.938,22.931,22.923,22.915,22.915,22.915,22.923,22.931,22.938,22.961,22.968,22.938,22.885,22.862,22.855,22.847,22.840,22.824,22.809,22.794,22.779,22.756,22.741,22.718,22.696,22.665,22.642,22.627,22.612,22.612,22.612,22.620,22.635,22.635,22.642,22.650,22.650,22.658,22.658,22.650,22.642,22.642,22.635,22.635,22.635,22.635,22.627,22.627,22.635,22.635,22.650,22.658,22.665,22.665,22.665,22.665,22.665,22.658,22.658,22.658,22.658,22.658,22.665,22.665,22.665,22.665,22.665,22.665,22.658,22.658,22.665,22.665,22.673,22.673,22.673,22.673,22.665,22.665,22.665,22.658,22.658,22.665,22.665,22.665,22.665,22.658,22.658,22.658,22.650,22.650,22.642,22.642,22.642,22.650,22.673,22.680,22.680,22.658,22.627,22.612,22.604,22.627,22.658,22.688,22.696,22.688,22.658,22.635,22.627,22.635,22.642,22.650,22.665,22.665,22.665,22.665,22.665,22.658,22.650,22.642,22.635,22.627,22.612,22.597,22.582,22.574,22.559,22.551,22.536,22.528,22.521,22.513,22.513,22.506,22.498,22.490,22.475,22.452,22.437,22.414,22.384,22.369,22.353,22.346,22.330,22.315,22.308,22.300,22.300,22.308,22.315,22.330,22.338,22.338,22.338,22.346,22.361,22.376,22.399,22.422,22.437,22.452,22.460,22.468,22.483,22.506,22.521,22.544,22.566,22.589,22.604,22.620,22.635,22.650,22.665,22.688,22.718,22.749,22.779,22.809,22.847,22.878,22.900,22.915,22.931,22.953,22.961,22.976,22.991,23.021,23.044,23.059,23.074,23.082,23.082
,23.655,23.648,23.640,23.617,23.595,23.572,23.557,23.542,23.527,23.512,23.505,23.497,23.489,23.474,23.467,23.459,23.444,23.422,23.392,23.369,23.339,23.309,23.286,23.271,23.248,23.233,23.218,23.203,23.188,23.173,23.158,23.135,23.120,23.105,23.097,23.089,23.074,23.059,23.029,22.991,22.953,22.931,22.938,22.961,22.976,22.968,22.915,22.862,22.809,22.779,22.771,22.794,22.809,22.809,22.787,22.771,22.749,22.718,22.703,22.688,22.673,22.650,22.642,22.642,22.635,22.620,22.604,22.589,22.566,22.544,22.528,22.513,22.498,22.490,22.483,22.490,22.490,22.475,22.452,22.414,22.384,22.361,22.376,22.399,22.414,22.414,22.391,22.361,22.330,22.315,22.330,22.361,22.384,22.399,22.399,22.391,22.376,22.361,22.346,22.330,22.315,22.315,22.315,22.323,22.338,22.353,22.353,22.361,22.369,22.369,22.369,22.369,22.361,22.353,22.361,22.361,22.361,22.361,22.361,22.361,22.361,22.353,22.353,22.353,22.361,22.361,22.353,22.353,22.361,22.369,22.369,22.376,22.384,22.391,22.391,22.399,22.407,22.407,22.407,22.407,22.414,22.414,22.414,22.414,22.422,22.437,22.460,22.490,22.513,22.536,22.536,22.521,22.521,22.521,22.536,22.551,22.566,22.582,22.582,22.589,22.589,22.589,22.589,22.589,22.589,22.589,22.597,22.597,22.597,22.604,22.604,22.612,22.612,22.620,22.620,22.620,22.620,22.620,22.620,22.620,22.620,22.612,22.604,22.597,22.597,22.597,22.604,22.612,22.620,22.627,22.620,22.612,22.597,22.597,22.582,22.574,22.574,22.574,22.589,22.612,22.635,22.642,22.642,22.635,22.627,22.627,22.627,22.635,22.642,22.642,22.642,22.642,22.642,22.650,22.658,22.680,22.703,22.733,22.764,22.787,22.802,22.817,22.840,22.847,22.855,22.870,22.893,22.908,22.923,22.938,22.953,22.976,22.999,23.014,23.014,23.006,22.999,22.991,22.999,23.006,23.021,23.029,23.044,23.059,23.074,23.089,23.097,23.112,23.127,23.135,23.142,23.150,23.150,23.150,23.150,23.158,23.158,23.158,23.158,23.150,23.150,23.142,23.135,23.135,23.135,23.127,23.120,23.105,23.097,23.082,23.074,23.059,23.037,23.021,23.006,22.999,22.991,22.991,22.991,22.991,22.984,22.968,22.968,22.968,22.961,22.953,22.946,22.946,22.931,22.923,22.915,22.915,22.915,22.915,22.938,22.931,22.908,22.878,22.862,22.855,22.847,22.832,22.809,22.794,22.779,22.771,22.764,22.756,22.733,22.711,22.673,22.642,22.620,22.612,22.612,22.612,22.620,22.627,22.635,22.635,22.642,22.650,22.650,22.642,22.642,22.642,22.635,22.635,22.635,22.635,22.635,22.627,22.635,22.635,22.635,22.642,22.650,22.658,22.665,22.658,22.658,22.658,22.658,22.658,22.658,22.658,22.658,22.658,22.658,22.665,22.665,22.658,22.658,22.658,22.658,22.665,22.665,22.673,22.673,22.673,22.673,22.665,22.665,22.665,22.658,22.658,22.658,22.658,22.658,22.658,22.658,22.650,22.650,22.650,22.650,22.642,22.642,22.650,22.658,22.673,22.680,22.680,22.658,22.627,22.612,22.604,22.620,22.650,22.680,22.688,22.688,22.658,22.642,22.635,22.635,22.650,22.658,22.665,22.665,22.673,22.673,22.673,22.665,22.658,22.642,22.627,22.620,22.604,22.597,22.582,22.574,22.566,22.559,22.544,22.536,22.528,22.528,22.513,22.513,22.506,22.498,22.483,22.460,22.437,22.414,22.384,22.361,22.346,22.330,22.315,22.300,22.292,22.292,22.292,22.292,22.300,22.308,22.315,22.323,22.323,22.330,22.346,22.361,22.384,22.399,22.422,22.437,22.452,22.468,22.483,22.498,22.521,22.536,22.559,22.582,22.597,22.612,22.635,22.658,22.673,22.696,22.726,22.764,22.787,22.817,22.847,22.885,22.908,22.931,22.953,22.968,22.968,22.976,22.991,23.021,23.052,23.067,23.082,23.089,23.089
,23.655,23.648,23.632,23.610,23.587,23.572,23.550,23.542,23.527,23.512,23.497,23.489,23.482,23.474,23.467,23.459,23.444,23.422,23.399,23.376,23.354,23.316,23.293,23.278,23.256,23.241,23.226,23.210,23.203,23.188,23.173,23.158,23.142,23.120,23.105,23.097,23.082,23.052,23.014,22.961,22.931,22.908,22.923,22.961,22.991,22.984,22.931,22.862,22.802,22.764,22.756,22.771,22.787,22.787,22.764,22.756,22.733,22.711,22.696,22.680,22.665,22.650,22.635,22.627,22.627,22.612,22.597,22.582,22.566,22.551,22.536,22.521,22.506,22.490,22.483,22.483,22.475,22.452,22.429,22.399,22.376,22.361,22.361,22.369,22.376,22.376,22.353,22.330,22.308,22.308,22.323,22.346,22.369,22.384,22.384,22.376,22.369,22.353,22.338,22.323,22.315,22.308,22.308,22.323,22.338,22.353,22.353,22.361,22.361,22.369,22.369,22.369,22.361,22.361,22.369,22.369,22.369,22.369,22.369,22.361,22.361,22.361,22.361,22.361,22.369,22.369,22.369,22.361,22.361,22.369,22.369,22.376,22.384,22.391,22.391,22.399,22.399,22.407,22.407,22.414,22.414,22.422,22.422,22.422,22.422,22.429,22.460,22.490,22.513,22.528,22.528,22.521,22.513,22.513,22.536,22.544,22.559,22.574,22.582,22.582,22.582,22.582,22.582,22.574,22.574,22.574,22.582,22.582,22.589,22.597,22.604,22.620,22.620,22.627,22.627,22.627,22.620,22.620,22.620,22.612,22.612,22.604,22.597,22.582,22.574,22.574,22.582,22.597,22.604,22.612,22.604,22.597,22.589,22.582,22.574,22.566,22.566,22.574,22.589,22.604,22.627,22.642,22.642,22.627,22.627,22.627,22.627,22.635,22.635,22.635,22.650,22.650,22.658,22.680,22.688,22.703,22.733,22.764,22.794,22.817,22.832,22.840,22.855,22.862,22.878,22.893,22.915,22.938,22.953,22.976,22.991,23.014,23.052,23.089,23.089,23.082,23.074,23.067,23.074,23.082,23.089,23.097,23.112,23.127,23.142,23.150,23.165,23.173,23.188,23.195,23.203,23.218,23.218,23.218,23.218,23.218,23.218,23.218,23.218,23.210,23.210,23.203,23.195,23.188,23.188,23.188,23.173,23.165,23.158,23.142,23.127,23.105,23.082,23.052,23.029,23.006,22.999,22.991,22.984,22.976,22.968,22.968,22.968,22.961,22.961,22.953,22.946,22.938,22.931,22.915,22.893,22.885,22.878,22.870,22.870,22.870,22.855,22.832,22.824,22.809,22.794,22.779,22.756,22.726,22.703,22.703,22.741,22.741,22.733,22.711,22.673,22.650,22.627,22.612,22.612,22.612,22.620,22.627,22.627,22.635,22.635,22.642,22.635,22.635,22.627,22.627,22.627,22.627,22.635,22.635,22.635,22.635,22.635,22.642,22.642,22.642,22.650,22.650,22.650,22.650,22.650,22.650,22.650,22.650,22.650,22.650,22.650,22.650,22.650,22.650,22.650,22.650,22.650,22.650,22.658,22.658,22.665,22.665,22.665,22.665,22.665,22.665,22.665,22.658,22.658,22.650,22.650,22.658,22.658,22.650,22.650,22.650,22.650,22.650,22.650,22.650,22.650,22.658,22.665,22.680,22.688,22.680,22.665,22.635,22.612,22.604,22.620,22.650,22.673,22.680,22.673,22.658,22.650,22.642,22.642,22.650,22.658,22.665,22.673,22.680,22.680,22.680,22.673,22.658,22.642,22.627,22.620,22.604,22.597,22.582,22.574,22.566,22.559,22.551,22.544,22.536,22.536,22.528,22.521,22.513,22.506,22.490,22.460,22.437,22.414,22.384,22.353,22.338,22.323,22.308,22.292,22.285,22.285,22.285,22.277,22.285,22.292,22.300,22.308,22.308,22.323,22.338,22.353,22.369,22.384,22.407,22.429,22.445,22.468,22.490,22.506,22.521,22.536,22.559,22.574,22.597,22.612,22.642,22.665,22.688,22.711,22.741,22.771,22.794,22.817,22.847,22.885,22.915,22.938,22.968,22.976,22.976,22.976,22.991,23.021,23.052,23.074,23.089,23.097,23.097
,23.655,23.648,23.632,23.610,23.587,23.565,23.550,23.535,23.527,23.512,23.497,23.489,23.474,23.467,23.459,23.452,23.437,23.414,23.399,23.376,23.354,23.324,23.301,23.286,23.263,23.241,23.226,23.218,23.210,23.195,23.180,23.173,23.150,23.127,23.112,23.097,23.074,23.044,22.991,22.938,22.900,22.878,22.900,22.953,22.991,22.991,22.938,22.862,22.794,22.749,22.741,22.749,22.764,22.764,22.749,22.733,22.718,22.696,22.680,22.673,22.658,22.642,22.627,22.620,22.612,22.597,22.582,22.582,22.566,22.551,22.536,22.521,22.506,22.490,22.475,22.468,22.452,22.437,22.414,22.391,22.369,22.353,22.338,22.338,22.338,22.330,22.315,22.300,22.292,22.292,22.308,22.330,22.353,22.369,22.369,22.361,22.346,22.338,22.323,22.315,22.308,22.300,22.308,22.323,22.338,22.346,22.353,22.353,22.361,22.361,22.369,22.369,22.369,22.369,22.376,22.376,22.376,22.376,22.369,22.369,22.361,22.361,22.361,22.369,22.369,22.376,22.376,22.369,22.369,22.369,22.376,22.384,22.384,22.399,22.399,22.399,22.399,22.407,22.407,22.414,22.414,22.422,22.422,22.422,22.422,22.429,22.460,22.483,22.506,22.521,22.521,22.513,22.506,22.506,22.521,22.536,22.551,22.566,22.574,22.574,22.574,22.574,22.574,22.566,22.566,22.559,22.559,22.574,22.582,22.589,22.604,22.612,22.620,22.627,22.627,22.620,22.612,22.612,22.604,22.604,22.597,22.589,22.582,22.566,22.559,22.559,22.566,22.574,22.589,22.597,22.589,22.582,22.574,22.566,22.566,22.559,22.559,22.566,22.582,22.597,22.612,22.627,22.627,22.620,22.620,22.620,22.620,22.620,22.627,22.627,22.642,22.658,22.673,22.688,22.696,22.711,22.733,22.764,22.794,22.817,22.832,22.840,22.855,22.870,22.885,22.908,22.938,22.961,22.984,23.006,23.029,23.052,23.082,23.120,23.135,23.135,23.135,23.142,23.150,23.165,23.173,23.188,23.203,23.218,23.241,23.256,23.263,23.278,23.286,23.301,23.316,23.331,23.339,23.346,23.339,23.339,23.331,23.324,23.316,23.309,23.301,23.286,23.271,23.263,23.256,23.241,23.233,23.218,23.210,23.195,23.180,23.150,23.120,23.089,23.067,23.044,23.021,23.006,22.999,22.984,22.976,22.968,22.968,22.961,22.953,22.946,22.946,22.938,22.931,22.908,22.885,22.878,22.862,22.847,22.840,22.840,22.832,22.809,22.802,22.794,22.779,22.756,22.733,22.703,22.680,22.673,22.711,22.718,22.711,22.703,22.673,22.650,22.635,22.612,22.612,22.620,22.620,22.635,22.635,22.635,22.635,22.635,22.627,22.627,22.620,22.620,22.620,22.620,22.627,22.627,22.627,22.635,22.635,22.635,22.642,22.642,22.642,22.635,22.635,22.635,22.635,22.635,22.642,22.642,22.642,22.642,22.642,22.642,22.635,22.635,22.635,22.642,22.642,22.642,22.650,22.650,22.658,22.658,22.658,22.658,22.658,22.658,22.658,22.658,22.650,22.650,22.642,22.650,22.650,22.642,22.642,22.642,22.642,22.642,22.642,22.650,22.658,22.665,22.673,22.680,22.680,22.680,22.665,22.642,22.627,22.620,22.627,22.642,22.658,22.665,22.665,22.658,22.650,22.650,22.650,22.650,22.658,22.658,22.673,22.688,22.688,22.688,22.680,22.665,22.650,22.627,22.620,22.604,22.597,22.582,22.574,22.566,22.566,22.559,22.551,22.544,22.544,22.536,22.528,22.521,22.513,22.490,22.460,22.437,22.414,22.384,22.353,22.338,22.315,22.300,22.285,22.277,22.277,22.277,22.270,22.262,22.270,22.277,22.285,22.300,22.315,22.330,22.346,22.353,22.369,22.391,22.414,22.437,22.468,22.490,22.513,22.528,22.536,22.559,22.574,22.589,22.612,22.642,22.673,22.696,22.726,22.756,22.779,22.802,22.817,22.847,22.893,22.923,22.946,22.976,22.984,22.976,22.976,22.984,23.014,23.044,23.074,23.089,23.097,23.097
,23.648,23.640,23.632,23.610,23.587,23.557,23.542,23.535,23.520,23.505,23.497,23.482,23.467,23.459,23.444,23.437,23.422,23.399,23.384,23.369,23.346,23.324,23.301,23.278,23.256,23.241,23.218,23.210,23.203,23.195,23.180,23.173,23.158,23.135,23.112,23.089,23.067,23.037,22.976,22.915,22.870,22.847,22.878,22.938,22.984,22.991,22.938,22.862,22.787,22.733,22.726,22.733,22.749,22.749,22.733,22.711,22.696,22.688,22.673,22.665,22.650,22.635,22.627,22.612,22.604,22.589,22.582,22.574,22.566,22.551,22.544,22.528,22.506,22.490,22.468,22.452,22.437,22.414,22.391,22.376,22.361,22.346,22.323,22.308,22.292,22.277,22.270,22.262,22.262,22.270,22.292,22.308,22.330,22.346,22.346,22.338,22.330,22.323,22.308,22.308,22.300,22.300,22.308,22.323,22.330,22.346,22.346,22.353,22.353,22.361,22.369,22.376,22.376,22.384,22.384,22.384,22.384,22.384,22.376,22.369,22.369,22.369,22.369,22.376,22.384,22.384,22.384,22.376,22.376,22.376,22.376,22.384,22.391,22.399,22.399,22.399,22.407,22.407,22.414,22.414,22.422,22.429,22.429,22.422,22.422,22.429,22.452,22.475,22.498,22.513,22.513,22.498,22.490,22.498,22.506,22.521,22.536,22.551,22.559,22.566,22.566,22.566,22.566,22.559,22.551,22.544,22.544,22.559,22.566,22.574,22.589,22.597,22.604,22.612,22.612,22.604,22.604,22.597,22.589,22.582,22.582,22.574,22.559,22.544,22.536,22.536,22.544,22.551,22.559,22.566,22.566,22.559,22.559,22.551,22.544,22.544,22.551,22.551,22.566,22.582,22.597,22.604,22.612,22.604,22.604,22.604,22.604,22.604,22.604,22.612,22.635,22.650,22.658,22.665,22.673,22.688,22.703,22.718,22.749,22.771,22.794,22.809,22.832,22.855,22.878,22.900,22.938,22.968,22.999,23.021,23.037,23.059,23.089,23.112,23.127,23.150,23.165,23.188,23.210,23.233,23.248,23.263,23.286,23.309,23.339,23.361,23.369,23.384,23.399,23.414,23.437,23.459,23.474,23.482,23.482,23.467,23.459,23.452,23.437,23.422,23.407,23.392,23.369,23.354,23.331,23.309,23.293,23.286,23.271,23.248,23.226,23.203,23.173,23.158,23.135,23.112,23.089,23.059,23.037,23.014,22.999,22.984,22.976,22.961,22.953,22.946,22.946,22.938,22.931,22.915,22.908,22.900,22.885,22.870,22.855,22.847,22.840,22.824,22.817,22.817,22.809,22.794,22.771,22.733,22.711,22.703,22.696,22.688,22.696,22.696,22.673,22.658,22.635,22.620,22.620,22.620,22.627,22.635,22.635,22.635,22.635,22.627,22.627,22.620,22.612,22.612,22.612,22.612,22.620,22.620,22.620,22.627,22.627,22.627,22.627,22.627,22.627,22.620,22.620,22.620,22.620,22.620,22.627,22.627,22.627,22.627,22.627,22.627,22.620,22.620,22.620,22.627,22.627,22.627,22.635,22.642,22.650,22.650,22.650,22.650,22.658,22.658,22.658,22.650,22.650,22.642,22.642,22.635,22.635,22.635,22.635,22.635,22.635,22.642,22.642,22.650,22.658,22.665,22.673,22.673,22.673,22.673,22.665,22.650,22.642,22.635,22.635,22.635,22.642,22.650,22.650,22.650,22.658,22.665,22.665,22.658,22.658,22.658,22.673,22.688,22.703,22.703,22.688,22.673,22.650,22.627,22.620,22.604,22.597,22.582,22.574,22.574,22.566,22.559,22.559,22.551,22.551,22.536,22.536,22.528,22.513,22.490,22.468,22.445,22.422,22.391,22.353,22.338,22.315,22.292,22.277,22.270,22.262,22.262,22.254,22.247,22.254,22.262,22.270,22.285,22.300,22.315,22.330,22.338,22.346,22.369,22.399,22.429,22.460,22.490,22.513,22.521,22.536,22.551,22.574,22.589,22.612,22.642,22.673,22.696,22.726,22.756,22.787,22.802,22.817,22.847,22.885,22.915,22.946,22.968,22.984,22.976,22.976,22.984,23.014,23.044,23.067,23.082,23.089,23.089
,23.648,23.640,23.625,23.602,23.580,23.557,23.542,23.527,23.520,23.497,23.482,23.474,23.459,23.444,23.422,23.414,23.399,23.376,23.354,23.339,23.324,23.301,23.271,23.248,23.233,23.210,23.195,23.188,23.180,23.173,23.158,23.150,23.135,23.112,23.089,23.082,23.059,23.021,22.953,22.893,22.840,22.817,22.847,22.915,22.968,22.984,22.938,22.862,22.787,22.733,22.726,22.733,22.741,22.733,22.718,22.703,22.688,22.673,22.658,22.650,22.642,22.627,22.612,22.604,22.597,22.582,22.574,22.566,22.559,22.544,22.536,22.521,22.498,22.475,22.452,22.429,22.414,22.391,22.369,22.361,22.353,22.330,22.300,22.277,22.254,22.231,22.231,22.231,22.239,22.247,22.270,22.285,22.300,22.308,22.308,22.308,22.300,22.300,22.300,22.292,22.292,22.292,22.300,22.315,22.323,22.338,22.346,22.346,22.353,22.369,22.369,22.376,22.376,22.384,22.384,22.384,22.384,22.384,22.384,22.376,22.369,22.369,22.369,22.376,22.384,22.384,22.384,22.384,22.376,22.376,22.376,22.384,22.391,22.399,22.399,22.399,22.407,22.414,22.414,22.414,22.422,22.429,22.429,22.422,22.422,22.422,22.445,22.468,22.490,22.506,22.506,22.490,22.483,22.483,22.498,22.506,22.521,22.536,22.551,22.551,22.559,22.566,22.566,22.551,22.544,22.544,22.544,22.544,22.551,22.559,22.566,22.574,22.582,22.582,22.582,22.582,22.574,22.566,22.559,22.559,22.559,22.559,22.544,22.536,22.521,22.521,22.528,22.536,22.536,22.536,22.544,22.544,22.544,22.544,22.536,22.536,22.536,22.536,22.551,22.559,22.574,22.582,22.589,22.589,22.589,22.589,22.589,22.589,22.589,22.589,22.612,22.620,22.635,22.642,22.642,22.650,22.665,22.680,22.703,22.718,22.741,22.764,22.787,22.809,22.832,22.855,22.900,22.931,22.961,22.991,22.999,23.021,23.044,23.074,23.089,23.112,23.135,23.165,23.180,23.195,23.203,23.210,23.226,23.256,23.286,23.309,23.316,23.331,23.346,23.376,23.407,23.437,23.459,23.482,23.489,23.505,23.505,23.505,23.505,23.497,23.482,23.474,23.467,23.452,23.437,23.414,23.399,23.384,23.369,23.361,23.331,23.301,23.278,23.263,23.248,23.210,23.180,23.150,23.112,23.089,23.067,23.044,23.029,22.999,22.984,22.968,22.961,22.946,22.938,22.923,22.923,22.915,22.908,22.900,22.893,22.885,22.870,22.862,22.855,22.847,22.847,22.840,22.817,22.794,22.779,22.756,22.726,22.718,22.703,22.688,22.665,22.650,22.635,22.620,22.620,22.635,22.642,22.642,22.635,22.635,22.635,22.627,22.627,22.620,22.612,22.612,22.612,22.612,22.612,22.612,22.620,22.620,22.620,22.627,22.620,22.620,22.612,22.612,22.612,22.612,22.612,22.612,22.612,22.612,22.612,22.612,22.612,22.612,22.612,22.612,22.612,22.612,22.612,22.620,22.627,22.627,22.635,22.642,22.650,22.650,22.658,22.658,22.658,22.658,22.650,22.642,22.642,22.635,22.635,22.635,22.627,22.627,22.635,22.635,22.642,22.650,22.658,22.665,22.665,22.658,22.658,22.658,22.658,22.665,22.665,22.658,22.642,22.635,22.627,22.620,22.635,22.650,22.665,22.673,22.665,22.658,22.658,22.658,22.673,22.696,22.711,22.711,22.703,22.688,22.665,22.642,22.620,22.604,22.597,22.582,22.574,22.574,22.566,22.559,22.559,22.551,22.544,22.536,22.536,22.528,22.513,22.498,22.475,22.452,22.429,22.399,22.361,22.338,22.315,22.292,22.270,22.262,22.254,22.254,22.247,22.239,22.239,22.247,22.262,22.270,22.285,22.300,22.315,22.323,22.330,22.353,22.384,22.414,22.445,22.475,22.498,22.513,22.536,22.551,22.574,22.589,22.612,22.635,22.665,22.688,22.718,22.749,22.779,22.794,22.817,22.840,22.878,22.900,22.923,22.946,22.968,22.968,22.976,22.991,23.014,23.037,23.052,23.059,23.067,23.067
,23.648,23.640,23.625,23.602,23.580,23.557,23.535,23.527,23.512,23.489,23.474,23.459,23.444,23.422,23.399,23.384,23.361,23.339,23.316,23.301,23.286,23.263,23.233,23.210,23.195,23.173,23.158,23.150,23.142,23.135,23.127,23.120,23.105,23.089,23.074,23.059,23.044,23.006,22.938,22.870,22.817,22.794,22.824,22.893,22.938,22.961,22.923,22.855,22.794,22.749,22.733,22.741,22.741,22.733,22.711,22.696,22.673,22.658,22.642,22.635,22.635,22.620,22.604,22.597,22.589,22.582,22.566,22.559,22.551,22.544,22.528,22.513,22.490,22.468,22.445,22.422,22.399,22.376,22.361,22.361,22.346,22.330,22.292,22.254,22.224,22.201,22.201,22.209,22.224,22.239,22.247,22.262,22.270,22.277,22.277,22.277,22.277,22.285,22.285,22.285,22.285,22.292,22.300,22.308,22.315,22.323,22.338,22.346,22.353,22.369,22.369,22.376,22.384,22.384,22.391,22.391,22.391,22.391,22.384,22.376,22.369,22.369,22.369,22.376,22.384,22.391,22.391,22.384,22.384,22.384,22.384,22.384,22.391,22.391,22.391,22.399,22.407,22.414,22.414,22.422,22.422,22.422,22.422,22.414,22.414,22.422,22.437,22.460,22.483,22.498,22.490,22.475,22.468,22.468,22.475,22.490,22.506,22.521,22.536,22.544,22.551,22.566,22.566,22.551,22.544,22.544,22.544,22.544,22.544,22.544,22.551,22.551,22.551,22.551,22.551,22.544,22.544,22.536,22.536,22.536,22.544,22.544,22.536,22.528,22.521,22.513,22.513,22.513,22.521,22.521,22.521,22.521,22.528,22.528,22.528,22.521,22.521,22.521,22.528,22.536,22.551,22.559,22.566,22.566,22.566,22.574,22.574,22.574,22.574,22.574,22.582,22.589,22.604,22.612,22.620,22.627,22.635,22.650,22.673,22.688,22.711,22.726,22.756,22.779,22.802,22.824,22.855,22.893,22.923,22.946,22.953,22.976,22.999,23.021,23.037,23.059,23.089,23.112,23.142,23.158,23.173,23.188,23.203,23.233,23.256,23.278,23.286,23.286,23.301,23.316,23.339,23.361,23.392,23.414,23.437,23.467,23.489,23.505,23.520,23.520,23.527,23.535,23.542,23.542,23.535,23.527,23.512,23.512,23.505,23.497,23.474,23.452,23.429,23.414,23.392,23.346,23.301,23.263,23.226,23.188,23.158,23.120,23.105,23.067,23.044,23.021,23.006,22.976,22.953,22.938,22.938,22.938,22.923,22.908,22.900,22.893,22.893,22.885,22.878,22.870,22.862,22.862,22.840,22.832,22.809,22.794,22.764,22.749,22.726,22.696,22.673,22.658,22.642,22.635,22.635,22.642,22.650,22.658,22.650,22.650,22.642,22.642,22.635,22.627,22.620,22.604,22.604,22.604,22.604,22.604,22.604,22.604,22.604,22.612,22.604,22.604,22.597,22.597,22.597,22.597,22.597,22.597,22.597,22.597,22.597,22.597,22.597,22.597,22.597,22.597,22.597,22.604,22.604,22.612,22.620,22.620,22.627,22.635,22.642,22.650,22.658,22.665,22.665,22.658,22.650,22.642,22.642,22.635,22.627,22.627,22.620,22.627,22.627,22.635,22.635,22.642,22.650,22.650,22.650,22.642,22.642,22.642,22.658,22.673,22.680,22.680,22.658,22.635,22.612,22.597,22.620,22.650,22.673,22.688,22.680,22.665,22.650,22.650,22.673,22.696,22.718,22.726,22.711,22.696,22.673,22.650,22.627,22.612,22.597,22.582,22.574,22.566,22.566,22.559,22.551,22.544,22.544,22.536,22.536,22.528,22.521,22.506,22.483,22.460,22.429,22.399,22.369,22.346,22.315,22.292,22.270,22.262,22.254,22.247,22.239,22.239,22.239,22.247,22.254,22.262,22.270,22.292,22.300,22.308,22.323,22.353,22.376,22.407,22.437,22.468,22.490,22.513,22.528,22.559,22.574,22.589,22.604,22.627,22.658,22.680,22.703,22.733,22.771,22.794,22.809,22.832,22.862,22.878,22.893,22.915,22.938,22.953,22.968,22.991,23.006,23.021,23.037,23.037,23.037,23.037
,23.640,23.632,23.617,23.602,23.580,23.557,23.535,23.520,23.505,23.489,23.467,23.452,23.437,23.414,23.384,23.361,23.339,23.309,23.286,23.271,23.256,23.233,23.203,23.188,23.165,23.150,23.127,23.120,23.112,23.105,23.097,23.089,23.082,23.067,23.059,23.052,23.029,22.999,22.931,22.862,22.809,22.779,22.809,22.870,22.915,22.938,22.900,22.847,22.794,22.749,22.741,22.749,22.741,22.733,22.711,22.688,22.665,22.650,22.635,22.627,22.620,22.612,22.597,22.597,22.589,22.574,22.566,22.559,22.551,22.536,22.521,22.506,22.483,22.460,22.429,22.407,22.391,22.369,22.353,22.353,22.346,22.323,22.277,22.239,22.209,22.186,22.178,22.193,22.209,22.224,22.231,22.239,22.239,22.247,22.254,22.254,22.262,22.270,22.277,22.277,22.285,22.285,22.292,22.300,22.308,22.315,22.330,22.338,22.353,22.369,22.376,22.384,22.384,22.391,22.399,22.399,22.399,22.399,22.391,22.384,22.376,22.376,22.376,22.384,22.384,22.391,22.391,22.391,22.391,22.391,22.391,22.391,22.391,22.391,22.391,22.399,22.407,22.414,22.414,22.422,22.422,22.422,22.422,22.414,22.414,22.422,22.437,22.452,22.475,22.483,22.483,22.468,22.460,22.460,22.460,22.475,22.490,22.498,22.521,22.528,22.544,22.551,22.551,22.544,22.536,22.528,22.528,22.528,22.528,22.528,22.528,22.521,22.521,22.513,22.513,22.506,22.506,22.506,22.513,22.513,22.521,22.521,22.521,22.513,22.506,22.506,22.498,22.498,22.498,22.498,22.498,22.506,22.513,22.513,22.513,22.513,22.506,22.506,22.513,22.521,22.528,22.536,22.536,22.536,22.544,22.551,22.559,22.559,22.559,22.559,22.551,22.559,22.574,22.589,22.597,22.604,22.620,22.635,22.650,22.665,22.688,22.703,22.726,22.749,22.771,22.794,22.824,22.855,22.878,22.900,22.908,22.931,22.946,22.968,22.984,23.006,23.029,23.052,23.082,23.105,23.127,23.150,23.173,23.203,23.233,23.256,23.263,23.256,23.263,23.278,23.293,23.309,23.331,23.361,23.392,23.429,23.474,23.505,23.535,23.557,23.580,23.610,23.632,23.648,23.663,23.663,23.670,23.678,23.678,23.670,23.648,23.625,23.602,23.580,23.550,23.505,23.452,23.414,23.361,23.309,23.263,23.218,23.188,23.150,23.120,23.089,23.067,23.037,22.999,22.976,22.976,22.968,22.946,22.923,22.908,22.908,22.900,22.893,22.885,22.878,22.870,22.862,22.847,22.840,22.824,22.802,22.794,22.771,22.733,22.696,22.673,22.658,22.642,22.642,22.642,22.650,22.658,22.658,22.658,22.658,22.658,22.650,22.642,22.627,22.620,22.604,22.597,22.597,22.589,22.589,22.589,22.589,22.589,22.589,22.589,22.589,22.582,22.582,22.582,22.582,22.582,22.582,22.582,22.582,22.574,22.574,22.574,22.574,22.582,22.582,22.589,22.589,22.597,22.604,22.604,22.612,22.612,22.627,22.635,22.642,22.650,22.658,22.658,22.658,22.650,22.642,22.642,22.635,22.627,22.620,22.620,22.620,22.627,22.635,22.635,22.642,22.642,22.642,22.642,22.627,22.620,22.627,22.650,22.673,22.696,22.696,22.673,22.635,22.597,22.582,22.604,22.642,22.673,22.696,22.688,22.665,22.658,22.650,22.673,22.703,22.718,22.726,22.718,22.703,22.680,22.658,22.635,22.620,22.604,22.582,22.574,22.566,22.559,22.551,22.544,22.544,22.536,22.536,22.536,22.528,22.521,22.506,22.483,22.460,22.437,22.399,22.376,22.346,22.323,22.292,22.270,22.262,22.247,22.239,22.231,22.231,22.231,22.239,22.247,22.247,22.262,22.277,22.285,22.300,22.315,22.338,22.369,22.391,22.422,22.452,22.483,22.498,22.528,22.559,22.574,22.589,22.604,22.627,22.650,22.665,22.688,22.718,22.756,22.779,22.802,22.832,22.847,22.855,22.870,22.893,22.923,22.946,22.968,22.991,23.006,23.014,23.014,23.014,23.014,23.014
,23.632,23.625,23.617,23.602,23.580,23.565,23.542,23.527,23.505,23.489,23.467,23.452,23.429,23.407,23.384,23.354,23.324,23.301,23.278,23.263,23.248,23.226,23.203,23.188,23.165,23.150,23.127,23.112,23.097,23.089,23.074,23.067,23.059,23.044,23.037,23.044,23.029,22.999,22.938,22.870,22.817,22.787,22.809,22.855,22.900,22.908,22.885,22.832,22.787,22.749,22.749,22.749,22.749,22.733,22.711,22.688,22.665,22.642,22.627,22.627,22.620,22.604,22.597,22.589,22.582,22.574,22.566,22.559,22.551,22.536,22.513,22.490,22.475,22.452,22.422,22.407,22.384,22.361,22.353,22.346,22.330,22.308,22.262,22.231,22.201,22.178,22.170,22.178,22.201,22.209,22.209,22.216,22.224,22.224,22.231,22.239,22.247,22.254,22.262,22.270,22.277,22.285,22.285,22.292,22.300,22.315,22.323,22.338,22.353,22.369,22.376,22.384,22.391,22.399,22.407,22.407,22.407,22.407,22.399,22.384,22.376,22.376,22.384,22.384,22.391,22.399,22.399,22.399,22.399,22.391,22.391,22.384,22.384,22.391,22.391,22.407,22.414,22.422,22.422,22.422,22.429,22.422,22.422,22.414,22.407,22.414,22.429,22.445,22.460,22.468,22.460,22.452,22.445,22.437,22.445,22.452,22.468,22.475,22.498,22.513,22.528,22.536,22.536,22.528,22.521,22.513,22.513,22.506,22.506,22.506,22.498,22.490,22.490,22.483,22.475,22.475,22.475,22.475,22.483,22.490,22.490,22.498,22.498,22.490,22.490,22.490,22.483,22.475,22.475,22.468,22.475,22.483,22.490,22.498,22.498,22.490,22.490,22.490,22.490,22.498,22.498,22.506,22.506,22.513,22.513,22.521,22.528,22.536,22.536,22.536,22.528,22.536,22.551,22.559,22.574,22.589,22.597,22.612,22.635,22.650,22.665,22.680,22.703,22.718,22.741,22.756,22.787,22.809,22.832,22.847,22.862,22.878,22.893,22.908,22.915,22.931,22.953,22.976,22.999,23.029,23.052,23.082,23.105,23.142,23.180,23.203,23.210,23.218,23.226,23.241,23.256,23.271,23.293,23.316,23.346,23.392,23.444,23.497,23.542,23.580,23.625,23.670,23.700,23.738,23.768,23.798,23.828,23.843,23.850,23.850,23.828,23.805,23.775,23.753,23.715,23.670,23.617,23.572,23.512,23.452,23.399,23.339,23.293,23.256,23.218,23.180,23.158,23.112,23.074,23.037,23.037,23.021,22.984,22.946,22.938,22.931,22.915,22.885,22.885,22.878,22.862,22.855,22.847,22.832,22.817,22.802,22.802,22.779,22.733,22.688,22.665,22.650,22.642,22.642,22.642,22.642,22.650,22.650,22.658,22.665,22.665,22.658,22.642,22.627,22.612,22.597,22.582,22.574,22.574,22.566,22.566,22.566,22.566,22.574,22.566,22.566,22.566,22.566,22.566,22.566,22.566,22.566,22.566,22.566,22.559,22.551,22.559,22.559,22.566,22.566,22.574,22.574,22.582,22.582,22.589,22.597,22.604,22.612,22.627,22.635,22.642,22.650,22.650,22.650,22.650,22.642,22.642,22.627,22.620,22.620,22.620,22.620,22.627,22.635,22.635,22.642,22.642,22.642,22.635,22.620,22.604,22.612,22.642,22.680,22.711,22.718,22.680,22.627,22.589,22.574,22.597,22.635,22.673,22.696,22.696,22.673,22.658,22.658,22.673,22.703,22.718,22.726,22.726,22.711,22.688,22.665,22.642,22.627,22.604,22.582,22.574,22.566,22.559,22.551,22.544,22.544,22.536,22.536,22.536,22.536,22.521,22.506,22.490,22.468,22.437,22.407,22.376,22.353,22.330,22.300,22.270,22.254,22.247,22.231,22.224,22.216,22.224,22.231,22.231,22.239,22.247,22.262,22.277,22.285,22.308,22.330,22.361,22.376,22.399,22.437,22.468,22.490,22.513,22.551,22.574,22.589,22.604,22.620,22.642,22.658,22.673,22.703,22.741,22.764,22.794,22.824,22.840,22.840,22.855,22.870,22.908,22.931,22.961,22.984,22.999,22.999,22.999,22.991,22.991,22.991
,23.625,23.617,23.617,23.610,23.595,23.580,23.565,23.542,23.527,23.505,23.489,23.474,23.452,23.429,23.399,23.376,23.346,23.324,23.301,23.293,23.278,23.256,23.241,23.226,23.210,23.195,23.165,23.142,23.120,23.105,23.082,23.067,23.052,23.037,23.037,23.044,23.037,23.021,22.968,22.908,22.855,22.824,22.832,22.862,22.885,22.885,22.862,22.817,22.779,22.749,22.749,22.749,22.749,22.741,22.718,22.696,22.673,22.658,22.642,22.635,22.627,22.612,22.604,22.597,22.589,22.574,22.574,22.566,22.551,22.536,22.513,22.490,22.460,22.429,22.414,22.399,22.384,22.369,22.346,22.330,22.308,22.285,22.254,22.224,22.193,22.178,22.178,22.186,22.193,22.201,22.209,22.209,22.209,22.216,22.224,22.224,22.231,22.247,22.254,22.262,22.270,22.277,22.285,22.292,22.292,22.308,22.323,22.338,22.346,22.361,22.376,22.391,22.399,22.407,22.407,22.407,22.407,22.407,22.407,22.399,22.391,22.384,22.384,22.391,22.391,22.399,22.399,22.399,22.399,22.391,22.391,22.384,22.384,22.384,22.391,22.407,22.414,22.422,22.422,22.422,22.429,22.422,22.422,22.414,22.407,22.407,22.414,22.437,22.452,22.460,22.445,22.437,22.429,22.422,22.429,22.437,22.452,22.460,22.475,22.483,22.498,22.506,22.506,22.498,22.490,22.483,22.483,22.483,22.475,22.468,22.468,22.468,22.468,22.460,22.452,22.445,22.445,22.437,22.452,22.460,22.468,22.468,22.475,22.468,22.468,22.468,22.460,22.452,22.452,22.452,22.460,22.468,22.468,22.475,22.475,22.475,22.475,22.475,22.475,22.483,22.483,22.483,22.490,22.490,22.490,22.490,22.506,22.513,22.521,22.513,22.498,22.506,22.513,22.528,22.536,22.551,22.566,22.589,22.604,22.612,22.627,22.642,22.658,22.673,22.688,22.703,22.726,22.756,22.779,22.787,22.802,22.809,22.817,22.824,22.832,22.840,22.847,22.862,22.885,22.900,22.923,22.946,22.961,22.984,23.014,23.044,23.059,23.074,23.089,23.112,23.142,23.173,23.210,23.241,23.271,23.316,23.361,23.407,23.452,23.489,23.535,23.572,23.617,23.663,23.715,23.775,23.828,23.865,23.895,23.910,23.910,23.903,23.895,23.880,23.858,23.805,23.753,23.708,23.670,23.617,23.565,23.512,23.452,23.407,23.369,23.339,23.301,23.248,23.203,23.173,23.165,23.142,23.105,23.059,23.029,22.984,22.953,22.931,22.908,22.885,22.862,22.862,22.847,22.832,22.817,22.809,22.794,22.779,22.749,22.703,22.673,22.665,22.658,22.642,22.642,22.642,22.642,22.642,22.658,22.673,22.680,22.680,22.658,22.635,22.612,22.582,22.566,22.559,22.551,22.544,22.536,22.544,22.544,22.551,22.551,22.551,22.551,22.551,22.559,22.559,22.559,22.559,22.551,22.544,22.544,22.544,22.544,22.544,22.551,22.559,22.559,22.559,22.566,22.574,22.582,22.582,22.589,22.597,22.612,22.620,22.627,22.635,22.642,22.642,22.642,22.642,22.635,22.627,22.620,22.620,22.620,22.627,22.635,22.635,22.635,22.642,22.642,22.642,22.627,22.612,22.604,22.604,22.642,22.680,22.718,22.726,22.688,22.635,22.582,22.559,22.582,22.627,22.673,22.696,22.696,22.680,22.665,22.665,22.680,22.703,22.718,22.726,22.726,22.711,22.688,22.665,22.650,22.635,22.612,22.589,22.582,22.566,22.559,22.551,22.551,22.544,22.536,22.536,22.536,22.536,22.528,22.513,22.498,22.475,22.445,22.414,22.384,22.353,22.330,22.300,22.262,22.247,22.239,22.224,22.209,22.209,22.209,22.216,22.224,22.224,22.231,22.247,22.262,22.270,22.285,22.315,22.338,22.361,22.391,22.422,22.452,22.475,22.506,22.528,22.559,22.582,22.597,22.620,22.642,22.658,22.673,22.703,22.733,22.756,22.787,22.809,22.824,22.840,22.855,22.870,22.900,22.923,22.946,22.968,22.984,22.991,22.991,22.991,22.991,22.991
,23.617,23.617,23.617,23.617,23.610,23.595,23.580,23.565,23.550,23.527,23.505,23.497,23.482,23.459,23.429,23.407,23.384,23.361,23.346,23.339,23.324,23.309,23.301,23.293,23.278,23.256,23.218,23.195,23.165,23.135,23.097,23.074,23.052,23.037,23.037,23.052,23.059,23.052,23.006,22.953,22.908,22.870,22.862,22.878,22.885,22.878,22.840,22.809,22.771,22.749,22.749,22.756,22.756,22.749,22.733,22.711,22.696,22.673,22.658,22.650,22.635,22.627,22.612,22.604,22.589,22.582,22.574,22.574,22.559,22.536,22.513,22.483,22.452,22.429,22.414,22.407,22.399,22.376,22.346,22.323,22.292,22.262,22.239,22.224,22.216,22.201,22.193,22.193,22.201,22.201,22.201,22.209,22.209,22.216,22.224,22.224,22.231,22.247,22.254,22.262,22.262,22.277,22.285,22.292,22.292,22.308,22.323,22.330,22.346,22.353,22.376,22.391,22.399,22.407,22.414,22.414,22.414,22.407,22.407,22.399,22.391,22.391,22.391,22.391,22.399,22.399,22.399,22.407,22.399,22.399,22.391,22.384,22.376,22.376,22.391,22.407,22.414,22.429,22.429,22.429,22.429,22.429,22.422,22.414,22.407,22.407,22.414,22.422,22.437,22.437,22.429,22.422,22.414,22.407,22.414,22.422,22.429,22.445,22.452,22.460,22.475,22.475,22.475,22.468,22.460,22.452,22.452,22.452,22.445,22.445,22.445,22.445,22.445,22.445,22.437,22.429,22.422,22.422,22.429,22.437,22.445,22.452,22.452,22.452,22.452,22.452,22.445,22.437,22.437,22.437,22.445,22.445,22.452,22.460,22.460,22.460,22.460,22.460,22.460,22.468,22.468,22.475,22.475,22.475,22.475,22.475,22.483,22.498,22.498,22.490,22.475,22.475,22.483,22.498,22.506,22.506,22.521,22.544,22.559,22.566,22.574,22.589,22.604,22.620,22.627,22.635,22.658,22.680,22.703,22.718,22.726,22.741,22.749,22.749,22.749,22.756,22.764,22.771,22.787,22.794,22.809,22.824,22.840,22.855,22.878,22.900,22.915,22.931,22.953,22.976,23.014,23.044,23.082,23.112,23.135,23.180,23.233,23.286,23.316,23.354,23.392,23.422,23.452,23.497,23.550,23.617,23.685,23.738,23.775,23.813,23.843,23.865,23.895,23.910,23.910,23.888,23.865,23.843,23.820,23.790,23.753,23.708,23.655,23.610,23.580,23.550,23.505,23.444,23.392,23.354,23.331,23.293,23.256,23.203,23.142,23.089,23.044,23.006,22.961,22.923,22.893,22.878,22.847,22.832,22.824,22.817,22.802,22.779,22.749,22.718,22.696,22.673,22.665,22.658,22.650,22.642,22.635,22.635,22.658,22.673,22.688,22.688,22.665,22.635,22.604,22.574,22.551,22.536,22.528,22.521,22.521,22.521,22.528,22.536,22.536,22.536,22.536,22.544,22.544,22.544,22.544,22.544,22.536,22.536,22.536,22.536,22.536,22.544,22.544,22.544,22.551,22.551,22.559,22.559,22.566,22.566,22.574,22.582,22.589,22.604,22.612,22.620,22.627,22.635,22.635,22.635,22.635,22.627,22.620,22.620,22.627,22.635,22.635,22.642,22.642,22.650,22.650,22.642,22.627,22.612,22.597,22.604,22.642,22.688,22.718,22.733,22.688,22.635,22.582,22.559,22.582,22.627,22.665,22.696,22.696,22.688,22.673,22.673,22.688,22.703,22.718,22.718,22.711,22.703,22.688,22.673,22.658,22.635,22.620,22.597,22.582,22.574,22.566,22.551,22.551,22.544,22.544,22.536,22.536,22.536,22.528,22.513,22.498,22.475,22.452,22.414,22.384,22.361,22.330,22.300,22.262,22.247,22.231,22.216,22.201,22.201,22.201,22.209,22.209,22.216,22.224,22.239,22.254,22.262,22.277,22.300,22.330,22.353,22.376,22.414,22.445,22.460,22.490,22.513,22.551,22.574,22.597,22.620,22.650,22.658,22.680,22.703,22.726,22.749,22.771,22.802,22.824,22.840,22.855,22.878,22.908,22.923,22.938,22.953,22.976,22.984,22.991,22.991,22.991,22.991
,23.610,23.610,23.617,23.617,23.617,23.602,23.587,23.580,23.565,23.542,23.527,23.512,23.505,23.482,23.459,23.437,23.414,23.399,23.376,23.369,23.361,23.354,23.346,23.339,23.324,23.301,23.263,23.233,23.195,23.158,23.112,23.082,23.052,23.037,23.037,23.059,23.074,23.067,23.037,22.991,22.953,22.915,22.893,22.893,22.885,22.862,22.832,22.794,22.764,22.741,22.741,22.749,22.756,22.756,22.741,22.726,22.711,22.688,22.680,22.658,22.642,22.635,22.620,22.604,22.597,22.589,22.582,22.574,22.559,22.544,22.506,22.475,22.445,22.422,22.414,22.414,22.407,22.384,22.346,22.315,22.285,22.247,22.231,22.231,22.231,22.224,22.216,22.209,22.201,22.201,22.201,22.201,22.209,22.216,22.224,22.224,22.231,22.239,22.247,22.254,22.262,22.277,22.285,22.292,22.300,22.308,22.323,22.330,22.338,22.353,22.376,22.391,22.407,22.414,22.422,22.422,22.422,22.414,22.414,22.407,22.399,22.399,22.399,22.399,22.399,22.407,22.407,22.407,22.407,22.407,22.391,22.384,22.376,22.376,22.384,22.399,22.414,22.429,22.429,22.429,22.429,22.429,22.422,22.414,22.407,22.399,22.407,22.414,22.422,22.429,22.422,22.414,22.399,22.399,22.399,22.407,22.414,22.422,22.429,22.437,22.445,22.445,22.437,22.437,22.429,22.429,22.422,22.422,22.422,22.422,22.422,22.429,22.437,22.437,22.422,22.414,22.407,22.407,22.407,22.414,22.422,22.429,22.429,22.429,22.429,22.429,22.422,22.422,22.429,22.429,22.429,22.429,22.437,22.437,22.445,22.445,22.445,22.445,22.452,22.452,22.460,22.460,22.460,22.452,22.452,22.452,22.468,22.475,22.475,22.475,22.452,22.452,22.460,22.468,22.475,22.475,22.483,22.506,22.513,22.521,22.528,22.544,22.551,22.566,22.574,22.582,22.597,22.612,22.635,22.642,22.650,22.665,22.673,22.673,22.673,22.673,22.680,22.688,22.703,22.711,22.726,22.733,22.749,22.756,22.771,22.787,22.802,22.809,22.832,22.855,22.885,22.923,22.946,22.968,22.999,23.037,23.089,23.142,23.173,23.203,23.241,23.271,23.301,23.331,23.376,23.437,23.497,23.557,23.602,23.655,23.708,23.768,23.828,23.873,23.895,23.910,23.918,23.918,23.925,23.925,23.918,23.895,23.858,23.820,23.798,23.775,23.723,23.663,23.602,23.550,23.512,23.474,23.414,23.354,23.278,23.218,23.165,23.105,23.052,22.999,22.953,22.915,22.878,22.855,22.832,22.817,22.809,22.787,22.749,22.711,22.703,22.680,22.673,22.665,22.658,22.650,22.642,22.635,22.650,22.665,22.680,22.680,22.658,22.627,22.597,22.566,22.536,22.521,22.506,22.498,22.498,22.506,22.513,22.521,22.521,22.521,22.528,22.528,22.528,22.528,22.528,22.528,22.521,22.521,22.521,22.521,22.528,22.528,22.528,22.536,22.536,22.536,22.544,22.551,22.551,22.559,22.559,22.574,22.574,22.582,22.597,22.604,22.612,22.620,22.627,22.627,22.627,22.627,22.627,22.627,22.635,22.642,22.642,22.642,22.650,22.658,22.658,22.650,22.635,22.612,22.604,22.604,22.635,22.680,22.711,22.726,22.688,22.635,22.589,22.566,22.589,22.627,22.658,22.688,22.696,22.688,22.688,22.688,22.696,22.703,22.711,22.711,22.703,22.703,22.688,22.673,22.658,22.642,22.627,22.604,22.589,22.574,22.566,22.559,22.551,22.551,22.551,22.544,22.544,22.536,22.528,22.513,22.498,22.483,22.452,22.422,22.384,22.361,22.330,22.292,22.262,22.239,22.224,22.209,22.193,22.193,22.193,22.193,22.201,22.201,22.216,22.231,22.239,22.247,22.262,22.285,22.315,22.338,22.369,22.399,22.429,22.445,22.468,22.506,22.536,22.559,22.589,22.620,22.650,22.665,22.680,22.703,22.726,22.741,22.764,22.794,22.824,22.847,22.870,22.893,22.908,22.923,22.931,22.938,22.961,22.976,22.991,22.999,22.999,22.999
,23.602,23.602,23.610,23.610,23.610,23.602,23.587,23.580,23.565,23.550,23.535,23.520,23.505,23.482,23.459,23.444,23.429,23.414,23.399,23.392,23.384,23.376,23.361,23.361,23.346,23.324,23.286,23.248,23.210,23.165,23.120,23.089,23.052,23.029,23.037,23.059,23.074,23.074,23.052,23.021,22.984,22.946,22.915,22.900,22.885,22.855,22.817,22.787,22.764,22.741,22.741,22.749,22.756,22.756,22.749,22.733,22.718,22.703,22.688,22.673,22.650,22.635,22.620,22.612,22.604,22.589,22.582,22.574,22.559,22.544,22.506,22.475,22.445,22.414,22.414,22.414,22.407,22.384,22.346,22.308,22.270,22.239,22.231,22.231,22.239,22.239,22.224,22.209,22.201,22.193,22.186,22.193,22.201,22.216,22.216,22.224,22.231,22.239,22.247,22.254,22.262,22.277,22.285,22.292,22.300,22.315,22.323,22.330,22.346,22.361,22.376,22.399,22.407,22.422,22.429,22.429,22.422,22.422,22.422,22.414,22.407,22.407,22.407,22.407,22.407,22.407,22.414,22.414,22.414,22.407,22.399,22.391,22.376,22.376,22.384,22.399,22.414,22.422,22.422,22.422,22.422,22.422,22.414,22.407,22.399,22.391,22.391,22.407,22.414,22.414,22.407,22.399,22.391,22.384,22.384,22.391,22.391,22.399,22.407,22.414,22.414,22.414,22.407,22.399,22.399,22.399,22.391,22.391,22.391,22.399,22.407,22.414,22.422,22.422,22.422,22.407,22.399,22.399,22.399,22.399,22.399,22.399,22.407,22.407,22.407,22.407,22.407,22.407,22.414,22.414,22.414,22.414,22.422,22.422,22.422,22.422,22.429,22.429,22.437,22.437,22.437,22.437,22.437,22.437,22.429,22.429,22.445,22.452,22.452,22.452,22.437,22.445,22.452,22.460,22.460,22.452,22.460,22.475,22.483,22.490,22.490,22.498,22.513,22.521,22.521,22.528,22.544,22.559,22.574,22.582,22.582,22.589,22.597,22.597,22.597,22.612,22.620,22.620,22.635,22.642,22.658,22.665,22.680,22.688,22.703,22.711,22.718,22.726,22.741,22.764,22.787,22.809,22.832,22.847,22.870,22.908,22.946,22.991,23.021,23.059,23.105,23.135,23.158,23.188,23.226,23.271,23.316,23.361,23.414,23.474,23.542,23.617,23.700,23.775,23.820,23.858,23.895,23.925,23.948,23.978,24.008,24.023,24.008,23.993,23.985,23.978,23.940,23.880,23.820,23.760,23.715,23.655,23.595,23.520,23.429,23.354,23.301,23.241,23.180,23.112,23.044,22.984,22.946,22.900,22.862,22.824,22.817,22.794,22.756,22.711,22.696,22.680,22.673,22.658,22.658,22.650,22.642,22.635,22.635,22.650,22.650,22.650,22.635,22.612,22.582,22.544,22.513,22.490,22.483,22.475,22.475,22.483,22.498,22.498,22.506,22.506,22.506,22.513,22.513,22.513,22.513,22.506,22.506,22.506,22.506,22.506,22.513,22.513,22.513,22.513,22.521,22.521,22.528,22.528,22.536,22.544,22.551,22.551,22.559,22.566,22.574,22.582,22.597,22.604,22.612,22.620,22.620,22.627,22.635,22.635,22.642,22.642,22.650,22.650,22.658,22.658,22.658,22.650,22.635,22.620,22.604,22.604,22.635,22.673,22.696,22.703,22.680,22.642,22.612,22.589,22.604,22.627,22.650,22.673,22.688,22.688,22.696,22.703,22.711,22.711,22.703,22.696,22.696,22.696,22.688,22.673,22.658,22.642,22.627,22.604,22.589,22.574,22.566,22.559,22.559,22.559,22.551,22.551,22.551,22.544,22.536,22.513,22.498,22.483,22.452,22.422,22.384,22.353,22.323,22.292,22.254,22.231,22.216,22.201,22.186,22.178,22.178,22.178,22.186,22.193,22.201,22.216,22.224,22.231,22.254,22.277,22.300,22.323,22.353,22.391,22.422,22.437,22.460,22.490,22.528,22.551,22.589,22.620,22.642,22.658,22.680,22.696,22.718,22.733,22.756,22.787,22.824,22.847,22.870,22.900,22.915,22.915,22.923,22.931,22.953,22.968,22.984,22.999,22.999,22.999
,23.595,23.595,23.595,23.587,23.587,23.580,23.572,23.565,23.557,23.542,23.520,23.497,23.482,23.459,23.437,23.429,23.414,23.399,23.384,23.376,23.369,23.354,23.339,23.331,23.324,23.293,23.263,23.233,23.195,23.158,23.112,23.074,23.044,23.029,23.029,23.044,23.052,23.059,23.037,23.014,22.984,22.953,22.923,22.900,22.878,22.847,22.809,22.779,22.756,22.741,22.741,22.741,22.749,22.749,22.741,22.733,22.718,22.703,22.688,22.673,22.650,22.627,22.620,22.612,22.597,22.582,22.582,22.574,22.559,22.536,22.506,22.475,22.445,22.414,22.407,22.407,22.407,22.384,22.338,22.292,22.262,22.231,22.224,22.231,22.239,22.231,22.216,22.201,22.186,22.186,22.178,22.186,22.193,22.209,22.216,22.216,22.224,22.239,22.247,22.262,22.270,22.285,22.292,22.300,22.308,22.323,22.330,22.338,22.353,22.369,22.384,22.399,22.414,22.429,22.437,22.437,22.437,22.429,22.429,22.422,22.414,22.407,22.407,22.407,22.407,22.414,22.414,22.414,22.414,22.414,22.407,22.399,22.391,22.384,22.391,22.407,22.414,22.422,22.422,22.414,22.407,22.399,22.391,22.384,22.384,22.384,22.391,22.399,22.407,22.407,22.407,22.391,22.384,22.384,22.376,22.376,22.376,22.376,22.376,22.384,22.384,22.391,22.384,22.384,22.384,22.376,22.376,22.376,22.376,22.384,22.399,22.407,22.414,22.422,22.422,22.414,22.407,22.399,22.399,22.391,22.384,22.384,22.384,22.384,22.384,22.384,22.391,22.391,22.399,22.407,22.407,22.407,22.407,22.407,22.414,22.414,22.414,22.422,22.422,22.422,22.422,22.422,22.422,22.414,22.414,22.414,22.422,22.429,22.429,22.429,22.429,22.437,22.452,22.460,22.460,22.452,22.452,22.468,22.468,22.468,22.468,22.475,22.483,22.490,22.498,22.498,22.513,22.521,22.528,22.528,22.536,22.536,22.536,22.544,22.551,22.551,22.559,22.566,22.574,22.582,22.589,22.597,22.612,22.620,22.635,22.650,22.665,22.673,22.688,22.703,22.718,22.733,22.749,22.771,22.787,22.817,22.855,22.885,22.915,22.953,22.984,23.021,23.044,23.067,23.097,23.135,23.180,23.218,23.263,23.316,23.376,23.444,23.520,23.587,23.655,23.723,23.775,23.813,23.858,23.895,23.940,23.978,24.000,24.015,24.030,24.045,24.045,24.023,23.993,23.948,23.895,23.843,23.783,23.700,23.610,23.535,23.474,23.422,23.354,23.271,23.188,23.120,23.067,22.999,22.938,22.885,22.832,22.802,22.771,22.726,22.680,22.665,22.658,22.650,22.642,22.642,22.635,22.627,22.627,22.604,22.589,22.574,22.574,22.574,22.559,22.528,22.498,22.483,22.468,22.468,22.460,22.468,22.475,22.483,22.490,22.490,22.490,22.490,22.490,22.490,22.490,22.490,22.490,22.490,22.490,22.498,22.498,22.498,22.498,22.498,22.506,22.506,22.513,22.521,22.528,22.528,22.536,22.544,22.551,22.551,22.559,22.566,22.582,22.589,22.604,22.612,22.620,22.627,22.635,22.642,22.650,22.658,22.658,22.658,22.665,22.665,22.665,22.665,22.650,22.627,22.620,22.620,22.627,22.650,22.673,22.680,22.673,22.650,22.635,22.627,22.627,22.635,22.642,22.658,22.673,22.688,22.703,22.711,22.718,22.711,22.703,22.696,22.696,22.696,22.688,22.673,22.658,22.642,22.620,22.604,22.589,22.582,22.574,22.559,22.559,22.566,22.566,22.559,22.551,22.551,22.536,22.521,22.498,22.475,22.445,22.414,22.376,22.353,22.315,22.285,22.247,22.224,22.201,22.186,22.163,22.163,22.163,22.163,22.170,22.178,22.186,22.201,22.216,22.216,22.231,22.254,22.285,22.308,22.338,22.376,22.407,22.429,22.452,22.483,22.521,22.544,22.574,22.604,22.635,22.658,22.673,22.696,22.718,22.733,22.756,22.787,22.817,22.847,22.870,22.893,22.908,22.915,22.915,22.931,22.946,22.968,22.984,22.999,22.999,22.999
,23.587,23.580,23.580,23.565,23.557,23.550,23.542,23.542,23.535,23.520,23.497,23.467,23.437,23.414,23.399,23.392,23.384,23.369,23.361,23.346,23.331,23.316,23.301,23.286,23.271,23.248,23.218,23.195,23.173,23.135,23.097,23.067,23.044,23.021,23.014,23.021,23.029,23.021,23.006,22.991,22.968,22.946,22.915,22.900,22.878,22.847,22.809,22.787,22.764,22.741,22.733,22.733,22.733,22.733,22.726,22.718,22.711,22.696,22.680,22.658,22.642,22.627,22.612,22.604,22.597,22.582,22.574,22.566,22.551,22.528,22.506,22.475,22.445,22.422,22.407,22.399,22.391,22.369,22.330,22.292,22.262,22.231,22.224,22.224,22.231,22.224,22.209,22.186,22.178,22.170,22.170,22.178,22.186,22.201,22.209,22.216,22.224,22.239,22.254,22.262,22.277,22.292,22.308,22.308,22.315,22.323,22.338,22.346,22.361,22.376,22.391,22.407,22.422,22.437,22.445,22.452,22.445,22.445,22.437,22.429,22.422,22.414,22.414,22.414,22.414,22.422,22.422,22.429,22.429,22.422,22.414,22.407,22.399,22.391,22.399,22.407,22.414,22.414,22.407,22.391,22.384,22.376,22.369,22.369,22.369,22.376,22.384,22.391,22.399,22.407,22.407,22.399,22.391,22.384,22.376,22.369,22.369,22.361,22.361,22.369,22.376,22.376,22.376,22.376,22.376,22.376,22.376,22.369,22.369,22.384,22.399,22.414,22.429,22.437,22.437,22.437,22.422,22.414,22.407,22.391,22.384,22.376,22.369,22.369,22.369,22.369,22.384,22.391,22.391,22.407,22.407,22.399,22.399,22.399,22.407,22.407,22.414,22.414,22.414,22.407,22.407,22.407,22.407,22.407,22.407,22.399,22.407,22.407,22.414,22.414,22.414,22.414,22.422,22.422,22.429,22.429,22.445,22.452,22.452,22.452,22.452,22.460,22.452,22.460,22.460,22.468,22.483,22.483,22.483,22.483,22.483,22.483,22.490,22.498,22.498,22.506,22.506,22.506,22.513,22.513,22.521,22.536,22.544,22.551,22.566,22.582,22.597,22.604,22.620,22.635,22.642,22.665,22.688,22.711,22.733,22.756,22.779,22.802,22.840,22.870,22.900,22.915,22.946,22.961,22.976,23.006,23.037,23.082,23.127,23.180,23.233,23.301,23.369,23.437,23.512,23.572,23.625,23.670,23.723,23.775,23.828,23.873,23.910,23.940,23.970,24.008,24.045,24.060,24.068,24.053,24.038,24.008,23.970,23.903,23.828,23.753,23.685,23.632,23.557,23.459,23.369,23.278,23.203,23.120,23.037,22.961,22.878,22.832,22.794,22.749,22.696,22.665,22.642,22.642,22.635,22.627,22.627,22.627,22.627,22.604,22.574,22.559,22.559,22.566,22.551,22.521,22.490,22.475,22.468,22.460,22.460,22.460,22.468,22.468,22.475,22.475,22.475,22.475,22.475,22.475,22.475,22.475,22.475,22.475,22.483,22.483,22.483,22.483,22.483,22.483,22.490,22.498,22.506,22.506,22.513,22.521,22.528,22.536,22.536,22.544,22.544,22.559,22.574,22.582,22.597,22.604,22.620,22.635,22.642,22.650,22.665,22.665,22.673,22.673,22.680,22.680,22.680,22.673,22.658,22.642,22.635,22.627,22.627,22.635,22.642,22.650,22.658,22.658,22.658,22.658,22.650,22.642,22.642,22.642,22.658,22.688,22.711,22.726,22.726,22.711,22.703,22.696,22.696,22.696,22.688,22.673,22.658,22.635,22.620,22.604,22.589,22.582,22.574,22.566,22.566,22.574,22.574,22.574,22.566,22.559,22.544,22.521,22.498,22.475,22.437,22.407,22.369,22.346,22.315,22.277,22.247,22.216,22.193,22.170,22.155,22.147,22.147,22.147,22.155,22.163,22.170,22.193,22.201,22.209,22.224,22.254,22.277,22.300,22.330,22.369,22.399,22.422,22.445,22.475,22.513,22.536,22.566,22.597,22.627,22.650,22.673,22.696,22.726,22.741,22.764,22.794,22.824,22.840,22.862,22.885,22.908,22.908,22.915,22.931,22.953,22.968,22.984,22.991,22.991,22.999
,23.572,23.572,23.565,23.550,23.527,23.520,23.512,23.520,23.520,23.505,23.474,23.437,23.407,23.376,23.361,23.361,23.354,23.346,23.331,23.316,23.301,23.278,23.256,23.248,23.226,23.203,23.180,23.165,23.142,23.120,23.089,23.067,23.044,23.021,23.006,23.006,23.006,22.999,22.976,22.968,22.953,22.931,22.908,22.893,22.870,22.847,22.809,22.787,22.764,22.741,22.726,22.726,22.726,22.718,22.711,22.711,22.703,22.696,22.673,22.650,22.635,22.620,22.604,22.597,22.589,22.582,22.566,22.559,22.544,22.528,22.498,22.483,22.452,22.429,22.407,22.399,22.376,22.353,22.323,22.292,22.270,22.239,22.224,22.224,22.216,22.209,22.193,22.178,22.163,22.163,22.155,22.163,22.178,22.193,22.201,22.209,22.224,22.239,22.254,22.270,22.285,22.300,22.315,22.315,22.315,22.330,22.346,22.353,22.369,22.384,22.399,22.414,22.422,22.437,22.445,22.452,22.452,22.452,22.445,22.437,22.422,22.422,22.422,22.422,22.422,22.429,22.429,22.429,22.429,22.429,22.422,22.422,22.414,22.399,22.407,22.407,22.407,22.407,22.391,22.376,22.361,22.353,22.353,22.353,22.361,22.369,22.384,22.391,22.399,22.399,22.399,22.399,22.391,22.384,22.376,22.361,22.353,22.346,22.346,22.353,22.361,22.361,22.361,22.361,22.369,22.369,22.369,22.361,22.369,22.376,22.399,22.414,22.429,22.445,22.445,22.445,22.437,22.429,22.414,22.399,22.376,22.369,22.361,22.361,22.361,22.361,22.376,22.384,22.391,22.399,22.399,22.391,22.391,22.391,22.399,22.399,22.399,22.399,22.399,22.399,22.391,22.391,22.391,22.391,22.391,22.384,22.391,22.391,22.391,22.391,22.391,22.391,22.391,22.391,22.399,22.407,22.414,22.429,22.429,22.422,22.422,22.422,22.422,22.422,22.422,22.429,22.437,22.445,22.445,22.437,22.437,22.437,22.445,22.452,22.452,22.452,22.460,22.460,22.468,22.468,22.475,22.490,22.498,22.506,22.513,22.528,22.544,22.559,22.566,22.574,22.582,22.604,22.627,22.650,22.665,22.688,22.718,22.741,22.771,22.794,22.817,22.824,22.855,22.870,22.878,22.893,22.923,22.961,22.999,23.044,23.089,23.158,23.226,23.293,23.361,23.422,23.482,23.535,23.595,23.648,23.700,23.760,23.798,23.835,23.880,23.933,23.993,24.045,24.083,24.113,24.120,24.128,24.113,24.083,24.030,23.963,23.903,23.843,23.753,23.655,23.557,23.452,23.354,23.256,23.150,23.052,22.953,22.878,22.817,22.764,22.718,22.673,22.642,22.627,22.620,22.620,22.620,22.627,22.635,22.604,22.582,22.559,22.559,22.566,22.551,22.513,22.475,22.468,22.460,22.460,22.452,22.452,22.460,22.460,22.460,22.460,22.460,22.460,22.460,22.460,22.452,22.452,22.460,22.460,22.468,22.468,22.468,22.468,22.468,22.475,22.475,22.483,22.490,22.498,22.506,22.506,22.521,22.528,22.528,22.536,22.536,22.544,22.559,22.574,22.589,22.604,22.620,22.627,22.642,22.650,22.665,22.673,22.673,22.673,22.680,22.680,22.680,22.673,22.665,22.658,22.642,22.635,22.627,22.620,22.620,22.627,22.642,22.665,22.680,22.688,22.673,22.650,22.627,22.627,22.642,22.680,22.711,22.733,22.733,22.711,22.696,22.688,22.688,22.688,22.688,22.673,22.658,22.635,22.612,22.597,22.589,22.582,22.574,22.574,22.574,22.582,22.582,22.582,22.574,22.566,22.544,22.521,22.498,22.468,22.437,22.391,22.361,22.338,22.308,22.277,22.239,22.216,22.193,22.170,22.147,22.140,22.140,22.140,22.140,22.147,22.163,22.178,22.193,22.201,22.216,22.247,22.270,22.292,22.323,22.353,22.384,22.414,22.445,22.475,22.506,22.528,22.559,22.582,22.612,22.635,22.665,22.696,22.726,22.749,22.771,22.794,22.824,22.840,22.855,22.878,22.900,22.908,22.923,22.938,22.953,22.976,22.984,22.991,22.991,22.991
,23.565,23.557,23.550,23.535,23.512,23.505,23.505,23.505,23.505,23.489,23.452,23.422,23.384,23.354,23.346,23.346,23.339,23.324,23.309,23.293,23.278,23.248,23.226,23.210,23.195,23.173,23.158,23.142,23.127,23.112,23.089,23.067,23.044,23.021,23.006,22.999,22.991,22.976,22.961,22.953,22.938,22.923,22.900,22.885,22.870,22.847,22.809,22.787,22.764,22.741,22.726,22.726,22.718,22.711,22.711,22.703,22.696,22.688,22.673,22.650,22.635,22.612,22.604,22.597,22.589,22.574,22.566,22.559,22.544,22.521,22.506,22.490,22.468,22.437,22.414,22.391,22.369,22.346,22.315,22.300,22.277,22.254,22.231,22.216,22.201,22.186,22.170,22.163,22.155,22.147,22.140,22.140,22.155,22.170,22.178,22.193,22.209,22.231,22.254,22.262,22.285,22.300,22.315,22.315,22.323,22.338,22.346,22.361,22.376,22.391,22.407,22.422,22.429,22.437,22.445,22.452,22.452,22.452,22.452,22.437,22.429,22.414,22.414,22.422,22.422,22.429,22.429,22.429,22.437,22.437,22.437,22.429,22.422,22.414,22.414,22.407,22.407,22.399,22.384,22.361,22.353,22.338,22.338,22.346,22.353,22.369,22.376,22.384,22.391,22.391,22.391,22.391,22.384,22.376,22.361,22.346,22.338,22.330,22.323,22.330,22.338,22.346,22.346,22.346,22.353,22.353,22.353,22.353,22.361,22.369,22.391,22.407,22.422,22.437,22.445,22.445,22.437,22.429,22.414,22.391,22.376,22.353,22.346,22.346,22.346,22.353,22.361,22.376,22.384,22.384,22.384,22.384,22.384,22.376,22.384,22.384,22.384,22.384,22.384,22.376,22.376,22.369,22.369,22.369,22.369,22.369,22.369,22.369,22.369,22.369,22.361,22.361,22.361,22.361,22.369,22.376,22.376,22.384,22.384,22.376,22.376,22.376,22.376,22.384,22.384,22.391,22.399,22.407,22.407,22.399,22.399,22.399,22.399,22.407,22.407,22.414,22.414,22.414,22.429,22.437,22.452,22.460,22.475,22.483,22.490,22.490,22.513,22.521,22.536,22.536,22.544,22.551,22.566,22.574,22.597,22.620,22.650,22.680,22.703,22.718,22.733,22.749,22.779,22.787,22.794,22.802,22.832,22.862,22.893,22.931,22.968,23.014,23.074,23.142,23.210,23.278,23.346,23.407,23.459,23.520,23.580,23.640,23.685,23.730,23.783,23.843,23.910,23.985,24.060,24.113,24.143,24.173,24.203,24.217,24.180,24.135,24.098,24.045,23.948,23.850,23.745,23.640,23.527,23.399,23.278,23.158,23.044,22.946,22.855,22.779,22.733,22.688,22.642,22.612,22.604,22.604,22.612,22.620,22.635,22.612,22.582,22.559,22.559,22.566,22.544,22.490,22.452,22.445,22.445,22.445,22.437,22.445,22.445,22.445,22.445,22.445,22.437,22.437,22.437,22.437,22.437,22.437,22.437,22.445,22.445,22.452,22.452,22.452,22.452,22.452,22.460,22.468,22.475,22.475,22.490,22.498,22.506,22.513,22.521,22.521,22.528,22.544,22.551,22.566,22.574,22.597,22.612,22.620,22.635,22.642,22.658,22.665,22.665,22.665,22.673,22.673,22.673,22.665,22.665,22.658,22.650,22.642,22.627,22.612,22.612,22.612,22.635,22.673,22.703,22.711,22.688,22.650,22.620,22.612,22.635,22.680,22.718,22.733,22.733,22.711,22.688,22.673,22.673,22.688,22.688,22.680,22.658,22.635,22.620,22.597,22.589,22.582,22.582,22.582,22.582,22.582,22.589,22.582,22.582,22.566,22.551,22.521,22.490,22.460,22.429,22.391,22.353,22.338,22.308,22.277,22.231,22.209,22.186,22.163,22.140,22.132,22.125,22.125,22.125,22.140,22.147,22.170,22.178,22.193,22.209,22.239,22.262,22.285,22.315,22.346,22.384,22.414,22.445,22.475,22.506,22.521,22.544,22.574,22.612,22.627,22.658,22.688,22.726,22.749,22.771,22.794,22.824,22.840,22.855,22.870,22.893,22.908,22.931,22.946,22.961,22.976,22.984,22.991,22.991,22.991
,23.550,23.550,23.542,23.527,23.520,23.505,23.505,23.505,23.497,23.482,23.459,23.429,23.392,23.369,23.354,23.346,23.339,23.324,23.309,23.293,23.271,23.248,23.218,23.203,23.188,23.165,23.150,23.142,23.127,23.112,23.097,23.074,23.059,23.037,23.021,23.006,22.984,22.968,22.953,22.946,22.938,22.923,22.900,22.885,22.870,22.840,22.809,22.787,22.764,22.741,22.726,22.726,22.718,22.711,22.703,22.703,22.696,22.680,22.665,22.650,22.635,22.620,22.604,22.597,22.589,22.574,22.559,22.551,22.536,22.521,22.513,22.498,22.475,22.452,22.414,22.391,22.361,22.323,22.308,22.300,22.292,22.270,22.239,22.209,22.186,22.163,22.140,22.132,22.125,22.117,22.109,22.109,22.117,22.132,22.140,22.155,22.178,22.209,22.231,22.247,22.262,22.285,22.308,22.315,22.323,22.338,22.353,22.369,22.384,22.399,22.407,22.414,22.422,22.437,22.437,22.445,22.452,22.452,22.445,22.429,22.422,22.414,22.414,22.414,22.414,22.422,22.429,22.429,22.437,22.437,22.437,22.437,22.429,22.422,22.414,22.407,22.399,22.384,22.369,22.353,22.346,22.338,22.338,22.346,22.353,22.361,22.369,22.369,22.376,22.376,22.376,22.369,22.361,22.353,22.330,22.323,22.315,22.308,22.300,22.308,22.315,22.323,22.323,22.330,22.330,22.338,22.338,22.338,22.338,22.346,22.369,22.384,22.399,22.407,22.422,22.429,22.422,22.414,22.399,22.376,22.361,22.346,22.338,22.338,22.338,22.346,22.353,22.361,22.369,22.384,22.384,22.376,22.369,22.369,22.369,22.369,22.369,22.361,22.353,22.353,22.353,22.346,22.346,22.346,22.346,22.353,22.353,22.353,22.353,22.353,22.346,22.346,22.346,22.346,22.346,22.353,22.346,22.338,22.338,22.330,22.330,22.330,22.330,22.338,22.346,22.353,22.369,22.376,22.376,22.384,22.384,22.376,22.376,22.376,22.376,22.384,22.384,22.391,22.399,22.407,22.422,22.437,22.452,22.460,22.468,22.475,22.490,22.506,22.513,22.521,22.528,22.536,22.536,22.544,22.551,22.566,22.582,22.604,22.620,22.635,22.658,22.688,22.711,22.726,22.726,22.733,22.756,22.779,22.817,22.847,22.870,22.908,22.946,22.999,23.059,23.120,23.188,23.256,23.316,23.384,23.452,23.512,23.565,23.610,23.663,23.715,23.790,23.880,23.963,24.030,24.083,24.135,24.188,24.232,24.247,24.247,24.225,24.195,24.135,24.045,23.940,23.828,23.723,23.587,23.444,23.301,23.173,23.052,22.931,22.817,22.733,22.696,22.658,22.620,22.582,22.574,22.574,22.597,22.612,22.589,22.559,22.528,22.528,22.536,22.513,22.452,22.414,22.407,22.414,22.414,22.414,22.422,22.429,22.437,22.429,22.422,22.422,22.414,22.414,22.414,22.414,22.422,22.422,22.422,22.422,22.429,22.429,22.429,22.437,22.437,22.445,22.452,22.452,22.460,22.475,22.483,22.490,22.498,22.513,22.513,22.521,22.536,22.544,22.551,22.566,22.582,22.597,22.604,22.620,22.627,22.642,22.650,22.650,22.658,22.658,22.658,22.658,22.650,22.650,22.650,22.642,22.635,22.635,22.620,22.612,22.620,22.650,22.680,22.711,22.718,22.696,22.650,22.620,22.604,22.635,22.680,22.718,22.741,22.733,22.703,22.673,22.658,22.665,22.680,22.688,22.680,22.665,22.642,22.620,22.604,22.597,22.589,22.582,22.582,22.582,22.589,22.589,22.582,22.582,22.566,22.551,22.521,22.490,22.460,22.429,22.391,22.353,22.338,22.308,22.277,22.231,22.209,22.186,22.155,22.132,22.125,22.125,22.125,22.125,22.125,22.140,22.155,22.170,22.186,22.209,22.231,22.262,22.277,22.308,22.338,22.384,22.407,22.437,22.475,22.506,22.521,22.544,22.566,22.597,22.620,22.650,22.680,22.718,22.741,22.764,22.794,22.817,22.832,22.847,22.870,22.893,22.908,22.931,22.946,22.961,22.976,22.984,22.991,22.991,22.991
,23.542,23.542,23.542,23.535,23.527,23.520,23.520,23.512,23.505,23.489,23.467,23.444,23.414,23.392,23.369,23.361,23.346,23.331,23.309,23.293,23.278,23.256,23.226,23.210,23.195,23.173,23.158,23.150,23.135,23.120,23.105,23.089,23.067,23.052,23.029,23.014,22.991,22.976,22.961,22.953,22.938,22.923,22.900,22.885,22.862,22.840,22.809,22.787,22.764,22.741,22.726,22.726,22.718,22.711,22.703,22.703,22.696,22.680,22.665,22.658,22.642,22.627,22.612,22.597,22.589,22.574,22.559,22.551,22.544,22.528,22.513,22.506,22.483,22.460,22.422,22.384,22.346,22.315,22.308,22.308,22.308,22.285,22.247,22.209,22.170,22.132,22.109,22.102,22.094,22.086,22.079,22.071,22.079,22.086,22.102,22.125,22.147,22.178,22.201,22.224,22.247,22.270,22.300,22.315,22.323,22.346,22.361,22.369,22.384,22.399,22.407,22.414,22.422,22.429,22.437,22.437,22.437,22.437,22.429,22.422,22.414,22.407,22.407,22.407,22.407,22.407,22.422,22.429,22.437,22.445,22.445,22.437,22.437,22.422,22.414,22.399,22.391,22.376,22.361,22.353,22.353,22.346,22.346,22.346,22.353,22.353,22.361,22.361,22.361,22.361,22.353,22.346,22.338,22.330,22.308,22.300,22.292,22.292,22.285,22.292,22.300,22.308,22.308,22.315,22.323,22.323,22.323,22.323,22.330,22.338,22.346,22.361,22.369,22.384,22.391,22.399,22.399,22.399,22.384,22.369,22.346,22.338,22.338,22.338,22.338,22.346,22.346,22.353,22.361,22.369,22.369,22.369,22.361,22.353,22.353,22.346,22.346,22.338,22.338,22.338,22.330,22.330,22.330,22.330,22.330,22.338,22.338,22.346,22.346,22.346,22.346,22.346,22.338,22.338,22.338,22.338,22.330,22.323,22.315,22.308,22.308,22.315,22.315,22.315,22.323,22.330,22.338,22.338,22.346,22.346,22.346,22.338,22.338,22.338,22.338,22.346,22.353,22.353,22.361,22.369,22.384,22.391,22.399,22.407,22.422,22.429,22.445,22.468,22.483,22.490,22.498,22.513,22.521,22.528,22.536,22.544,22.551,22.559,22.566,22.582,22.597,22.612,22.635,22.642,22.650,22.658,22.680,22.711,22.741,22.764,22.779,22.817,22.862,22.900,22.938,22.991,23.037,23.097,23.150,23.210,23.271,23.346,23.407,23.459,23.512,23.565,23.640,23.730,23.813,23.880,23.948,24.023,24.090,24.165,24.225,24.262,24.270,24.262,24.247,24.195,24.113,24.008,23.918,23.798,23.655,23.489,23.339,23.188,23.044,22.915,22.802,22.726,22.673,22.642,22.589,22.559,22.544,22.551,22.582,22.566,22.528,22.490,22.490,22.506,22.483,22.422,22.384,22.376,22.376,22.384,22.391,22.407,22.422,22.429,22.422,22.407,22.399,22.399,22.399,22.399,22.407,22.407,22.407,22.407,22.407,22.414,22.414,22.422,22.422,22.429,22.429,22.437,22.445,22.452,22.460,22.468,22.475,22.490,22.506,22.513,22.521,22.536,22.544,22.551,22.559,22.574,22.582,22.589,22.597,22.604,22.620,22.627,22.627,22.627,22.635,22.635,22.627,22.627,22.635,22.635,22.635,22.635,22.635,22.627,22.635,22.642,22.665,22.688,22.711,22.711,22.688,22.642,22.612,22.604,22.635,22.680,22.718,22.741,22.726,22.696,22.665,22.642,22.650,22.673,22.680,22.688,22.673,22.650,22.627,22.612,22.597,22.597,22.589,22.582,22.582,22.589,22.589,22.582,22.574,22.566,22.544,22.513,22.490,22.460,22.429,22.391,22.361,22.338,22.315,22.277,22.239,22.209,22.186,22.155,22.132,22.125,22.125,22.125,22.125,22.125,22.140,22.155,22.170,22.186,22.201,22.231,22.262,22.277,22.308,22.338,22.384,22.407,22.445,22.475,22.506,22.521,22.536,22.566,22.589,22.612,22.642,22.673,22.703,22.733,22.764,22.787,22.817,22.832,22.847,22.870,22.893,22.908,22.931,22.946,22.961,22.976,22.984,22.984,22.984,22.991
,23.535,23.535,23.542,23.542,23.542,23.535,23.527,23.520,23.497,23.482,23.467,23.452,23.437,23.414,23.392,23.376,23.354,23.331,23.309,23.293,23.278,23.256,23.233,23.218,23.203,23.188,23.165,23.158,23.142,23.127,23.105,23.097,23.082,23.067,23.044,23.021,22.999,22.984,22.961,22.953,22.938,22.923,22.900,22.885,22.862,22.840,22.809,22.787,22.764,22.741,22.733,22.726,22.726,22.718,22.711,22.703,22.688,22.680,22.665,22.658,22.650,22.635,22.612,22.597,22.582,22.566,22.559,22.551,22.544,22.528,22.521,22.513,22.490,22.468,22.422,22.384,22.346,22.315,22.308,22.315,22.315,22.292,22.247,22.209,22.163,22.117,22.086,22.079,22.071,22.063,22.056,22.048,22.048,22.063,22.079,22.094,22.125,22.155,22.186,22.201,22.231,22.254,22.285,22.308,22.323,22.346,22.361,22.376,22.384,22.399,22.407,22.414,22.422,22.422,22.429,22.429,22.429,22.429,22.422,22.414,22.407,22.399,22.399,22.399,22.399,22.407,22.414,22.422,22.437,22.445,22.445,22.445,22.437,22.429,22.414,22.399,22.384,22.369,22.361,22.361,22.361,22.353,22.353,22.353,22.346,22.346,22.353,22.353,22.353,22.346,22.338,22.330,22.315,22.308,22.292,22.285,22.277,22.277,22.277,22.285,22.292,22.292,22.300,22.300,22.308,22.315,22.315,22.315,22.315,22.323,22.330,22.338,22.346,22.353,22.361,22.369,22.376,22.376,22.369,22.353,22.338,22.330,22.330,22.330,22.338,22.338,22.346,22.353,22.353,22.361,22.361,22.353,22.346,22.338,22.338,22.330,22.323,22.315,22.315,22.315,22.315,22.308,22.308,22.308,22.308,22.315,22.323,22.330,22.338,22.338,22.338,22.338,22.330,22.330,22.323,22.323,22.323,22.308,22.308,22.308,22.315,22.315,22.315,22.308,22.308,22.308,22.308,22.308,22.308,22.308,22.300,22.300,22.300,22.300,22.300,22.300,22.308,22.315,22.315,22.330,22.338,22.346,22.346,22.361,22.369,22.384,22.399,22.422,22.437,22.452,22.460,22.475,22.490,22.506,22.521,22.528,22.536,22.536,22.536,22.544,22.551,22.566,22.582,22.582,22.589,22.589,22.612,22.642,22.665,22.680,22.696,22.733,22.771,22.809,22.840,22.878,22.915,22.961,22.999,23.044,23.105,23.165,23.226,23.286,23.339,23.392,23.459,23.542,23.632,23.715,23.790,23.873,23.970,24.068,24.158,24.217,24.262,24.292,24.300,24.292,24.247,24.173,24.083,23.978,23.843,23.685,23.512,23.354,23.195,23.037,22.900,22.787,22.711,22.665,22.620,22.559,22.521,22.513,22.544,22.536,22.506,22.468,22.460,22.483,22.452,22.391,22.353,22.346,22.353,22.361,22.369,22.391,22.407,22.422,22.414,22.399,22.384,22.376,22.384,22.384,22.391,22.399,22.399,22.399,22.391,22.399,22.399,22.407,22.414,22.422,22.422,22.422,22.429,22.437,22.445,22.452,22.468,22.483,22.490,22.506,22.513,22.528,22.536,22.544,22.551,22.559,22.566,22.574,22.574,22.582,22.589,22.597,22.604,22.604,22.612,22.604,22.604,22.604,22.612,22.612,22.620,22.627,22.635,22.642,22.650,22.658,22.673,22.696,22.703,22.696,22.673,22.635,22.612,22.612,22.635,22.680,22.718,22.733,22.718,22.680,22.650,22.627,22.642,22.665,22.680,22.688,22.673,22.658,22.642,22.620,22.612,22.597,22.589,22.582,22.582,22.582,22.582,22.574,22.566,22.559,22.536,22.513,22.483,22.460,22.429,22.391,22.361,22.346,22.315,22.285,22.247,22.216,22.186,22.155,22.132,22.125,22.125,22.125,22.125,22.125,22.132,22.147,22.163,22.178,22.201,22.231,22.262,22.277,22.308,22.338,22.376,22.407,22.437,22.475,22.506,22.513,22.536,22.559,22.589,22.612,22.635,22.665,22.696,22.726,22.756,22.787,22.817,22.824,22.847,22.870,22.893,22.908,22.931,22.946,22.961,22.976,22.984,22.984,22.984,22.991
,23.535,23.535,23.542,23.550,23.557,23.550,23.542,23.520,23.497,23.474,23.467,23.459,23.444,23.422,23.399,23.376,23.354,23.331,23.309,23.286,23.271,23.256,23.233,23.218,23.203,23.188,23.173,23.158,23.142,23.127,23.112,23.105,23.089,23.074,23.052,23.029,23.006,22.984,22.968,22.953,22.938,22.923,22.900,22.885,22.862,22.832,22.802,22.787,22.764,22.741,22.733,22.733,22.726,22.718,22.711,22.696,22.688,22.673,22.665,22.658,22.650,22.635,22.620,22.604,22.589,22.566,22.559,22.559,22.551,22.536,22.528,22.513,22.498,22.468,22.429,22.391,22.353,22.323,22.315,22.323,22.315,22.292,22.247,22.209,22.155,22.109,22.086,22.071,22.063,22.056,22.041,22.041,22.041,22.048,22.071,22.086,22.117,22.147,22.170,22.193,22.224,22.247,22.285,22.300,22.323,22.346,22.369,22.376,22.384,22.399,22.407,22.414,22.414,22.422,22.422,22.429,22.429,22.422,22.422,22.414,22.407,22.407,22.399,22.399,22.399,22.407,22.414,22.422,22.429,22.445,22.445,22.452,22.445,22.429,22.414,22.399,22.384,22.369,22.361,22.361,22.361,22.361,22.361,22.353,22.346,22.338,22.338,22.338,22.338,22.330,22.323,22.308,22.300,22.285,22.285,22.277,22.270,22.270,22.270,22.277,22.285,22.285,22.285,22.292,22.300,22.300,22.308,22.308,22.308,22.315,22.315,22.323,22.330,22.330,22.338,22.353,22.361,22.361,22.353,22.338,22.330,22.315,22.315,22.323,22.330,22.330,22.338,22.346,22.346,22.346,22.346,22.346,22.330,22.323,22.315,22.308,22.300,22.292,22.292,22.292,22.292,22.292,22.292,22.285,22.285,22.292,22.300,22.308,22.315,22.323,22.323,22.315,22.315,22.315,22.308,22.308,22.308,22.308,22.315,22.323,22.323,22.323,22.323,22.323,22.308,22.300,22.277,22.277,22.277,22.277,22.270,22.270,22.270,22.270,22.270,22.270,22.270,22.277,22.285,22.285,22.292,22.308,22.308,22.323,22.330,22.346,22.361,22.384,22.399,22.407,22.422,22.437,22.452,22.468,22.498,22.513,22.521,22.528,22.521,22.521,22.528,22.528,22.544,22.544,22.544,22.544,22.559,22.582,22.597,22.604,22.627,22.665,22.696,22.718,22.749,22.787,22.824,22.855,22.885,22.915,22.946,22.991,23.044,23.105,23.158,23.203,23.263,23.346,23.444,23.542,23.610,23.700,23.820,23.955,24.045,24.120,24.203,24.285,24.315,24.330,24.330,24.300,24.210,24.113,24.008,23.873,23.700,23.527,23.354,23.180,23.014,22.878,22.771,22.696,22.650,22.566,22.506,22.483,22.513,22.521,22.490,22.452,22.452,22.460,22.429,22.369,22.330,22.323,22.330,22.346,22.353,22.376,22.391,22.407,22.399,22.384,22.376,22.369,22.369,22.376,22.384,22.384,22.384,22.384,22.376,22.376,22.384,22.399,22.407,22.414,22.414,22.414,22.414,22.422,22.429,22.445,22.452,22.468,22.483,22.498,22.506,22.521,22.528,22.536,22.536,22.536,22.544,22.551,22.551,22.551,22.566,22.574,22.582,22.582,22.582,22.582,22.582,22.582,22.589,22.597,22.604,22.620,22.635,22.650,22.658,22.673,22.680,22.688,22.680,22.673,22.658,22.627,22.612,22.612,22.642,22.680,22.711,22.726,22.703,22.665,22.635,22.620,22.635,22.658,22.680,22.688,22.680,22.665,22.650,22.627,22.620,22.612,22.597,22.589,22.589,22.589,22.582,22.574,22.566,22.551,22.536,22.513,22.483,22.460,22.429,22.399,22.361,22.346,22.323,22.292,22.247,22.216,22.193,22.163,22.140,22.132,22.132,22.125,22.125,22.125,22.132,22.147,22.163,22.178,22.201,22.231,22.254,22.277,22.308,22.338,22.376,22.399,22.437,22.468,22.498,22.513,22.528,22.551,22.582,22.604,22.627,22.658,22.696,22.718,22.749,22.779,22.809,22.824,22.840,22.862,22.893,22.908,22.931,22.946,22.961,22.976,22.984,22.991,22.991,22.991
,23.535,23.542,23.550,23.565,23.572,23.565,23.550,23.520,23.489,23.467,23.452,23.444,23.437,23.414,23.392,23.369,23.346,23.316,23.293,23.278,23.263,23.241,23.226,23.210,23.203,23.180,23.165,23.150,23.142,23.120,23.112,23.105,23.089,23.074,23.052,23.037,23.014,22.984,22.968,22.953,22.938,22.915,22.893,22.878,22.855,22.832,22.802,22.787,22.764,22.749,22.741,22.733,22.726,22.718,22.711,22.696,22.688,22.673,22.665,22.658,22.650,22.635,22.620,22.604,22.589,22.574,22.566,22.566,22.559,22.544,22.528,22.513,22.498,22.468,22.437,22.407,22.376,22.346,22.330,22.323,22.308,22.285,22.247,22.209,22.170,22.132,22.102,22.086,22.079,22.063,22.056,22.056,22.063,22.071,22.094,22.109,22.132,22.163,22.186,22.201,22.224,22.254,22.285,22.300,22.323,22.346,22.361,22.376,22.384,22.399,22.407,22.414,22.414,22.422,22.422,22.429,22.429,22.422,22.422,22.414,22.414,22.407,22.407,22.407,22.407,22.414,22.414,22.429,22.437,22.445,22.445,22.452,22.445,22.437,22.422,22.407,22.391,22.376,22.369,22.369,22.369,22.369,22.361,22.346,22.338,22.338,22.330,22.330,22.330,22.323,22.315,22.308,22.300,22.285,22.285,22.277,22.270,22.270,22.270,22.270,22.277,22.285,22.285,22.285,22.292,22.300,22.300,22.300,22.308,22.308,22.315,22.315,22.323,22.323,22.330,22.338,22.346,22.353,22.338,22.330,22.315,22.308,22.308,22.308,22.315,22.323,22.330,22.330,22.338,22.338,22.338,22.330,22.315,22.308,22.300,22.292,22.285,22.277,22.277,22.277,22.277,22.277,22.270,22.270,22.270,22.270,22.277,22.285,22.292,22.292,22.300,22.300,22.300,22.300,22.300,22.292,22.292,22.300,22.308,22.308,22.315,22.315,22.315,22.308,22.292,22.277,22.254,22.254,22.254,22.262,22.270,22.270,22.270,22.270,22.277,22.277,22.277,22.285,22.285,22.285,22.292,22.300,22.308,22.308,22.323,22.330,22.346,22.361,22.369,22.376,22.391,22.407,22.422,22.437,22.460,22.475,22.490,22.498,22.498,22.506,22.513,22.521,22.528,22.528,22.528,22.528,22.536,22.544,22.559,22.566,22.574,22.597,22.627,22.650,22.673,22.711,22.741,22.756,22.802,22.832,22.855,22.885,22.923,22.968,23.006,23.044,23.097,23.188,23.286,23.376,23.452,23.542,23.655,23.790,23.918,24.008,24.105,24.203,24.292,24.322,24.337,24.337,24.322,24.225,24.120,24.015,23.880,23.708,23.527,23.339,23.135,22.976,22.855,22.756,22.673,22.582,22.506,22.468,22.490,22.506,22.490,22.452,22.445,22.452,22.422,22.353,22.323,22.323,22.323,22.338,22.346,22.369,22.384,22.391,22.391,22.376,22.369,22.369,22.369,22.376,22.384,22.384,22.376,22.369,22.369,22.369,22.376,22.391,22.399,22.414,22.414,22.407,22.407,22.407,22.422,22.429,22.445,22.452,22.468,22.483,22.498,22.506,22.521,22.521,22.521,22.528,22.528,22.528,22.528,22.536,22.544,22.551,22.559,22.566,22.566,22.559,22.559,22.566,22.582,22.582,22.597,22.612,22.635,22.650,22.665,22.673,22.673,22.665,22.650,22.642,22.635,22.620,22.612,22.620,22.642,22.673,22.696,22.703,22.680,22.658,22.627,22.620,22.635,22.658,22.673,22.680,22.680,22.665,22.650,22.635,22.627,22.620,22.612,22.597,22.589,22.589,22.582,22.566,22.559,22.544,22.528,22.506,22.483,22.460,22.437,22.407,22.369,22.353,22.323,22.292,22.247,22.224,22.201,22.170,22.147,22.140,22.132,22.132,22.125,22.125,22.125,22.140,22.155,22.178,22.201,22.224,22.254,22.270,22.300,22.330,22.369,22.391,22.422,22.452,22.483,22.498,22.521,22.544,22.574,22.597,22.627,22.650,22.688,22.711,22.741,22.771,22.802,22.817,22.840,22.862,22.893,22.908,22.923,22.938,22.961,22.976,22.984,22.991,22.991,22.991
,23.542,23.542,23.557,23.580,23.580,23.572,23.557,23.520,23.489,23.459,23.444,23.429,23.422,23.399,23.376,23.361,23.339,23.309,23.286,23.271,23.256,23.233,23.218,23.203,23.195,23.180,23.165,23.150,23.135,23.120,23.112,23.105,23.089,23.074,23.052,23.029,23.006,22.984,22.968,22.953,22.938,22.923,22.893,22.878,22.855,22.832,22.802,22.787,22.771,22.749,22.741,22.733,22.733,22.718,22.711,22.703,22.688,22.680,22.665,22.658,22.650,22.635,22.620,22.612,22.597,22.589,22.574,22.574,22.566,22.551,22.528,22.513,22.490,22.460,22.445,22.429,22.407,22.376,22.346,22.323,22.300,22.270,22.231,22.209,22.186,22.155,22.125,22.109,22.094,22.086,22.086,22.086,22.102,22.117,22.132,22.147,22.163,22.186,22.209,22.216,22.239,22.262,22.285,22.300,22.323,22.338,22.361,22.369,22.384,22.391,22.407,22.407,22.414,22.422,22.422,22.429,22.429,22.429,22.429,22.429,22.429,22.422,22.422,22.422,22.422,22.422,22.429,22.429,22.437,22.445,22.445,22.445,22.445,22.437,22.422,22.414,22.407,22.391,22.391,22.384,22.384,22.376,22.361,22.346,22.338,22.330,22.323,22.323,22.323,22.323,22.315,22.308,22.308,22.300,22.292,22.285,22.277,22.277,22.270,22.277,22.277,22.285,22.285,22.285,22.292,22.300,22.300,22.300,22.308,22.308,22.315,22.315,22.323,22.323,22.330,22.338,22.346,22.346,22.330,22.315,22.308,22.292,22.292,22.292,22.300,22.308,22.315,22.323,22.330,22.330,22.323,22.315,22.308,22.292,22.285,22.277,22.277,22.270,22.262,22.262,22.262,22.262,22.254,22.254,22.254,22.254,22.262,22.262,22.262,22.270,22.277,22.277,22.285,22.285,22.285,22.285,22.285,22.285,22.292,22.300,22.300,22.300,22.300,22.292,22.277,22.262,22.239,22.231,22.239,22.247,22.254,22.262,22.262,22.270,22.277,22.277,22.277,22.277,22.285,22.285,22.292,22.300,22.300,22.308,22.315,22.323,22.338,22.353,22.361,22.369,22.376,22.384,22.399,22.407,22.429,22.445,22.460,22.468,22.468,22.475,22.490,22.506,22.513,22.521,22.521,22.521,22.521,22.536,22.544,22.544,22.544,22.559,22.582,22.604,22.620,22.642,22.665,22.688,22.726,22.749,22.771,22.794,22.832,22.870,22.900,22.931,22.968,23.044,23.135,23.226,23.293,23.369,23.482,23.617,23.753,23.865,23.978,24.083,24.203,24.292,24.337,24.352,24.367,24.330,24.255,24.150,24.045,23.903,23.723,23.512,23.286,23.105,22.953,22.840,22.726,22.612,22.521,22.468,22.475,22.490,22.483,22.452,22.437,22.437,22.407,22.353,22.330,22.330,22.338,22.346,22.346,22.361,22.369,22.376,22.376,22.376,22.369,22.369,22.376,22.384,22.384,22.376,22.376,22.361,22.361,22.361,22.369,22.384,22.399,22.414,22.414,22.399,22.399,22.399,22.414,22.422,22.437,22.445,22.460,22.475,22.483,22.490,22.498,22.506,22.513,22.513,22.513,22.513,22.521,22.521,22.536,22.544,22.551,22.559,22.551,22.551,22.551,22.559,22.574,22.582,22.597,22.612,22.635,22.650,22.665,22.665,22.658,22.642,22.627,22.612,22.612,22.612,22.620,22.627,22.642,22.658,22.673,22.673,22.665,22.650,22.635,22.627,22.642,22.658,22.673,22.680,22.673,22.665,22.658,22.642,22.635,22.627,22.620,22.612,22.604,22.597,22.582,22.566,22.551,22.544,22.528,22.506,22.483,22.460,22.437,22.407,22.376,22.353,22.330,22.292,22.254,22.231,22.201,22.178,22.155,22.147,22.147,22.140,22.125,22.125,22.125,22.140,22.155,22.170,22.193,22.224,22.247,22.270,22.300,22.330,22.361,22.384,22.414,22.445,22.475,22.490,22.513,22.544,22.574,22.597,22.620,22.650,22.688,22.711,22.741,22.771,22.802,22.817,22.840,22.862,22.893,22.908,22.923,22.938,22.961,22.976,22.984,22.991,22.991,22.999
,23.550,23.557,23.572,23.587,23.587,23.580,23.557,23.520,23.482,23.452,23.437,23.422,23.407,23.384,23.369,23.346,23.331,23.309,23.278,23.263,23.248,23.226,23.210,23.203,23.188,23.173,23.158,23.150,23.135,23.120,23.112,23.105,23.089,23.074,23.052,23.029,23.006,22.984,22.968,22.953,22.946,22.923,22.893,22.878,22.855,22.832,22.802,22.787,22.771,22.749,22.741,22.733,22.733,22.718,22.711,22.703,22.696,22.680,22.665,22.658,22.642,22.627,22.620,22.612,22.604,22.597,22.582,22.582,22.566,22.551,22.528,22.506,22.483,22.460,22.445,22.437,22.422,22.391,22.361,22.330,22.292,22.254,22.224,22.216,22.201,22.178,22.155,22.132,22.117,22.109,22.109,22.117,22.140,22.155,22.170,22.178,22.193,22.209,22.224,22.239,22.254,22.270,22.292,22.300,22.315,22.338,22.353,22.361,22.376,22.391,22.407,22.414,22.414,22.422,22.429,22.429,22.437,22.437,22.437,22.437,22.437,22.437,22.429,22.429,22.429,22.429,22.437,22.437,22.437,22.445,22.445,22.445,22.445,22.437,22.429,22.422,22.414,22.399,22.399,22.391,22.384,22.376,22.361,22.346,22.330,22.323,22.315,22.315,22.315,22.315,22.315,22.315,22.308,22.308,22.300,22.292,22.285,22.285,22.277,22.285,22.285,22.285,22.285,22.292,22.292,22.300,22.300,22.300,22.308,22.308,22.315,22.315,22.323,22.330,22.330,22.338,22.338,22.338,22.323,22.308,22.292,22.285,22.277,22.285,22.285,22.300,22.300,22.315,22.323,22.323,22.315,22.300,22.285,22.277,22.270,22.262,22.262,22.254,22.254,22.254,22.254,22.254,22.247,22.239,22.239,22.231,22.239,22.239,22.239,22.247,22.254,22.262,22.262,22.270,22.277,22.277,22.277,22.277,22.285,22.285,22.285,22.285,22.277,22.277,22.262,22.247,22.224,22.224,22.224,22.231,22.239,22.239,22.239,22.247,22.247,22.254,22.254,22.254,22.262,22.270,22.270,22.277,22.277,22.292,22.300,22.308,22.315,22.338,22.346,22.353,22.361,22.369,22.376,22.384,22.407,22.422,22.437,22.437,22.437,22.452,22.468,22.483,22.498,22.506,22.506,22.506,22.513,22.521,22.528,22.536,22.528,22.536,22.551,22.566,22.582,22.597,22.612,22.627,22.658,22.673,22.688,22.711,22.749,22.787,22.809,22.824,22.862,22.923,22.991,23.067,23.127,23.203,23.309,23.437,23.565,23.693,23.828,23.955,24.075,24.203,24.292,24.345,24.367,24.382,24.352,24.285,24.203,24.083,23.925,23.708,23.467,23.271,23.097,22.953,22.794,22.658,22.544,22.468,22.468,22.483,22.475,22.452,22.429,22.429,22.399,22.353,22.330,22.338,22.338,22.353,22.353,22.353,22.361,22.369,22.369,22.369,22.376,22.376,22.384,22.384,22.384,22.384,22.369,22.361,22.346,22.346,22.361,22.384,22.399,22.407,22.407,22.399,22.391,22.391,22.407,22.414,22.422,22.437,22.452,22.460,22.468,22.483,22.483,22.490,22.498,22.498,22.498,22.498,22.506,22.513,22.521,22.528,22.536,22.544,22.544,22.544,22.544,22.551,22.559,22.574,22.589,22.604,22.627,22.642,22.658,22.650,22.635,22.612,22.597,22.589,22.597,22.604,22.620,22.635,22.642,22.650,22.650,22.650,22.650,22.642,22.635,22.635,22.642,22.658,22.665,22.673,22.673,22.665,22.658,22.650,22.642,22.642,22.635,22.620,22.612,22.604,22.589,22.566,22.551,22.536,22.521,22.506,22.483,22.468,22.445,22.414,22.384,22.361,22.330,22.300,22.262,22.231,22.209,22.178,22.155,22.155,22.147,22.140,22.132,22.125,22.125,22.132,22.147,22.163,22.186,22.216,22.247,22.270,22.292,22.323,22.353,22.376,22.399,22.429,22.460,22.483,22.506,22.544,22.574,22.597,22.620,22.650,22.680,22.711,22.733,22.764,22.794,22.817,22.840,22.862,22.893,22.900,22.915,22.938,22.961,22.976,22.984,22.999,22.999,22.999
,23.565,23.572,23.572,23.587,23.580,23.572,23.550,23.520,23.482,23.452,23.429,23.414,23.399,23.376,23.361,23.346,23.324,23.301,23.278,23.263,23.248,23.226,23.210,23.195,23.188,23.173,23.158,23.150,23.135,23.120,23.112,23.097,23.082,23.067,23.044,23.029,23.006,22.984,22.968,22.961,22.946,22.923,22.893,22.878,22.855,22.824,22.802,22.779,22.764,22.749,22.741,22.733,22.726,22.718,22.711,22.703,22.696,22.680,22.665,22.650,22.642,22.627,22.620,22.612,22.604,22.597,22.589,22.582,22.566,22.551,22.528,22.506,22.483,22.460,22.452,22.445,22.429,22.399,22.361,22.330,22.292,22.254,22.224,22.224,22.216,22.201,22.170,22.147,22.132,22.125,22.132,22.147,22.163,22.186,22.193,22.201,22.209,22.224,22.239,22.247,22.262,22.277,22.292,22.300,22.315,22.330,22.346,22.361,22.376,22.391,22.407,22.414,22.422,22.429,22.437,22.437,22.437,22.437,22.437,22.445,22.445,22.445,22.445,22.445,22.445,22.445,22.445,22.445,22.445,22.445,22.445,22.445,22.445,22.437,22.437,22.422,22.414,22.399,22.391,22.391,22.376,22.369,22.353,22.338,22.330,22.315,22.308,22.308,22.315,22.315,22.315,22.315,22.315,22.308,22.308,22.300,22.292,22.292,22.292,22.292,22.292,22.292,22.292,22.292,22.300,22.300,22.300,22.300,22.300,22.308,22.308,22.315,22.323,22.323,22.330,22.330,22.330,22.323,22.315,22.292,22.285,22.270,22.262,22.270,22.277,22.277,22.285,22.300,22.308,22.308,22.292,22.285,22.270,22.254,22.247,22.247,22.247,22.239,22.239,22.239,22.239,22.239,22.231,22.224,22.216,22.209,22.209,22.216,22.216,22.224,22.231,22.239,22.239,22.247,22.262,22.262,22.262,22.262,22.270,22.270,22.270,22.262,22.262,22.262,22.247,22.239,22.224,22.216,22.209,22.209,22.216,22.209,22.209,22.209,22.209,22.209,22.209,22.209,22.224,22.224,22.231,22.239,22.247,22.254,22.262,22.270,22.285,22.300,22.315,22.323,22.338,22.346,22.353,22.361,22.384,22.399,22.414,22.422,22.422,22.429,22.437,22.452,22.468,22.475,22.483,22.483,22.498,22.513,22.521,22.521,22.513,22.528,22.536,22.544,22.559,22.566,22.574,22.574,22.597,22.604,22.620,22.642,22.680,22.703,22.718,22.726,22.771,22.817,22.870,22.923,22.976,23.044,23.142,23.256,23.376,23.505,23.655,23.805,23.933,24.068,24.203,24.307,24.337,24.374,24.404,24.412,24.345,24.255,24.113,23.925,23.678,23.467,23.271,23.082,22.893,22.718,22.582,22.483,22.468,22.468,22.468,22.445,22.429,22.422,22.391,22.353,22.338,22.338,22.346,22.346,22.346,22.346,22.353,22.361,22.361,22.369,22.369,22.376,22.384,22.391,22.391,22.384,22.369,22.346,22.338,22.338,22.353,22.376,22.391,22.407,22.407,22.391,22.384,22.384,22.391,22.399,22.407,22.422,22.437,22.445,22.452,22.460,22.468,22.475,22.475,22.475,22.483,22.483,22.483,22.490,22.498,22.506,22.521,22.528,22.528,22.528,22.528,22.536,22.551,22.559,22.574,22.597,22.620,22.627,22.635,22.642,22.620,22.589,22.574,22.566,22.582,22.604,22.627,22.642,22.642,22.642,22.635,22.635,22.635,22.635,22.635,22.635,22.642,22.658,22.665,22.673,22.673,22.665,22.658,22.658,22.658,22.650,22.642,22.627,22.620,22.604,22.589,22.566,22.551,22.536,22.521,22.498,22.483,22.468,22.445,22.414,22.384,22.361,22.330,22.300,22.262,22.231,22.209,22.186,22.163,22.155,22.147,22.140,22.132,22.125,22.125,22.132,22.140,22.155,22.178,22.209,22.239,22.262,22.285,22.315,22.346,22.361,22.384,22.414,22.452,22.475,22.506,22.536,22.566,22.589,22.620,22.650,22.680,22.703,22.733,22.764,22.794,22.809,22.832,22.862,22.885,22.900,22.915,22.931,22.961,22.976,22.991,22.999,23.006,23.006
,23.572,23.572,23.572,23.580,23.572,23.550,23.527,23.505,23.482,23.452,23.429,23.414,23.399,23.376,23.354,23.346,23.331,23.309,23.293,23.271,23.256,23.233,23.218,23.203,23.180,23.165,23.158,23.150,23.142,23.127,23.112,23.097,23.082,23.059,23.037,23.021,22.999,22.976,22.968,22.961,22.946,22.923,22.893,22.870,22.847,22.817,22.787,22.771,22.764,22.741,22.733,22.733,22.726,22.718,22.711,22.696,22.688,22.673,22.665,22.650,22.642,22.627,22.627,22.620,22.612,22.597,22.597,22.582,22.566,22.544,22.528,22.513,22.490,22.468,22.445,22.429,22.407,22.369,22.346,22.323,22.300,22.270,22.247,22.231,22.224,22.209,22.178,22.155,22.140,22.132,22.132,22.155,22.170,22.193,22.201,22.209,22.216,22.231,22.247,22.254,22.270,22.285,22.292,22.300,22.315,22.330,22.346,22.361,22.384,22.399,22.414,22.429,22.437,22.437,22.445,22.445,22.445,22.437,22.437,22.445,22.445,22.445,22.445,22.445,22.445,22.445,22.445,22.445,22.452,22.452,22.452,22.452,22.452,22.445,22.437,22.422,22.407,22.391,22.376,22.369,22.361,22.353,22.330,22.323,22.315,22.308,22.308,22.308,22.315,22.315,22.315,22.315,22.315,22.308,22.308,22.308,22.300,22.300,22.292,22.292,22.292,22.292,22.292,22.300,22.300,22.300,22.300,22.300,22.300,22.308,22.308,22.308,22.315,22.323,22.323,22.323,22.323,22.315,22.300,22.285,22.277,22.262,22.262,22.262,22.262,22.262,22.277,22.285,22.292,22.292,22.285,22.270,22.254,22.247,22.231,22.231,22.231,22.224,22.224,22.224,22.224,22.224,22.216,22.209,22.201,22.193,22.186,22.193,22.193,22.201,22.209,22.216,22.224,22.231,22.247,22.247,22.254,22.262,22.262,22.262,22.254,22.254,22.247,22.239,22.231,22.224,22.216,22.209,22.201,22.201,22.193,22.186,22.178,22.170,22.170,22.170,22.178,22.178,22.186,22.193,22.209,22.216,22.231,22.231,22.231,22.231,22.239,22.262,22.277,22.292,22.300,22.315,22.323,22.330,22.346,22.369,22.391,22.399,22.384,22.391,22.399,22.414,22.414,22.429,22.437,22.452,22.475,22.483,22.490,22.498,22.506,22.513,22.521,22.528,22.544,22.551,22.551,22.544,22.559,22.574,22.589,22.597,22.620,22.642,22.650,22.658,22.688,22.741,22.787,22.832,22.847,22.915,23.006,23.120,23.226,23.346,23.482,23.640,23.805,23.948,24.083,24.203,24.315,24.359,24.404,24.449,24.449,24.367,24.240,24.060,23.835,23.617,23.422,23.218,22.984,22.787,22.627,22.521,22.475,22.460,22.445,22.437,22.429,22.414,22.384,22.353,22.346,22.338,22.330,22.330,22.338,22.346,22.353,22.361,22.361,22.369,22.369,22.369,22.376,22.391,22.391,22.384,22.369,22.346,22.323,22.323,22.338,22.361,22.384,22.407,22.399,22.384,22.376,22.376,22.376,22.384,22.391,22.399,22.414,22.422,22.437,22.445,22.452,22.460,22.460,22.460,22.468,22.460,22.460,22.468,22.483,22.490,22.506,22.513,22.521,22.521,22.521,22.528,22.536,22.544,22.559,22.574,22.597,22.612,22.620,22.620,22.604,22.582,22.566,22.559,22.582,22.612,22.635,22.642,22.642,22.635,22.627,22.627,22.627,22.620,22.620,22.627,22.635,22.650,22.665,22.673,22.680,22.680,22.673,22.665,22.658,22.658,22.650,22.635,22.620,22.604,22.589,22.566,22.551,22.536,22.521,22.498,22.475,22.460,22.437,22.407,22.376,22.353,22.323,22.292,22.254,22.231,22.209,22.186,22.163,22.155,22.147,22.132,22.117,22.109,22.109,22.117,22.132,22.147,22.170,22.201,22.224,22.247,22.270,22.300,22.323,22.346,22.376,22.407,22.437,22.460,22.490,22.521,22.559,22.582,22.612,22.642,22.680,22.703,22.726,22.756,22.794,22.809,22.832,22.862,22.878,22.893,22.908,22.923,22.953,22.976,22.991,23.006,23.006,23.006
,23.587,23.580,23.572,23.565,23.550,23.527,23.512,23.497,23.482,23.459,23.437,23.422,23.399,23.376,23.361,23.354,23.339,23.316,23.301,23.286,23.271,23.248,23.226,23.203,23.188,23.165,23.150,23.150,23.142,23.127,23.105,23.089,23.074,23.052,23.029,23.014,22.991,22.976,22.961,22.953,22.946,22.923,22.893,22.870,22.840,22.809,22.779,22.764,22.749,22.733,22.726,22.726,22.726,22.718,22.703,22.696,22.680,22.673,22.658,22.650,22.642,22.627,22.627,22.620,22.612,22.604,22.589,22.582,22.559,22.544,22.528,22.521,22.506,22.475,22.437,22.407,22.369,22.338,22.315,22.315,22.308,22.292,22.270,22.247,22.224,22.201,22.178,22.155,22.147,22.140,22.147,22.155,22.178,22.193,22.201,22.209,22.216,22.231,22.247,22.262,22.270,22.285,22.292,22.300,22.315,22.330,22.346,22.369,22.384,22.407,22.422,22.437,22.445,22.452,22.460,22.452,22.452,22.445,22.445,22.445,22.445,22.445,22.445,22.445,22.445,22.445,22.452,22.460,22.460,22.460,22.468,22.468,22.460,22.452,22.437,22.414,22.399,22.369,22.353,22.346,22.338,22.330,22.315,22.308,22.300,22.300,22.300,22.308,22.315,22.315,22.315,22.315,22.315,22.315,22.315,22.308,22.308,22.308,22.308,22.300,22.300,22.300,22.300,22.308,22.308,22.308,22.308,22.300,22.300,22.300,22.300,22.308,22.315,22.315,22.315,22.323,22.323,22.315,22.300,22.285,22.270,22.254,22.254,22.254,22.254,22.254,22.262,22.277,22.277,22.277,22.270,22.262,22.247,22.239,22.224,22.216,22.216,22.209,22.209,22.216,22.216,22.216,22.201,22.193,22.186,22.178,22.170,22.178,22.186,22.186,22.193,22.201,22.209,22.224,22.231,22.239,22.247,22.254,22.254,22.247,22.247,22.239,22.231,22.231,22.224,22.224,22.216,22.209,22.201,22.193,22.186,22.178,22.170,22.170,22.170,22.170,22.170,22.178,22.186,22.193,22.201,22.216,22.224,22.224,22.224,22.231,22.239,22.247,22.262,22.277,22.292,22.300,22.315,22.323,22.338,22.353,22.369,22.376,22.361,22.330,22.323,22.346,22.353,22.361,22.384,22.414,22.437,22.452,22.468,22.475,22.483,22.498,22.506,22.521,22.544,22.536,22.536,22.536,22.551,22.559,22.566,22.582,22.597,22.604,22.620,22.635,22.658,22.688,22.726,22.771,22.779,22.817,22.893,22.999,23.097,23.203,23.331,23.482,23.648,23.820,23.970,24.105,24.232,24.330,24.404,24.464,24.486,24.442,24.322,24.143,23.933,23.723,23.512,23.301,23.044,22.832,22.673,22.551,22.475,22.445,22.429,22.429,22.429,22.407,22.384,22.361,22.346,22.330,22.323,22.315,22.323,22.338,22.361,22.376,22.376,22.369,22.361,22.361,22.376,22.391,22.391,22.391,22.369,22.338,22.315,22.315,22.323,22.353,22.376,22.399,22.391,22.384,22.376,22.369,22.369,22.369,22.376,22.391,22.399,22.414,22.422,22.429,22.437,22.437,22.445,22.445,22.452,22.445,22.452,22.460,22.468,22.483,22.498,22.506,22.513,22.513,22.513,22.521,22.528,22.536,22.544,22.551,22.574,22.589,22.597,22.604,22.597,22.582,22.566,22.566,22.589,22.612,22.635,22.650,22.650,22.642,22.635,22.627,22.620,22.612,22.612,22.620,22.635,22.650,22.673,22.688,22.696,22.688,22.680,22.673,22.665,22.658,22.650,22.635,22.620,22.604,22.589,22.574,22.559,22.544,22.528,22.506,22.475,22.452,22.429,22.399,22.369,22.346,22.315,22.285,22.254,22.231,22.209,22.186,22.155,22.147,22.140,22.125,22.109,22.094,22.094,22.102,22.117,22.140,22.163,22.193,22.216,22.231,22.254,22.285,22.315,22.338,22.361,22.399,22.429,22.452,22.483,22.521,22.559,22.582,22.604,22.642,22.673,22.696,22.726,22.756,22.794,22.809,22.832,22.855,22.878,22.885,22.900,22.923,22.946,22.976,22.991,23.006,23.006,23.014
,23.587,23.580,23.565,23.550,23.527,23.505,23.497,23.489,23.482,23.459,23.444,23.422,23.399,23.384,23.361,23.354,23.346,23.331,23.309,23.301,23.278,23.256,23.233,23.210,23.188,23.165,23.150,23.150,23.142,23.127,23.105,23.089,23.074,23.052,23.029,23.006,22.984,22.968,22.953,22.953,22.946,22.923,22.893,22.862,22.832,22.802,22.779,22.756,22.741,22.726,22.711,22.718,22.718,22.711,22.696,22.688,22.673,22.665,22.650,22.650,22.635,22.627,22.620,22.620,22.612,22.604,22.589,22.574,22.551,22.536,22.528,22.528,22.513,22.475,22.429,22.391,22.346,22.315,22.300,22.315,22.315,22.308,22.285,22.254,22.224,22.201,22.170,22.155,22.147,22.140,22.147,22.155,22.170,22.186,22.193,22.201,22.209,22.224,22.239,22.254,22.270,22.285,22.292,22.300,22.315,22.330,22.346,22.369,22.391,22.407,22.429,22.445,22.452,22.460,22.468,22.460,22.452,22.445,22.445,22.445,22.445,22.445,22.445,22.437,22.445,22.445,22.452,22.460,22.468,22.468,22.468,22.475,22.468,22.452,22.429,22.407,22.384,22.353,22.338,22.330,22.315,22.308,22.300,22.292,22.292,22.292,22.300,22.308,22.315,22.315,22.315,22.315,22.308,22.308,22.308,22.315,22.315,22.315,22.315,22.308,22.308,22.308,22.308,22.315,22.315,22.315,22.308,22.308,22.300,22.300,22.300,22.308,22.308,22.308,22.315,22.315,22.315,22.308,22.292,22.277,22.262,22.254,22.247,22.247,22.247,22.247,22.247,22.262,22.262,22.262,22.262,22.247,22.239,22.224,22.216,22.209,22.201,22.193,22.193,22.201,22.209,22.209,22.193,22.178,22.170,22.155,22.155,22.163,22.170,22.178,22.178,22.186,22.193,22.209,22.216,22.231,22.239,22.239,22.239,22.239,22.231,22.224,22.224,22.216,22.216,22.209,22.209,22.201,22.201,22.193,22.186,22.178,22.178,22.170,22.170,22.170,22.170,22.178,22.186,22.193,22.209,22.216,22.224,22.224,22.224,22.231,22.239,22.247,22.262,22.277,22.285,22.300,22.308,22.323,22.330,22.346,22.353,22.361,22.346,22.315,22.300,22.323,22.330,22.323,22.330,22.369,22.384,22.414,22.429,22.445,22.452,22.468,22.483,22.506,22.521,22.513,22.513,22.513,22.536,22.544,22.551,22.566,22.574,22.589,22.597,22.612,22.635,22.658,22.688,22.711,22.726,22.749,22.802,22.878,22.984,23.074,23.188,23.316,23.489,23.670,23.843,23.993,24.135,24.270,24.382,24.464,24.494,24.486,24.404,24.247,24.045,23.835,23.625,23.399,23.135,22.915,22.733,22.589,22.490,22.437,22.414,22.422,22.429,22.399,22.384,22.369,22.346,22.323,22.308,22.300,22.315,22.338,22.369,22.384,22.384,22.369,22.361,22.353,22.369,22.384,22.391,22.391,22.369,22.330,22.308,22.300,22.315,22.346,22.369,22.391,22.384,22.376,22.361,22.361,22.353,22.353,22.361,22.369,22.384,22.391,22.407,22.422,22.422,22.422,22.429,22.429,22.429,22.429,22.429,22.437,22.452,22.468,22.483,22.498,22.506,22.506,22.506,22.513,22.513,22.521,22.521,22.528,22.544,22.566,22.582,22.589,22.589,22.574,22.574,22.574,22.589,22.612,22.627,22.642,22.642,22.642,22.642,22.635,22.620,22.604,22.604,22.604,22.627,22.650,22.673,22.696,22.696,22.696,22.688,22.673,22.673,22.658,22.642,22.627,22.620,22.604,22.589,22.574,22.559,22.544,22.528,22.506,22.475,22.452,22.422,22.391,22.361,22.338,22.315,22.285,22.247,22.231,22.209,22.186,22.155,22.147,22.132,22.125,22.102,22.086,22.086,22.094,22.109,22.132,22.155,22.186,22.201,22.216,22.239,22.270,22.300,22.323,22.353,22.391,22.429,22.452,22.483,22.521,22.551,22.574,22.604,22.635,22.673,22.696,22.726,22.756,22.794,22.809,22.832,22.855,22.878,22.885,22.893,22.915,22.946,22.968,22.991,23.006,23.006,23.014
,23.587,23.580,23.565,23.535,23.512,23.489,23.482,23.482,23.482,23.467,23.444,23.429,23.407,23.384,23.369,23.361,23.346,23.331,23.316,23.301,23.286,23.263,23.233,23.210,23.188,23.165,23.150,23.150,23.142,23.127,23.105,23.089,23.067,23.044,23.021,22.999,22.976,22.961,22.953,22.953,22.946,22.931,22.893,22.862,22.832,22.802,22.771,22.756,22.733,22.718,22.711,22.703,22.703,22.703,22.696,22.680,22.673,22.658,22.650,22.642,22.635,22.620,22.620,22.612,22.612,22.597,22.582,22.566,22.544,22.528,22.521,22.521,22.506,22.475,22.429,22.384,22.338,22.308,22.300,22.315,22.315,22.315,22.292,22.254,22.224,22.193,22.163,22.147,22.140,22.132,22.132,22.140,22.147,22.163,22.170,22.178,22.193,22.209,22.231,22.247,22.262,22.285,22.292,22.300,22.315,22.330,22.353,22.376,22.391,22.414,22.437,22.452,22.460,22.468,22.468,22.468,22.460,22.452,22.452,22.445,22.445,22.445,22.445,22.437,22.437,22.445,22.452,22.468,22.468,22.468,22.468,22.468,22.460,22.445,22.422,22.399,22.369,22.346,22.323,22.308,22.300,22.292,22.285,22.277,22.285,22.285,22.292,22.300,22.308,22.315,22.308,22.308,22.308,22.308,22.308,22.315,22.323,22.323,22.323,22.323,22.323,22.323,22.323,22.323,22.323,22.315,22.315,22.308,22.300,22.292,22.292,22.300,22.300,22.300,22.300,22.300,22.300,22.300,22.285,22.270,22.262,22.247,22.239,22.239,22.231,22.231,22.231,22.239,22.247,22.247,22.239,22.231,22.224,22.209,22.193,22.186,22.186,22.178,22.178,22.186,22.193,22.193,22.178,22.163,22.147,22.140,22.140,22.147,22.147,22.155,22.163,22.170,22.178,22.193,22.209,22.216,22.224,22.224,22.224,22.224,22.216,22.209,22.201,22.201,22.201,22.193,22.193,22.193,22.186,22.186,22.178,22.178,22.178,22.178,22.178,22.178,22.178,22.186,22.186,22.201,22.209,22.224,22.224,22.224,22.231,22.239,22.239,22.254,22.262,22.277,22.285,22.300,22.308,22.323,22.330,22.338,22.346,22.346,22.346,22.346,22.346,22.346,22.353,22.315,22.308,22.323,22.338,22.361,22.384,22.391,22.407,22.429,22.445,22.460,22.475,22.483,22.483,22.490,22.506,22.528,22.536,22.551,22.566,22.582,22.582,22.589,22.620,22.650,22.665,22.665,22.680,22.703,22.733,22.771,22.870,22.953,23.044,23.158,23.316,23.497,23.678,23.858,24.015,24.173,24.322,24.442,24.501,24.524,24.486,24.389,24.203,23.993,23.775,23.542,23.263,23.029,22.824,22.658,22.521,22.437,22.399,22.407,22.429,22.399,22.376,22.369,22.338,22.315,22.292,22.285,22.308,22.338,22.369,22.399,22.391,22.369,22.353,22.346,22.361,22.376,22.384,22.384,22.361,22.330,22.300,22.292,22.300,22.330,22.361,22.376,22.369,22.361,22.353,22.346,22.338,22.338,22.346,22.353,22.361,22.376,22.391,22.399,22.407,22.407,22.407,22.407,22.414,22.407,22.414,22.422,22.437,22.452,22.468,22.483,22.490,22.490,22.498,22.498,22.498,22.498,22.506,22.506,22.521,22.536,22.551,22.566,22.574,22.574,22.566,22.574,22.597,22.612,22.627,22.642,22.642,22.642,22.642,22.635,22.627,22.612,22.597,22.597,22.620,22.650,22.673,22.696,22.696,22.696,22.688,22.673,22.673,22.658,22.642,22.627,22.620,22.604,22.597,22.574,22.566,22.551,22.528,22.506,22.475,22.445,22.414,22.384,22.353,22.338,22.315,22.285,22.247,22.231,22.209,22.186,22.155,22.140,22.132,22.117,22.094,22.079,22.079,22.086,22.102,22.125,22.147,22.178,22.193,22.209,22.224,22.254,22.292,22.323,22.353,22.384,22.429,22.452,22.483,22.513,22.551,22.574,22.604,22.635,22.673,22.696,22.726,22.756,22.794,22.809,22.832,22.855,22.870,22.878,22.893,22.908,22.946,22.968,22.991,23.006,23.006,23.006
,23.572,23.565,23.550,23.527,23.505,23.482,23.482,23.482,23.474,23.467,23.452,23.429,23.407,23.384,23.369,23.361,23.346,23.331,23.316,23.309,23.293,23.271,23.241,23.218,23.195,23.173,23.158,23.150,23.142,23.127,23.105,23.089,23.067,23.044,23.014,22.999,22.976,22.953,22.953,22.953,22.946,22.931,22.900,22.870,22.832,22.802,22.771,22.756,22.733,22.711,22.703,22.703,22.703,22.696,22.688,22.673,22.665,22.650,22.642,22.635,22.627,22.620,22.612,22.612,22.604,22.589,22.574,22.559,22.544,22.521,22.513,22.506,22.483,22.460,22.422,22.399,22.369,22.338,22.323,22.323,22.315,22.292,22.270,22.239,22.216,22.178,22.147,22.125,22.109,22.102,22.094,22.102,22.109,22.125,22.132,22.147,22.163,22.186,22.209,22.224,22.247,22.270,22.285,22.300,22.315,22.330,22.361,22.376,22.399,22.422,22.437,22.452,22.460,22.468,22.468,22.460,22.452,22.452,22.452,22.452,22.452,22.452,22.445,22.437,22.437,22.437,22.445,22.460,22.468,22.468,22.468,22.460,22.445,22.422,22.407,22.384,22.361,22.338,22.315,22.300,22.292,22.285,22.277,22.277,22.277,22.277,22.285,22.292,22.300,22.308,22.308,22.308,22.308,22.308,22.308,22.315,22.323,22.323,22.323,22.323,22.323,22.323,22.323,22.323,22.323,22.323,22.315,22.308,22.300,22.292,22.292,22.292,22.292,22.292,22.292,22.292,22.285,22.285,22.270,22.262,22.247,22.239,22.224,22.224,22.224,22.224,22.224,22.224,22.231,22.231,22.224,22.216,22.201,22.193,22.178,22.170,22.163,22.155,22.163,22.170,22.178,22.178,22.163,22.140,22.125,22.117,22.117,22.125,22.132,22.140,22.147,22.155,22.170,22.178,22.193,22.201,22.201,22.209,22.209,22.209,22.201,22.201,22.193,22.193,22.186,22.186,22.178,22.178,22.178,22.178,22.170,22.170,22.178,22.178,22.178,22.178,22.178,22.178,22.186,22.201,22.209,22.216,22.224,22.224,22.224,22.239,22.239,22.247,22.254,22.270,22.285,22.300,22.308,22.323,22.323,22.330,22.338,22.346,22.346,22.353,22.361,22.361,22.361,22.353,22.346,22.346,22.330,22.330,22.330,22.330,22.346,22.369,22.391,22.399,22.422,22.437,22.445,22.452,22.460,22.490,22.513,22.536,22.559,22.566,22.574,22.582,22.604,22.627,22.650,22.650,22.650,22.658,22.673,22.703,22.756,22.824,22.900,22.991,23.127,23.293,23.474,23.648,23.835,24.030,24.210,24.359,24.471,24.546,24.568,24.539,24.404,24.225,23.993,23.730,23.429,23.165,22.938,22.741,22.582,22.445,22.376,22.384,22.429,22.399,22.369,22.346,22.323,22.292,22.277,22.262,22.292,22.338,22.376,22.399,22.399,22.369,22.353,22.346,22.353,22.376,22.384,22.376,22.346,22.315,22.292,22.277,22.292,22.323,22.353,22.369,22.369,22.353,22.338,22.330,22.330,22.330,22.330,22.338,22.353,22.361,22.376,22.384,22.391,22.384,22.384,22.384,22.391,22.391,22.391,22.399,22.422,22.437,22.452,22.468,22.475,22.475,22.475,22.483,22.483,22.483,22.483,22.490,22.506,22.521,22.544,22.559,22.566,22.566,22.566,22.574,22.589,22.604,22.620,22.635,22.642,22.642,22.642,22.635,22.627,22.612,22.597,22.604,22.620,22.642,22.665,22.688,22.696,22.688,22.680,22.673,22.665,22.658,22.642,22.627,22.627,22.612,22.597,22.582,22.566,22.551,22.528,22.498,22.468,22.445,22.414,22.384,22.353,22.338,22.315,22.285,22.254,22.231,22.209,22.186,22.155,22.140,22.125,22.109,22.094,22.086,22.086,22.094,22.094,22.117,22.140,22.163,22.178,22.193,22.216,22.247,22.285,22.315,22.346,22.384,22.422,22.445,22.468,22.506,22.536,22.559,22.589,22.627,22.665,22.696,22.726,22.756,22.787,22.809,22.832,22.847,22.870,22.878,22.893,22.908,22.938,22.961,22.984,22.999,23.006,23.006
,23.557,23.557,23.542,23.527,23.512,23.497,23.482,23.482,23.474,23.467,23.444,23.429,23.407,23.392,23.369,23.361,23.346,23.331,23.316,23.301,23.286,23.263,23.248,23.226,23.203,23.180,23.165,23.158,23.142,23.127,23.105,23.089,23.067,23.044,23.014,22.991,22.976,22.953,22.953,22.953,22.953,22.938,22.908,22.870,22.840,22.802,22.771,22.756,22.733,22.718,22.703,22.703,22.696,22.696,22.680,22.673,22.658,22.650,22.642,22.627,22.620,22.604,22.597,22.597,22.597,22.582,22.566,22.559,22.536,22.513,22.498,22.483,22.460,22.437,22.422,22.422,22.407,22.391,22.361,22.330,22.300,22.262,22.231,22.216,22.193,22.163,22.125,22.102,22.079,22.063,22.056,22.056,22.063,22.079,22.086,22.102,22.125,22.147,22.178,22.201,22.224,22.254,22.277,22.292,22.308,22.338,22.369,22.384,22.399,22.422,22.437,22.445,22.452,22.460,22.460,22.452,22.452,22.445,22.452,22.460,22.468,22.468,22.452,22.437,22.429,22.422,22.429,22.445,22.460,22.460,22.452,22.445,22.429,22.407,22.391,22.376,22.361,22.338,22.323,22.308,22.292,22.285,22.277,22.270,22.270,22.277,22.277,22.285,22.292,22.300,22.300,22.300,22.300,22.308,22.308,22.315,22.315,22.323,22.323,22.330,22.330,22.330,22.330,22.330,22.330,22.323,22.315,22.308,22.300,22.285,22.285,22.277,22.277,22.277,22.277,22.277,22.277,22.270,22.262,22.247,22.239,22.224,22.216,22.216,22.216,22.209,22.216,22.224,22.224,22.216,22.209,22.201,22.186,22.170,22.163,22.147,22.140,22.140,22.147,22.155,22.163,22.163,22.155,22.132,22.117,22.102,22.102,22.109,22.125,22.132,22.140,22.147,22.163,22.170,22.178,22.186,22.186,22.193,22.193,22.193,22.193,22.186,22.186,22.178,22.178,22.170,22.170,22.170,22.170,22.170,22.170,22.170,22.170,22.178,22.178,22.178,22.178,22.178,22.193,22.201,22.209,22.216,22.224,22.231,22.231,22.239,22.247,22.254,22.262,22.277,22.292,22.300,22.315,22.323,22.330,22.338,22.346,22.346,22.361,22.361,22.369,22.376,22.376,22.369,22.369,22.361,22.361,22.361,22.353,22.346,22.323,22.323,22.330,22.338,22.376,22.399,22.414,22.422,22.437,22.468,22.498,22.521,22.551,22.566,22.574,22.589,22.612,22.627,22.642,22.650,22.650,22.635,22.635,22.658,22.703,22.756,22.809,22.885,23.006,23.158,23.331,23.520,23.715,23.933,24.135,24.307,24.434,24.546,24.621,24.635,24.546,24.382,24.158,23.880,23.557,23.286,23.037,22.817,22.635,22.460,22.369,22.361,22.422,22.391,22.361,22.330,22.300,22.277,22.262,22.262,22.292,22.338,22.376,22.399,22.399,22.376,22.353,22.346,22.353,22.361,22.369,22.369,22.338,22.308,22.285,22.270,22.292,22.323,22.346,22.361,22.353,22.338,22.330,22.315,22.315,22.323,22.323,22.330,22.338,22.353,22.361,22.369,22.376,22.369,22.369,22.369,22.376,22.376,22.376,22.391,22.407,22.422,22.437,22.452,22.460,22.460,22.460,22.468,22.468,22.468,22.468,22.483,22.498,22.513,22.536,22.551,22.559,22.559,22.559,22.566,22.582,22.597,22.612,22.620,22.635,22.635,22.642,22.635,22.627,22.620,22.612,22.604,22.620,22.642,22.658,22.673,22.680,22.673,22.665,22.658,22.658,22.650,22.642,22.627,22.627,22.620,22.604,22.589,22.566,22.544,22.521,22.490,22.468,22.445,22.414,22.391,22.361,22.338,22.315,22.285,22.254,22.231,22.209,22.186,22.155,22.140,22.132,22.117,22.102,22.094,22.094,22.102,22.102,22.109,22.125,22.147,22.170,22.186,22.209,22.247,22.285,22.315,22.346,22.384,22.422,22.437,22.460,22.498,22.528,22.551,22.589,22.627,22.665,22.696,22.726,22.756,22.787,22.809,22.824,22.847,22.862,22.878,22.893,22.908,22.938,22.961,22.976,22.991,22.999,22.999
,23.542,23.542,23.535,23.527,23.512,23.497,23.489,23.482,23.474,23.459,23.444,23.429,23.414,23.392,23.369,23.361,23.346,23.331,23.316,23.301,23.286,23.263,23.248,23.226,23.210,23.195,23.173,23.158,23.142,23.127,23.105,23.089,23.074,23.044,23.021,22.991,22.968,22.953,22.953,22.953,22.953,22.938,22.908,22.878,22.840,22.809,22.779,22.756,22.741,22.718,22.703,22.696,22.696,22.688,22.673,22.665,22.658,22.650,22.635,22.627,22.612,22.597,22.589,22.589,22.582,22.574,22.559,22.551,22.536,22.513,22.483,22.460,22.437,22.422,22.429,22.445,22.445,22.429,22.391,22.338,22.285,22.239,22.209,22.201,22.186,22.163,22.117,22.086,22.056,22.033,22.018,22.018,22.025,22.041,22.048,22.071,22.094,22.125,22.147,22.178,22.201,22.231,22.262,22.285,22.308,22.338,22.369,22.384,22.399,22.422,22.437,22.445,22.452,22.452,22.452,22.452,22.445,22.445,22.460,22.468,22.475,22.475,22.460,22.445,22.422,22.414,22.422,22.437,22.445,22.452,22.445,22.429,22.407,22.391,22.376,22.369,22.353,22.338,22.323,22.308,22.292,22.285,22.270,22.270,22.270,22.270,22.270,22.277,22.285,22.292,22.292,22.292,22.300,22.300,22.300,22.308,22.315,22.315,22.323,22.323,22.330,22.338,22.338,22.338,22.330,22.323,22.315,22.308,22.300,22.285,22.277,22.277,22.270,22.262,22.262,22.270,22.262,22.262,22.247,22.239,22.224,22.216,22.209,22.209,22.209,22.201,22.209,22.209,22.209,22.209,22.201,22.186,22.170,22.155,22.147,22.132,22.125,22.125,22.132,22.140,22.155,22.147,22.140,22.117,22.102,22.094,22.094,22.102,22.117,22.125,22.132,22.140,22.155,22.163,22.170,22.170,22.170,22.178,22.178,22.178,22.178,22.178,22.178,22.170,22.170,22.163,22.163,22.163,22.163,22.163,22.163,22.170,22.170,22.178,22.178,22.178,22.186,22.193,22.201,22.209,22.216,22.231,22.239,22.239,22.247,22.254,22.262,22.270,22.277,22.285,22.300,22.315,22.323,22.338,22.346,22.353,22.353,22.361,22.369,22.376,22.384,22.384,22.384,22.384,22.384,22.384,22.391,22.391,22.391,22.384,22.353,22.346,22.346,22.353,22.384,22.407,22.422,22.429,22.445,22.475,22.490,22.513,22.536,22.551,22.574,22.589,22.620,22.627,22.635,22.642,22.650,22.635,22.620,22.627,22.673,22.711,22.764,22.824,22.938,23.082,23.248,23.437,23.655,23.888,24.098,24.277,24.412,24.553,24.658,24.702,24.628,24.479,24.255,23.970,23.640,23.369,23.112,22.878,22.673,22.468,22.353,22.338,22.422,22.391,22.346,22.308,22.277,22.270,22.262,22.262,22.292,22.338,22.376,22.399,22.399,22.376,22.353,22.346,22.346,22.353,22.361,22.353,22.330,22.300,22.277,22.270,22.285,22.315,22.338,22.353,22.346,22.330,22.315,22.308,22.308,22.308,22.315,22.323,22.330,22.338,22.346,22.353,22.353,22.353,22.353,22.353,22.353,22.361,22.361,22.376,22.391,22.407,22.422,22.437,22.437,22.437,22.445,22.445,22.445,22.452,22.460,22.468,22.483,22.506,22.521,22.544,22.551,22.551,22.551,22.559,22.574,22.589,22.604,22.612,22.627,22.635,22.635,22.642,22.635,22.627,22.620,22.620,22.627,22.635,22.650,22.658,22.658,22.658,22.658,22.650,22.650,22.650,22.642,22.627,22.627,22.620,22.612,22.589,22.566,22.544,22.513,22.490,22.460,22.445,22.422,22.391,22.369,22.346,22.323,22.292,22.262,22.239,22.216,22.186,22.163,22.147,22.132,22.125,22.102,22.102,22.102,22.109,22.109,22.109,22.117,22.140,22.163,22.178,22.216,22.254,22.285,22.315,22.353,22.391,22.422,22.437,22.460,22.490,22.521,22.551,22.582,22.620,22.665,22.696,22.726,22.756,22.787,22.802,22.824,22.847,22.862,22.878,22.885,22.908,22.938,22.961,22.976,22.984,22.991,22.991
,23.527,23.527,23.527,23.520,23.512,23.497,23.497,23.482,23.474,23.459,23.444,23.429,23.414,23.392,23.376,23.361,23.346,23.324,23.309,23.293,23.278,23.256,23.241,23.226,23.210,23.195,23.180,23.165,23.142,23.127,23.105,23.089,23.074,23.052,23.021,22.991,22.968,22.953,22.953,22.953,22.953,22.946,22.908,22.885,22.847,22.809,22.779,22.764,22.741,22.718,22.703,22.696,22.688,22.680,22.673,22.665,22.658,22.642,22.635,22.620,22.604,22.589,22.589,22.582,22.582,22.566,22.559,22.544,22.528,22.506,22.475,22.452,22.429,22.414,22.437,22.468,22.475,22.468,22.414,22.353,22.285,22.224,22.201,22.193,22.186,22.163,22.125,22.086,22.056,22.025,22.002,22.002,22.010,22.018,22.033,22.048,22.071,22.102,22.132,22.163,22.193,22.224,22.262,22.285,22.308,22.338,22.369,22.384,22.399,22.414,22.429,22.437,22.445,22.445,22.445,22.445,22.445,22.445,22.460,22.475,22.483,22.483,22.468,22.437,22.422,22.414,22.414,22.429,22.437,22.437,22.429,22.414,22.391,22.376,22.369,22.361,22.353,22.338,22.323,22.300,22.292,22.277,22.270,22.262,22.262,22.270,22.270,22.270,22.277,22.285,22.285,22.285,22.292,22.300,22.300,22.308,22.308,22.315,22.315,22.323,22.330,22.338,22.338,22.338,22.330,22.323,22.315,22.308,22.300,22.285,22.277,22.270,22.262,22.254,22.254,22.254,22.254,22.247,22.239,22.224,22.216,22.201,22.201,22.193,22.193,22.193,22.193,22.201,22.201,22.193,22.178,22.170,22.155,22.147,22.132,22.125,22.117,22.109,22.117,22.125,22.140,22.140,22.125,22.102,22.094,22.079,22.086,22.094,22.102,22.117,22.125,22.132,22.140,22.147,22.155,22.155,22.155,22.155,22.163,22.163,22.163,22.163,22.163,22.163,22.155,22.155,22.155,22.155,22.155,22.163,22.163,22.163,22.170,22.186,22.186,22.186,22.193,22.201,22.216,22.224,22.239,22.247,22.254,22.254,22.262,22.270,22.285,22.292,22.300,22.308,22.323,22.330,22.346,22.353,22.369,22.376,22.376,22.384,22.391,22.391,22.399,22.399,22.399,22.399,22.399,22.399,22.407,22.414,22.414,22.422,22.414,22.414,22.414,22.422,22.445,22.452,22.460,22.468,22.483,22.490,22.498,22.506,22.521,22.536,22.566,22.589,22.620,22.627,22.635,22.635,22.642,22.635,22.620,22.604,22.650,22.703,22.749,22.802,22.908,23.052,23.218,23.399,23.640,23.873,24.090,24.270,24.412,24.561,24.680,24.740,24.673,24.516,24.292,24.008,23.685,23.422,23.165,22.908,22.703,22.475,22.338,22.315,22.422,22.384,22.330,22.292,22.262,22.262,22.262,22.262,22.292,22.338,22.369,22.391,22.391,22.376,22.361,22.346,22.338,22.346,22.346,22.338,22.315,22.292,22.277,22.270,22.277,22.300,22.323,22.338,22.330,22.315,22.308,22.292,22.292,22.300,22.308,22.308,22.315,22.323,22.338,22.338,22.338,22.338,22.330,22.330,22.338,22.346,22.353,22.361,22.376,22.391,22.399,22.414,22.422,22.422,22.429,22.429,22.429,22.437,22.445,22.460,22.475,22.498,22.521,22.536,22.544,22.544,22.544,22.559,22.566,22.582,22.589,22.604,22.620,22.627,22.635,22.650,22.650,22.642,22.642,22.635,22.642,22.642,22.642,22.642,22.642,22.642,22.642,22.650,22.650,22.642,22.635,22.635,22.635,22.627,22.612,22.589,22.566,22.544,22.513,22.483,22.460,22.445,22.429,22.399,22.376,22.353,22.330,22.300,22.270,22.247,22.224,22.193,22.170,22.155,22.140,22.125,22.109,22.109,22.109,22.109,22.109,22.102,22.117,22.132,22.155,22.186,22.224,22.262,22.300,22.330,22.361,22.399,22.422,22.445,22.468,22.498,22.521,22.551,22.582,22.620,22.665,22.696,22.726,22.756,22.787,22.809,22.824,22.840,22.862,22.870,22.885,22.900,22.931,22.953,22.968,22.984,22.984,22.984
,23.520,23.520,23.520,23.520,23.512,23.497,23.489,23.482,23.467,23.452,23.444,23.429,23.414,23.399,23.384,23.369,23.346,23.324,23.301,23.286,23.271,23.248,23.233,23.226,23.210,23.195,23.180,23.158,23.135,23.112,23.097,23.089,23.074,23.052,23.021,22.991,22.968,22.953,22.953,22.953,22.953,22.946,22.915,22.885,22.855,22.817,22.787,22.771,22.749,22.726,22.711,22.703,22.696,22.688,22.680,22.665,22.658,22.642,22.627,22.612,22.597,22.589,22.582,22.582,22.582,22.574,22.559,22.544,22.521,22.506,22.483,22.460,22.445,22.437,22.460,22.483,22.490,22.468,22.422,22.361,22.300,22.247,22.216,22.209,22.201,22.178,22.140,22.109,22.079,22.048,22.025,22.018,22.025,22.033,22.041,22.056,22.079,22.109,22.140,22.170,22.201,22.231,22.270,22.285,22.308,22.338,22.361,22.376,22.391,22.407,22.422,22.429,22.437,22.445,22.445,22.445,22.445,22.452,22.460,22.475,22.483,22.483,22.468,22.445,22.422,22.414,22.414,22.429,22.437,22.429,22.422,22.407,22.384,22.369,22.361,22.353,22.346,22.330,22.308,22.292,22.285,22.270,22.262,22.262,22.262,22.270,22.270,22.270,22.270,22.285,22.285,22.285,22.292,22.300,22.300,22.308,22.308,22.315,22.323,22.330,22.330,22.338,22.338,22.338,22.330,22.323,22.315,22.308,22.300,22.285,22.277,22.270,22.262,22.254,22.254,22.254,22.247,22.239,22.231,22.216,22.209,22.201,22.193,22.193,22.193,22.193,22.186,22.186,22.186,22.178,22.163,22.155,22.140,22.132,22.117,22.109,22.102,22.094,22.102,22.109,22.117,22.125,22.109,22.094,22.079,22.079,22.079,22.086,22.094,22.109,22.117,22.117,22.125,22.132,22.140,22.140,22.140,22.140,22.147,22.147,22.155,22.155,22.155,22.155,22.155,22.155,22.155,22.155,22.155,22.155,22.163,22.163,22.170,22.186,22.186,22.193,22.201,22.216,22.224,22.239,22.247,22.254,22.262,22.270,22.277,22.285,22.300,22.308,22.315,22.330,22.346,22.353,22.369,22.376,22.391,22.399,22.399,22.407,22.422,22.422,22.422,22.429,22.422,22.414,22.414,22.414,22.422,22.429,22.437,22.445,22.445,22.445,22.445,22.452,22.468,22.475,22.483,22.490,22.506,22.506,22.506,22.506,22.506,22.513,22.528,22.566,22.597,22.612,22.627,22.642,22.642,22.635,22.620,22.604,22.627,22.688,22.741,22.794,22.878,23.021,23.188,23.376,23.617,23.858,24.083,24.270,24.404,24.568,24.695,24.762,24.695,24.553,24.322,24.030,23.723,23.452,23.188,22.931,22.718,22.468,22.323,22.308,22.414,22.376,22.315,22.270,22.254,22.262,22.270,22.277,22.308,22.338,22.361,22.384,22.391,22.376,22.361,22.346,22.338,22.330,22.323,22.315,22.292,22.277,22.262,22.262,22.270,22.292,22.315,22.323,22.315,22.308,22.292,22.285,22.292,22.292,22.292,22.300,22.308,22.308,22.315,22.323,22.323,22.315,22.315,22.323,22.330,22.330,22.338,22.353,22.361,22.376,22.391,22.399,22.407,22.407,22.414,22.422,22.429,22.429,22.437,22.452,22.468,22.490,22.513,22.528,22.536,22.536,22.536,22.551,22.559,22.566,22.582,22.597,22.612,22.627,22.642,22.658,22.665,22.665,22.665,22.665,22.650,22.642,22.635,22.635,22.635,22.635,22.642,22.650,22.650,22.642,22.642,22.635,22.635,22.627,22.612,22.589,22.566,22.544,22.521,22.490,22.468,22.452,22.429,22.407,22.384,22.361,22.338,22.308,22.285,22.262,22.239,22.216,22.186,22.163,22.147,22.132,22.117,22.109,22.109,22.109,22.102,22.102,22.117,22.147,22.178,22.209,22.247,22.292,22.330,22.353,22.384,22.414,22.445,22.460,22.483,22.513,22.544,22.566,22.597,22.627,22.665,22.703,22.733,22.764,22.794,22.809,22.832,22.855,22.870,22.878,22.885,22.900,22.931,22.953,22.968,22.984,22.984,22.984
,23.520,23.520,23.520,23.512,23.505,23.497,23.489,23.474,23.467,23.452,23.437,23.429,23.414,23.399,23.384,23.369,23.346,23.324,23.301,23.278,23.263,23.241,23.226,23.226,23.210,23.195,23.173,23.150,23.127,23.112,23.089,23.082,23.074,23.052,23.029,22.999,22.968,22.953,22.953,22.961,22.961,22.946,22.915,22.885,22.855,22.824,22.794,22.771,22.756,22.733,22.718,22.711,22.703,22.696,22.680,22.673,22.665,22.650,22.635,22.612,22.597,22.582,22.582,22.589,22.589,22.582,22.566,22.544,22.521,22.506,22.498,22.490,22.483,22.483,22.483,22.490,22.483,22.460,22.414,22.369,22.323,22.277,22.247,22.239,22.231,22.209,22.170,22.140,22.109,22.086,22.063,22.056,22.056,22.063,22.071,22.079,22.102,22.132,22.155,22.186,22.216,22.247,22.277,22.292,22.315,22.330,22.353,22.369,22.376,22.399,22.414,22.422,22.429,22.445,22.445,22.445,22.445,22.452,22.460,22.475,22.483,22.483,22.468,22.445,22.429,22.422,22.422,22.429,22.429,22.429,22.414,22.399,22.384,22.369,22.361,22.353,22.346,22.323,22.308,22.292,22.277,22.262,22.254,22.254,22.262,22.270,22.270,22.270,22.277,22.285,22.285,22.285,22.292,22.300,22.300,22.308,22.308,22.315,22.323,22.330,22.330,22.338,22.338,22.330,22.330,22.323,22.315,22.308,22.300,22.285,22.277,22.277,22.270,22.262,22.254,22.254,22.247,22.239,22.231,22.216,22.201,22.193,22.186,22.186,22.186,22.186,22.178,22.178,22.178,22.170,22.155,22.147,22.132,22.125,22.109,22.102,22.094,22.086,22.094,22.102,22.109,22.117,22.102,22.086,22.079,22.079,22.079,22.086,22.094,22.109,22.109,22.117,22.117,22.117,22.125,22.125,22.125,22.132,22.140,22.140,22.140,22.147,22.147,22.147,22.155,22.155,22.155,22.155,22.155,22.155,22.155,22.163,22.170,22.186,22.201,22.201,22.216,22.224,22.239,22.247,22.262,22.270,22.277,22.277,22.292,22.308,22.315,22.323,22.338,22.353,22.369,22.376,22.384,22.399,22.407,22.414,22.429,22.437,22.445,22.445,22.452,22.460,22.452,22.452,22.445,22.445,22.445,22.452,22.460,22.460,22.460,22.460,22.468,22.468,22.483,22.490,22.498,22.506,22.521,22.521,22.521,22.521,22.490,22.498,22.521,22.544,22.574,22.589,22.612,22.635,22.642,22.635,22.612,22.597,22.604,22.650,22.703,22.756,22.832,22.961,23.127,23.316,23.557,23.813,24.053,24.255,24.404,24.568,24.717,24.799,24.732,24.591,24.367,24.075,23.745,23.467,23.195,22.938,22.726,22.460,22.308,22.292,22.391,22.353,22.300,22.262,22.254,22.270,22.277,22.292,22.315,22.338,22.361,22.369,22.376,22.376,22.369,22.353,22.338,22.323,22.308,22.292,22.277,22.270,22.262,22.262,22.270,22.285,22.300,22.308,22.300,22.292,22.285,22.285,22.285,22.285,22.292,22.292,22.300,22.300,22.308,22.308,22.308,22.308,22.308,22.315,22.323,22.330,22.338,22.346,22.361,22.369,22.376,22.384,22.391,22.399,22.407,22.414,22.422,22.429,22.437,22.452,22.475,22.490,22.513,22.528,22.536,22.536,22.536,22.544,22.559,22.566,22.574,22.597,22.612,22.635,22.650,22.665,22.680,22.688,22.688,22.688,22.673,22.650,22.635,22.627,22.627,22.635,22.642,22.650,22.650,22.650,22.642,22.635,22.627,22.620,22.612,22.589,22.566,22.544,22.521,22.490,22.468,22.452,22.437,22.414,22.391,22.369,22.338,22.315,22.292,22.277,22.254,22.231,22.201,22.186,22.163,22.140,22.117,22.102,22.102,22.094,22.094,22.109,22.125,22.163,22.201,22.231,22.277,22.323,22.361,22.384,22.407,22.437,22.460,22.483,22.506,22.536,22.559,22.574,22.604,22.642,22.673,22.703,22.733,22.771,22.802,22.824,22.840,22.862,22.878,22.878,22.885,22.900,22.931,22.953,22.968,22.984,22.984,22.984
,23.512,23.512,23.512,23.512,23.497,23.489,23.482,23.474,23.467,23.452,23.437,23.429,23.414,23.399,23.384,23.369,23.346,23.324,23.301,23.278,23.256,23.233,23.218,23.218,23.210,23.195,23.173,23.150,23.127,23.105,23.089,23.082,23.067,23.052,23.029,22.999,22.976,22.953,22.953,22.961,22.961,22.946,22.915,22.885,22.855,22.824,22.794,22.771,22.756,22.733,22.718,22.718,22.711,22.703,22.688,22.680,22.665,22.650,22.635,22.612,22.597,22.582,22.582,22.597,22.597,22.589,22.566,22.544,22.521,22.506,22.506,22.513,22.513,22.506,22.498,22.490,22.468,22.445,22.407,22.376,22.338,22.308,22.285,22.277,22.262,22.231,22.201,22.170,22.147,22.132,22.109,22.102,22.094,22.102,22.094,22.109,22.125,22.147,22.178,22.201,22.224,22.254,22.277,22.300,22.315,22.330,22.353,22.361,22.369,22.384,22.407,22.414,22.429,22.445,22.445,22.452,22.452,22.452,22.460,22.475,22.475,22.475,22.468,22.452,22.437,22.429,22.429,22.429,22.429,22.422,22.407,22.399,22.384,22.369,22.353,22.353,22.338,22.323,22.300,22.285,22.270,22.254,22.254,22.254,22.262,22.270,22.270,22.270,22.277,22.285,22.285,22.285,22.292,22.300,22.300,22.308,22.308,22.308,22.323,22.323,22.330,22.330,22.330,22.330,22.323,22.315,22.308,22.308,22.300,22.285,22.285,22.277,22.277,22.270,22.262,22.254,22.247,22.239,22.224,22.209,22.201,22.193,22.186,22.186,22.178,22.178,22.178,22.178,22.170,22.163,22.155,22.140,22.132,22.117,22.102,22.094,22.086,22.086,22.086,22.094,22.109,22.109,22.102,22.086,22.079,22.079,22.079,22.086,22.094,22.109,22.109,22.109,22.109,22.109,22.117,22.117,22.125,22.125,22.132,22.132,22.132,22.140,22.140,22.147,22.147,22.155,22.155,22.155,22.155,22.155,22.163,22.170,22.178,22.193,22.209,22.216,22.231,22.239,22.254,22.262,22.277,22.285,22.300,22.300,22.315,22.330,22.338,22.353,22.361,22.376,22.391,22.399,22.414,22.422,22.437,22.445,22.452,22.468,22.475,22.483,22.490,22.490,22.490,22.490,22.483,22.483,22.483,22.483,22.490,22.490,22.490,22.490,22.490,22.490,22.506,22.506,22.513,22.528,22.536,22.544,22.551,22.544,22.521,22.528,22.536,22.551,22.566,22.582,22.604,22.627,22.642,22.635,22.612,22.582,22.597,22.635,22.680,22.741,22.817,22.953,23.120,23.309,23.565,23.828,24.068,24.277,24.434,24.598,24.747,24.844,24.762,24.613,24.397,24.105,23.760,23.467,23.195,22.938,22.726,22.460,22.300,22.277,22.369,22.330,22.285,22.254,22.254,22.277,22.292,22.308,22.323,22.346,22.353,22.361,22.369,22.369,22.369,22.353,22.338,22.315,22.292,22.270,22.262,22.254,22.254,22.262,22.262,22.277,22.285,22.292,22.292,22.285,22.285,22.277,22.277,22.285,22.285,22.285,22.292,22.292,22.292,22.292,22.300,22.300,22.300,22.308,22.315,22.323,22.330,22.338,22.353,22.353,22.361,22.376,22.384,22.384,22.399,22.407,22.422,22.429,22.437,22.452,22.475,22.490,22.506,22.521,22.528,22.528,22.528,22.536,22.551,22.559,22.574,22.597,22.612,22.635,22.658,22.673,22.696,22.703,22.711,22.703,22.688,22.658,22.635,22.620,22.620,22.635,22.642,22.658,22.658,22.650,22.642,22.635,22.620,22.620,22.604,22.589,22.566,22.544,22.521,22.490,22.468,22.460,22.437,22.414,22.391,22.369,22.346,22.323,22.300,22.285,22.270,22.247,22.216,22.193,22.178,22.147,22.117,22.102,22.094,22.086,22.094,22.109,22.132,22.178,22.216,22.254,22.300,22.346,22.376,22.399,22.422,22.452,22.475,22.498,22.521,22.544,22.574,22.589,22.612,22.650,22.680,22.711,22.741,22.771,22.802,22.824,22.847,22.862,22.878,22.878,22.885,22.900,22.931,22.953,22.968,22.984,22.984,22.991
,23.512,23.505,23.505,23.505,23.497,23.482,23.482,23.474,23.459,23.444,23.437,23.429,23.414,23.399,23.384,23.369,23.346,23.316,23.293,23.271,23.248,23.226,23.218,23.210,23.203,23.188,23.165,23.142,23.120,23.097,23.082,23.082,23.067,23.052,23.029,22.999,22.976,22.953,22.953,22.953,22.953,22.946,22.915,22.885,22.862,22.832,22.794,22.771,22.749,22.726,22.711,22.711,22.703,22.696,22.680,22.673,22.665,22.650,22.627,22.604,22.589,22.574,22.582,22.589,22.589,22.589,22.566,22.536,22.521,22.506,22.506,22.521,22.528,22.521,22.506,22.483,22.460,22.437,22.407,22.384,22.361,22.330,22.308,22.292,22.277,22.254,22.224,22.201,22.186,22.170,22.147,22.140,22.132,22.132,22.125,22.132,22.147,22.163,22.186,22.209,22.231,22.262,22.285,22.300,22.315,22.330,22.346,22.353,22.361,22.376,22.399,22.414,22.429,22.445,22.445,22.452,22.460,22.460,22.460,22.468,22.475,22.468,22.468,22.452,22.445,22.429,22.429,22.422,22.422,22.414,22.407,22.391,22.376,22.361,22.353,22.346,22.330,22.315,22.292,22.270,22.262,22.247,22.247,22.254,22.262,22.262,22.262,22.270,22.277,22.277,22.277,22.285,22.292,22.292,22.292,22.300,22.300,22.308,22.315,22.315,22.323,22.323,22.323,22.323,22.315,22.308,22.308,22.300,22.300,22.285,22.285,22.285,22.277,22.270,22.262,22.254,22.247,22.231,22.224,22.209,22.201,22.193,22.186,22.178,22.178,22.170,22.170,22.170,22.170,22.163,22.155,22.140,22.132,22.117,22.102,22.094,22.086,22.086,22.086,22.094,22.102,22.102,22.102,22.086,22.079,22.079,22.079,22.094,22.102,22.102,22.102,22.102,22.102,22.102,22.102,22.109,22.117,22.125,22.125,22.125,22.125,22.125,22.132,22.140,22.147,22.147,22.147,22.147,22.155,22.163,22.170,22.178,22.186,22.201,22.216,22.231,22.247,22.262,22.277,22.285,22.300,22.315,22.330,22.338,22.346,22.361,22.376,22.384,22.391,22.407,22.422,22.429,22.445,22.460,22.468,22.475,22.483,22.490,22.506,22.513,22.528,22.528,22.528,22.528,22.528,22.528,22.528,22.536,22.536,22.536,22.536,22.528,22.528,22.528,22.544,22.544,22.551,22.559,22.574,22.582,22.582,22.582,22.582,22.574,22.574,22.574,22.574,22.597,22.612,22.627,22.650,22.642,22.620,22.589,22.612,22.658,22.703,22.756,22.870,23.021,23.195,23.392,23.663,23.925,24.158,24.352,24.509,24.665,24.799,24.873,24.769,24.621,24.404,24.120,23.753,23.452,23.173,22.923,22.718,22.460,22.292,22.262,22.346,22.308,22.270,22.262,22.270,22.292,22.308,22.323,22.330,22.346,22.353,22.361,22.361,22.361,22.361,22.353,22.330,22.300,22.277,22.254,22.247,22.247,22.254,22.262,22.262,22.270,22.277,22.277,22.277,22.277,22.270,22.270,22.270,22.270,22.270,22.270,22.277,22.277,22.277,22.277,22.285,22.285,22.292,22.300,22.308,22.315,22.323,22.330,22.338,22.346,22.353,22.361,22.369,22.376,22.384,22.407,22.414,22.422,22.429,22.452,22.468,22.483,22.498,22.513,22.521,22.521,22.521,22.536,22.544,22.551,22.566,22.589,22.612,22.635,22.658,22.680,22.703,22.718,22.726,22.718,22.696,22.665,22.635,22.612,22.612,22.627,22.642,22.650,22.650,22.650,22.642,22.627,22.620,22.612,22.597,22.582,22.559,22.544,22.521,22.498,22.475,22.460,22.445,22.422,22.391,22.376,22.353,22.330,22.308,22.292,22.277,22.254,22.224,22.209,22.186,22.155,22.117,22.102,22.086,22.086,22.086,22.109,22.147,22.186,22.224,22.262,22.300,22.346,22.376,22.399,22.422,22.452,22.475,22.498,22.521,22.551,22.582,22.597,22.620,22.650,22.680,22.703,22.733,22.764,22.794,22.817,22.840,22.855,22.870,22.878,22.885,22.900,22.931,22.953,22.976,22.991,22.991,22.991
,23.512,23.505,23.505,23.497,23.489,23.482,23.474,23.467,23.459,23.444,23.437,23.429,23.414,23.392,23.376,23.361,23.339,23.309,23.286,23.263,23.241,23.226,23.210,23.203,23.195,23.173,23.158,23.142,23.120,23.105,23.089,23.082,23.067,23.052,23.021,22.999,22.968,22.953,22.946,22.946,22.946,22.931,22.908,22.885,22.855,22.824,22.787,22.764,22.741,22.711,22.696,22.696,22.688,22.680,22.665,22.658,22.650,22.635,22.620,22.597,22.582,22.574,22.574,22.574,22.582,22.574,22.559,22.536,22.513,22.506,22.506,22.506,22.513,22.506,22.483,22.475,22.452,22.429,22.399,22.384,22.361,22.338,22.315,22.300,22.285,22.262,22.239,22.216,22.201,22.186,22.170,22.155,22.147,22.140,22.132,22.140,22.155,22.170,22.193,22.209,22.231,22.262,22.285,22.292,22.308,22.323,22.338,22.346,22.361,22.376,22.399,22.414,22.429,22.445,22.452,22.452,22.460,22.460,22.468,22.475,22.475,22.468,22.468,22.452,22.445,22.429,22.429,22.422,22.414,22.407,22.399,22.384,22.376,22.353,22.346,22.330,22.323,22.300,22.277,22.262,22.254,22.247,22.247,22.247,22.254,22.262,22.262,22.270,22.270,22.277,22.277,22.285,22.292,22.292,22.292,22.300,22.300,22.300,22.308,22.315,22.323,22.323,22.323,22.323,22.315,22.308,22.308,22.300,22.292,22.285,22.285,22.285,22.277,22.270,22.262,22.254,22.247,22.231,22.224,22.216,22.209,22.193,22.193,22.178,22.170,22.170,22.163,22.163,22.163,22.155,22.147,22.140,22.132,22.117,22.109,22.094,22.086,22.086,22.086,22.094,22.102,22.102,22.102,22.086,22.079,22.079,22.079,22.094,22.102,22.102,22.102,22.094,22.094,22.094,22.102,22.109,22.117,22.125,22.125,22.117,22.117,22.117,22.125,22.125,22.132,22.140,22.147,22.147,22.155,22.170,22.178,22.186,22.193,22.216,22.231,22.247,22.254,22.277,22.300,22.308,22.323,22.338,22.361,22.369,22.384,22.399,22.407,22.414,22.422,22.429,22.452,22.468,22.483,22.490,22.506,22.506,22.506,22.513,22.536,22.544,22.559,22.566,22.574,22.574,22.574,22.574,22.574,22.582,22.582,22.582,22.582,22.582,22.582,22.589,22.597,22.597,22.604,22.620,22.635,22.635,22.620,22.589,22.604,22.604,22.604,22.604,22.612,22.620,22.627,22.642,22.665,22.635,22.620,22.627,22.665,22.711,22.779,22.878,23.006,23.173,23.369,23.602,23.858,24.098,24.322,24.501,24.628,24.755,24.851,24.881,24.755,24.598,24.374,24.083,23.715,23.407,23.135,22.900,22.711,22.460,22.308,22.270,22.323,22.292,22.277,22.285,22.300,22.315,22.323,22.330,22.338,22.346,22.353,22.361,22.361,22.361,22.353,22.338,22.315,22.292,22.262,22.247,22.239,22.247,22.254,22.262,22.262,22.262,22.262,22.262,22.270,22.270,22.270,22.270,22.270,22.270,22.262,22.262,22.262,22.262,22.262,22.262,22.270,22.270,22.277,22.285,22.300,22.300,22.315,22.323,22.330,22.330,22.338,22.346,22.361,22.361,22.376,22.391,22.407,22.407,22.422,22.437,22.452,22.475,22.490,22.506,22.513,22.521,22.521,22.528,22.536,22.551,22.566,22.582,22.612,22.635,22.658,22.680,22.711,22.726,22.733,22.733,22.703,22.665,22.635,22.612,22.612,22.627,22.635,22.650,22.650,22.642,22.635,22.620,22.612,22.604,22.597,22.574,22.559,22.544,22.528,22.506,22.483,22.468,22.445,22.422,22.391,22.376,22.353,22.330,22.308,22.292,22.277,22.262,22.224,22.201,22.178,22.147,22.117,22.102,22.086,22.086,22.094,22.117,22.147,22.186,22.216,22.247,22.277,22.315,22.346,22.376,22.399,22.429,22.460,22.483,22.506,22.536,22.566,22.589,22.612,22.642,22.673,22.696,22.726,22.749,22.771,22.794,22.817,22.832,22.855,22.862,22.870,22.893,22.923,22.953,22.976,22.991,22.991,22.991
,23.512,23.505,23.505,23.489,23.482,23.474,23.467,23.467,23.459,23.444,23.437,23.422,23.407,23.384,23.369,23.346,23.331,23.301,23.278,23.263,23.248,23.226,23.210,23.195,23.180,23.165,23.150,23.142,23.127,23.112,23.097,23.082,23.067,23.044,23.021,22.991,22.968,22.946,22.938,22.946,22.938,22.923,22.900,22.878,22.855,22.817,22.787,22.756,22.726,22.696,22.680,22.673,22.665,22.658,22.650,22.642,22.642,22.627,22.612,22.589,22.574,22.566,22.559,22.566,22.566,22.559,22.551,22.536,22.521,22.506,22.490,22.483,22.475,22.468,22.460,22.452,22.445,22.422,22.399,22.376,22.353,22.330,22.308,22.300,22.285,22.262,22.239,22.224,22.209,22.193,22.170,22.163,22.155,22.147,22.140,22.147,22.155,22.170,22.193,22.209,22.231,22.262,22.277,22.292,22.308,22.323,22.338,22.353,22.361,22.384,22.399,22.414,22.429,22.445,22.460,22.460,22.460,22.460,22.468,22.475,22.475,22.475,22.468,22.460,22.445,22.429,22.429,22.422,22.414,22.407,22.391,22.384,22.369,22.353,22.338,22.323,22.308,22.285,22.270,22.262,22.254,22.247,22.247,22.247,22.247,22.254,22.262,22.262,22.270,22.277,22.277,22.285,22.292,22.292,22.292,22.285,22.285,22.292,22.300,22.308,22.315,22.323,22.323,22.323,22.315,22.308,22.308,22.300,22.292,22.285,22.285,22.285,22.277,22.270,22.262,22.254,22.247,22.231,22.224,22.216,22.216,22.201,22.193,22.178,22.170,22.163,22.163,22.163,22.163,22.163,22.147,22.147,22.140,22.125,22.109,22.102,22.094,22.086,22.086,22.094,22.109,22.109,22.102,22.094,22.086,22.079,22.086,22.094,22.102,22.102,22.102,22.094,22.094,22.094,22.102,22.109,22.117,22.125,22.125,22.117,22.117,22.109,22.109,22.109,22.117,22.125,22.140,22.147,22.163,22.178,22.193,22.193,22.209,22.224,22.239,22.247,22.262,22.285,22.308,22.330,22.346,22.369,22.384,22.399,22.414,22.429,22.437,22.437,22.445,22.452,22.468,22.490,22.506,22.521,22.528,22.528,22.528,22.528,22.544,22.559,22.574,22.589,22.589,22.597,22.597,22.604,22.612,22.612,22.620,22.620,22.627,22.627,22.627,22.635,22.642,22.650,22.658,22.673,22.688,22.718,22.696,22.612,22.612,22.604,22.612,22.620,22.627,22.635,22.642,22.658,22.650,22.642,22.642,22.665,22.696,22.764,22.862,22.984,23.135,23.339,23.565,23.790,24.023,24.255,24.464,24.635,24.740,24.836,24.888,24.873,24.732,24.576,24.352,24.053,23.700,23.392,23.120,22.893,22.711,22.483,22.330,22.277,22.315,22.285,22.285,22.315,22.323,22.330,22.338,22.330,22.346,22.353,22.353,22.361,22.361,22.353,22.346,22.330,22.308,22.285,22.262,22.239,22.239,22.247,22.254,22.262,22.262,22.254,22.254,22.254,22.262,22.262,22.262,22.262,22.262,22.254,22.254,22.254,22.247,22.247,22.247,22.254,22.254,22.262,22.270,22.277,22.292,22.300,22.308,22.315,22.323,22.323,22.323,22.338,22.346,22.353,22.369,22.384,22.391,22.399,22.407,22.429,22.445,22.468,22.483,22.498,22.513,22.513,22.513,22.528,22.536,22.544,22.559,22.582,22.604,22.627,22.658,22.680,22.703,22.726,22.733,22.726,22.703,22.665,22.635,22.612,22.612,22.620,22.635,22.642,22.642,22.635,22.627,22.620,22.604,22.597,22.582,22.574,22.551,22.544,22.528,22.506,22.483,22.468,22.445,22.414,22.391,22.369,22.346,22.323,22.300,22.292,22.277,22.254,22.224,22.193,22.163,22.140,22.109,22.094,22.086,22.086,22.102,22.125,22.147,22.178,22.201,22.216,22.239,22.270,22.308,22.330,22.361,22.399,22.429,22.452,22.475,22.506,22.544,22.574,22.604,22.635,22.665,22.680,22.703,22.733,22.756,22.771,22.787,22.809,22.832,22.840,22.862,22.885,22.923,22.953,22.976,22.991,22.999,22.999
,23.512,23.505,23.497,23.489,23.482,23.467,23.467,23.467,23.459,23.444,23.429,23.422,23.407,23.384,23.361,23.339,23.324,23.301,23.278,23.263,23.248,23.226,23.203,23.188,23.173,23.158,23.142,23.142,23.135,23.120,23.097,23.082,23.067,23.044,23.014,22.991,22.968,22.946,22.938,22.938,22.931,22.915,22.893,22.870,22.847,22.809,22.779,22.749,22.718,22.680,22.665,22.658,22.650,22.635,22.635,22.627,22.627,22.612,22.597,22.582,22.566,22.559,22.551,22.551,22.551,22.544,22.536,22.536,22.521,22.506,22.483,22.468,22.445,22.437,22.429,22.429,22.429,22.422,22.399,22.376,22.353,22.323,22.308,22.292,22.277,22.262,22.239,22.231,22.216,22.201,22.178,22.170,22.163,22.155,22.147,22.155,22.163,22.178,22.193,22.216,22.239,22.262,22.277,22.292,22.308,22.323,22.338,22.353,22.369,22.384,22.399,22.422,22.437,22.452,22.460,22.468,22.468,22.468,22.468,22.475,22.483,22.475,22.468,22.460,22.445,22.429,22.422,22.422,22.407,22.399,22.384,22.384,22.369,22.353,22.338,22.315,22.292,22.277,22.262,22.254,22.247,22.239,22.239,22.239,22.247,22.247,22.254,22.262,22.270,22.277,22.277,22.285,22.285,22.285,22.285,22.277,22.277,22.285,22.292,22.300,22.308,22.315,22.315,22.315,22.315,22.308,22.300,22.300,22.285,22.277,22.277,22.277,22.277,22.270,22.262,22.254,22.239,22.231,22.224,22.224,22.216,22.209,22.193,22.178,22.170,22.163,22.163,22.163,22.170,22.163,22.155,22.147,22.147,22.140,22.125,22.109,22.102,22.094,22.094,22.109,22.117,22.117,22.109,22.102,22.094,22.086,22.094,22.102,22.102,22.109,22.102,22.094,22.094,22.094,22.109,22.117,22.117,22.125,22.125,22.117,22.117,22.109,22.109,22.109,22.117,22.125,22.140,22.155,22.170,22.193,22.201,22.209,22.224,22.231,22.247,22.262,22.285,22.308,22.330,22.353,22.376,22.399,22.422,22.437,22.452,22.460,22.468,22.468,22.468,22.475,22.490,22.513,22.536,22.544,22.551,22.544,22.544,22.544,22.559,22.582,22.597,22.612,22.620,22.620,22.627,22.635,22.642,22.642,22.650,22.658,22.665,22.673,22.673,22.688,22.696,22.703,22.711,22.726,22.756,22.771,22.726,22.642,22.612,22.604,22.612,22.635,22.635,22.650,22.650,22.642,22.627,22.642,22.658,22.673,22.718,22.809,22.915,23.044,23.241,23.482,23.715,23.933,24.150,24.382,24.591,24.747,24.829,24.896,24.918,24.881,24.702,24.531,24.307,24.015,23.670,23.361,23.089,22.878,22.703,22.498,22.346,22.277,22.308,22.285,22.292,22.346,22.353,22.346,22.338,22.330,22.346,22.353,22.361,22.361,22.361,22.353,22.338,22.323,22.300,22.277,22.254,22.239,22.239,22.247,22.254,22.254,22.254,22.254,22.247,22.247,22.254,22.254,22.254,22.254,22.254,22.247,22.247,22.247,22.239,22.239,22.239,22.247,22.247,22.254,22.262,22.270,22.285,22.285,22.300,22.308,22.315,22.315,22.315,22.323,22.338,22.346,22.361,22.369,22.376,22.384,22.399,22.414,22.429,22.452,22.475,22.490,22.506,22.506,22.513,22.521,22.536,22.544,22.559,22.582,22.604,22.627,22.650,22.680,22.696,22.718,22.726,22.718,22.696,22.665,22.627,22.612,22.612,22.620,22.627,22.635,22.627,22.620,22.612,22.604,22.597,22.589,22.574,22.559,22.544,22.544,22.528,22.506,22.483,22.468,22.445,22.414,22.391,22.369,22.346,22.323,22.300,22.292,22.277,22.247,22.216,22.186,22.155,22.132,22.109,22.094,22.094,22.094,22.109,22.125,22.147,22.170,22.186,22.193,22.209,22.231,22.270,22.292,22.323,22.361,22.399,22.422,22.445,22.483,22.521,22.559,22.589,22.620,22.650,22.665,22.688,22.711,22.733,22.749,22.764,22.787,22.809,22.824,22.847,22.878,22.915,22.953,22.976,22.999,22.999,23.006
,23.512,23.505,23.497,23.489,23.474,23.459,23.459,23.459,23.459,23.444,23.429,23.414,23.399,23.376,23.354,23.339,23.316,23.293,23.271,23.256,23.241,23.226,23.195,23.173,23.158,23.142,23.135,23.142,23.135,23.120,23.105,23.089,23.067,23.037,23.006,22.991,22.968,22.946,22.938,22.931,22.923,22.908,22.885,22.862,22.832,22.802,22.764,22.733,22.703,22.673,22.650,22.642,22.635,22.620,22.612,22.612,22.612,22.604,22.589,22.574,22.559,22.544,22.544,22.536,22.536,22.528,22.528,22.528,22.521,22.506,22.475,22.452,22.429,22.414,22.414,22.422,22.429,22.422,22.399,22.376,22.353,22.323,22.300,22.292,22.285,22.262,22.247,22.231,22.224,22.209,22.193,22.186,22.170,22.170,22.163,22.163,22.170,22.186,22.193,22.216,22.239,22.262,22.277,22.292,22.308,22.323,22.346,22.353,22.369,22.384,22.407,22.422,22.445,22.460,22.460,22.468,22.468,22.468,22.468,22.483,22.483,22.475,22.475,22.460,22.445,22.429,22.422,22.414,22.407,22.391,22.384,22.376,22.369,22.353,22.330,22.308,22.285,22.270,22.254,22.247,22.247,22.239,22.239,22.231,22.239,22.247,22.247,22.262,22.270,22.277,22.277,22.277,22.277,22.277,22.270,22.270,22.270,22.270,22.277,22.292,22.300,22.300,22.308,22.308,22.308,22.300,22.292,22.292,22.285,22.270,22.270,22.270,22.270,22.262,22.254,22.247,22.239,22.224,22.224,22.224,22.224,22.209,22.201,22.186,22.170,22.163,22.163,22.163,22.170,22.163,22.163,22.163,22.155,22.140,22.132,22.117,22.109,22.102,22.109,22.117,22.125,22.132,22.117,22.102,22.094,22.094,22.102,22.102,22.109,22.117,22.109,22.102,22.102,22.102,22.109,22.117,22.125,22.125,22.125,22.125,22.117,22.117,22.117,22.117,22.125,22.132,22.147,22.163,22.186,22.201,22.216,22.224,22.239,22.254,22.270,22.285,22.300,22.330,22.353,22.384,22.407,22.437,22.460,22.475,22.483,22.490,22.498,22.498,22.490,22.498,22.521,22.544,22.559,22.574,22.574,22.566,22.559,22.559,22.582,22.597,22.620,22.635,22.650,22.650,22.658,22.665,22.673,22.680,22.680,22.688,22.703,22.718,22.726,22.741,22.749,22.756,22.764,22.779,22.817,22.779,22.718,22.665,22.612,22.604,22.620,22.635,22.642,22.665,22.650,22.612,22.620,22.650,22.658,22.658,22.741,22.832,22.946,23.097,23.346,23.602,23.843,24.045,24.262,24.486,24.688,24.851,24.903,24.940,24.940,24.873,24.658,24.464,24.232,23.948,23.602,23.301,23.044,22.840,22.680,22.498,22.361,22.285,22.300,22.277,22.300,22.361,22.361,22.353,22.338,22.330,22.338,22.353,22.361,22.361,22.361,22.346,22.338,22.315,22.292,22.270,22.247,22.231,22.231,22.247,22.254,22.254,22.247,22.247,22.239,22.231,22.239,22.247,22.247,22.247,22.239,22.239,22.239,22.231,22.231,22.224,22.231,22.231,22.231,22.247,22.254,22.262,22.270,22.277,22.285,22.292,22.300,22.300,22.308,22.308,22.323,22.330,22.346,22.353,22.361,22.369,22.376,22.399,22.414,22.437,22.460,22.475,22.490,22.490,22.498,22.513,22.528,22.536,22.551,22.574,22.604,22.627,22.650,22.673,22.688,22.703,22.711,22.703,22.688,22.658,22.627,22.604,22.604,22.620,22.620,22.620,22.612,22.612,22.604,22.589,22.582,22.582,22.566,22.551,22.544,22.536,22.521,22.506,22.483,22.468,22.445,22.414,22.384,22.369,22.346,22.315,22.300,22.285,22.270,22.247,22.209,22.178,22.155,22.132,22.109,22.094,22.094,22.102,22.109,22.125,22.147,22.170,22.170,22.178,22.186,22.201,22.239,22.270,22.300,22.338,22.376,22.399,22.429,22.468,22.513,22.544,22.574,22.612,22.642,22.658,22.673,22.696,22.711,22.718,22.741,22.764,22.794,22.809,22.832,22.870,22.908,22.946,22.976,22.999,22.999,22.999
,23.512,23.505,23.497,23.482,23.474,23.459,23.459,23.459,23.452,23.437,23.429,23.414,23.399,23.376,23.346,23.331,23.309,23.286,23.263,23.248,23.233,23.210,23.188,23.165,23.150,23.135,23.135,23.142,23.142,23.135,23.112,23.089,23.067,23.037,23.006,22.991,22.968,22.946,22.938,22.931,22.923,22.900,22.870,22.855,22.824,22.794,22.756,22.726,22.696,22.665,22.642,22.627,22.620,22.612,22.604,22.597,22.597,22.589,22.574,22.566,22.551,22.544,22.536,22.528,22.521,22.521,22.521,22.513,22.506,22.498,22.475,22.460,22.437,22.422,22.422,22.429,22.429,22.422,22.407,22.384,22.361,22.330,22.308,22.300,22.285,22.270,22.254,22.247,22.239,22.224,22.209,22.193,22.186,22.178,22.170,22.170,22.178,22.193,22.201,22.216,22.239,22.262,22.277,22.292,22.315,22.330,22.346,22.353,22.369,22.384,22.407,22.422,22.445,22.460,22.460,22.468,22.468,22.468,22.475,22.483,22.483,22.483,22.475,22.460,22.445,22.422,22.414,22.414,22.407,22.391,22.384,22.376,22.361,22.346,22.323,22.308,22.285,22.270,22.254,22.247,22.239,22.239,22.231,22.231,22.231,22.239,22.247,22.254,22.262,22.277,22.277,22.270,22.270,22.270,22.262,22.262,22.262,22.262,22.270,22.277,22.285,22.292,22.300,22.300,22.292,22.292,22.285,22.277,22.270,22.270,22.262,22.262,22.262,22.254,22.247,22.239,22.231,22.224,22.224,22.224,22.216,22.209,22.201,22.186,22.170,22.163,22.163,22.163,22.170,22.163,22.163,22.163,22.155,22.147,22.140,22.125,22.117,22.109,22.109,22.125,22.140,22.140,22.132,22.109,22.102,22.102,22.102,22.109,22.117,22.117,22.117,22.117,22.117,22.117,22.117,22.117,22.125,22.125,22.125,22.125,22.125,22.125,22.125,22.132,22.140,22.147,22.163,22.170,22.186,22.201,22.216,22.231,22.247,22.270,22.292,22.300,22.323,22.353,22.384,22.414,22.445,22.468,22.490,22.506,22.513,22.521,22.528,22.521,22.521,22.521,22.544,22.566,22.589,22.597,22.597,22.582,22.574,22.582,22.597,22.620,22.642,22.665,22.680,22.680,22.688,22.696,22.696,22.696,22.703,22.711,22.726,22.749,22.764,22.779,22.787,22.787,22.802,22.809,22.802,22.779,22.718,22.635,22.597,22.604,22.620,22.635,22.680,22.642,22.604,22.597,22.658,22.635,22.627,22.680,22.794,22.870,23.021,23.256,23.520,23.790,24.030,24.240,24.442,24.665,24.836,24.940,24.985,25.000,24.940,24.792,24.576,24.345,24.098,23.820,23.482,23.195,22.968,22.771,22.620,22.468,22.361,22.300,22.300,22.277,22.300,22.361,22.361,22.346,22.330,22.315,22.330,22.346,22.353,22.361,22.361,22.353,22.346,22.330,22.300,22.270,22.247,22.231,22.231,22.239,22.247,22.247,22.239,22.231,22.224,22.216,22.224,22.231,22.239,22.239,22.239,22.231,22.231,22.231,22.224,22.224,22.224,22.224,22.231,22.231,22.239,22.254,22.262,22.262,22.277,22.285,22.285,22.285,22.292,22.300,22.308,22.315,22.330,22.338,22.346,22.353,22.361,22.376,22.399,22.422,22.437,22.460,22.475,22.483,22.490,22.498,22.513,22.528,22.544,22.566,22.597,22.620,22.642,22.658,22.673,22.688,22.688,22.688,22.665,22.642,22.620,22.604,22.604,22.604,22.612,22.612,22.604,22.597,22.589,22.582,22.574,22.566,22.559,22.544,22.536,22.528,22.521,22.498,22.483,22.468,22.445,22.414,22.391,22.376,22.353,22.323,22.300,22.285,22.270,22.239,22.209,22.186,22.163,22.140,22.117,22.109,22.102,22.109,22.109,22.125,22.147,22.163,22.170,22.178,22.186,22.209,22.239,22.262,22.292,22.330,22.369,22.391,22.422,22.468,22.513,22.544,22.574,22.604,22.635,22.642,22.658,22.673,22.696,22.703,22.718,22.749,22.771,22.794,22.817,22.862,22.908,22.938,22.968,22.991,22.999,22.999
,23.512,23.505,23.497,23.489,23.474,23.459,23.459,23.459,23.452,23.437,23.422,23.414,23.392,23.369,23.346,23.331,23.309,23.286,23.263,23.248,23.226,23.203,23.180,23.158,23.142,23.127,23.127,23.142,23.142,23.142,23.120,23.089,23.059,23.029,23.006,22.991,22.968,22.953,22.938,22.923,22.915,22.893,22.862,22.847,22.817,22.779,22.749,22.718,22.696,22.665,22.642,22.627,22.620,22.604,22.597,22.589,22.589,22.582,22.566,22.559,22.544,22.536,22.528,22.521,22.521,22.513,22.506,22.506,22.498,22.490,22.475,22.468,22.452,22.445,22.437,22.445,22.437,22.429,22.407,22.384,22.361,22.338,22.315,22.300,22.285,22.270,22.254,22.247,22.239,22.224,22.209,22.201,22.193,22.193,22.186,22.186,22.186,22.193,22.209,22.224,22.239,22.262,22.285,22.300,22.315,22.338,22.353,22.361,22.369,22.384,22.407,22.422,22.437,22.452,22.460,22.468,22.468,22.468,22.475,22.490,22.490,22.490,22.475,22.460,22.437,22.422,22.414,22.407,22.399,22.391,22.384,22.376,22.361,22.346,22.330,22.308,22.292,22.277,22.254,22.239,22.239,22.231,22.224,22.224,22.231,22.239,22.247,22.254,22.262,22.270,22.270,22.262,22.262,22.254,22.254,22.247,22.247,22.254,22.262,22.270,22.277,22.277,22.285,22.285,22.285,22.277,22.270,22.270,22.270,22.262,22.254,22.254,22.254,22.247,22.239,22.231,22.231,22.224,22.216,22.216,22.216,22.209,22.201,22.186,22.170,22.163,22.163,22.163,22.170,22.163,22.163,22.163,22.155,22.147,22.140,22.125,22.117,22.117,22.125,22.132,22.147,22.147,22.132,22.117,22.109,22.102,22.102,22.117,22.125,22.132,22.132,22.132,22.132,22.132,22.125,22.117,22.117,22.109,22.117,22.125,22.132,22.140,22.147,22.155,22.163,22.178,22.178,22.178,22.186,22.201,22.216,22.231,22.247,22.277,22.300,22.315,22.338,22.369,22.407,22.437,22.460,22.490,22.513,22.521,22.528,22.536,22.544,22.544,22.536,22.544,22.559,22.582,22.604,22.612,22.604,22.589,22.582,22.589,22.604,22.635,22.665,22.688,22.696,22.703,22.711,22.711,22.703,22.696,22.696,22.711,22.741,22.764,22.779,22.787,22.787,22.794,22.802,22.802,22.779,22.733,22.673,22.604,22.597,22.612,22.635,22.665,22.642,22.604,22.604,22.642,22.627,22.620,22.665,22.764,22.855,23.021,23.233,23.489,23.775,24.053,24.285,24.486,24.702,24.866,24.977,25.044,25.067,25.015,24.881,24.680,24.419,24.165,23.903,23.617,23.316,23.052,22.847,22.696,22.566,22.445,22.361,22.315,22.308,22.285,22.300,22.346,22.338,22.323,22.308,22.300,22.315,22.330,22.346,22.353,22.353,22.361,22.353,22.338,22.308,22.277,22.254,22.231,22.224,22.231,22.231,22.231,22.224,22.209,22.201,22.201,22.209,22.224,22.224,22.231,22.231,22.231,22.224,22.224,22.224,22.216,22.216,22.216,22.224,22.231,22.231,22.239,22.254,22.262,22.262,22.270,22.277,22.277,22.285,22.285,22.292,22.300,22.308,22.323,22.330,22.338,22.346,22.361,22.391,22.407,22.429,22.452,22.468,22.468,22.475,22.490,22.513,22.528,22.544,22.566,22.589,22.612,22.635,22.650,22.665,22.665,22.665,22.658,22.650,22.635,22.620,22.604,22.604,22.604,22.604,22.597,22.589,22.582,22.574,22.566,22.559,22.559,22.551,22.544,22.536,22.521,22.513,22.498,22.475,22.460,22.437,22.414,22.391,22.376,22.353,22.330,22.300,22.285,22.262,22.239,22.209,22.186,22.170,22.147,22.132,22.117,22.117,22.117,22.117,22.132,22.147,22.163,22.178,22.186,22.201,22.224,22.254,22.270,22.300,22.338,22.369,22.399,22.429,22.468,22.513,22.544,22.574,22.604,22.627,22.642,22.650,22.665,22.688,22.696,22.711,22.741,22.764,22.787,22.809,22.847,22.893,22.931,22.961,22.976,22.984,22.984
,23.505,23.505,23.497,23.489,23.474,23.459,23.459,23.452,23.444,23.437,23.422,23.407,23.392,23.369,23.346,23.331,23.309,23.286,23.263,23.241,23.218,23.195,23.165,23.150,23.135,23.127,23.127,23.135,23.142,23.142,23.120,23.089,23.059,23.029,23.006,22.991,22.976,22.953,22.938,22.923,22.908,22.885,22.855,22.832,22.809,22.779,22.741,22.718,22.696,22.665,22.642,22.627,22.620,22.604,22.589,22.589,22.582,22.574,22.559,22.551,22.536,22.528,22.521,22.521,22.513,22.506,22.498,22.498,22.490,22.483,22.483,22.475,22.475,22.468,22.460,22.452,22.445,22.429,22.407,22.391,22.369,22.338,22.315,22.308,22.292,22.270,22.254,22.247,22.239,22.231,22.216,22.209,22.209,22.201,22.193,22.193,22.193,22.209,22.216,22.231,22.247,22.262,22.285,22.300,22.323,22.338,22.361,22.369,22.376,22.384,22.407,22.422,22.437,22.452,22.460,22.468,22.468,22.468,22.483,22.490,22.498,22.490,22.475,22.460,22.437,22.422,22.407,22.407,22.399,22.384,22.376,22.376,22.361,22.346,22.330,22.315,22.300,22.277,22.254,22.239,22.231,22.224,22.216,22.224,22.231,22.231,22.239,22.254,22.262,22.262,22.262,22.254,22.247,22.247,22.247,22.239,22.247,22.247,22.254,22.262,22.262,22.270,22.277,22.277,22.270,22.270,22.262,22.262,22.254,22.254,22.247,22.247,22.239,22.239,22.231,22.224,22.224,22.216,22.216,22.216,22.209,22.201,22.193,22.186,22.178,22.170,22.170,22.170,22.170,22.170,22.163,22.163,22.155,22.147,22.140,22.132,22.125,22.125,22.132,22.147,22.155,22.155,22.147,22.125,22.117,22.109,22.117,22.125,22.132,22.140,22.147,22.147,22.155,22.147,22.140,22.125,22.117,22.109,22.117,22.132,22.140,22.155,22.170,22.186,22.193,22.201,22.201,22.193,22.193,22.209,22.216,22.239,22.262,22.292,22.323,22.338,22.361,22.391,22.429,22.460,22.483,22.506,22.528,22.536,22.544,22.551,22.559,22.559,22.559,22.559,22.574,22.597,22.612,22.620,22.604,22.597,22.589,22.597,22.620,22.650,22.680,22.703,22.711,22.718,22.718,22.718,22.711,22.703,22.696,22.711,22.741,22.756,22.771,22.771,22.756,22.756,22.764,22.771,22.726,22.665,22.612,22.582,22.597,22.627,22.650,22.650,22.597,22.604,22.620,22.627,22.597,22.650,22.741,22.855,22.999,23.226,23.482,23.753,24.053,24.315,24.546,24.747,24.918,25.022,25.096,25.133,25.074,24.970,24.807,24.576,24.277,23.993,23.715,23.429,23.150,22.923,22.741,22.604,22.513,22.422,22.361,22.330,22.308,22.292,22.300,22.330,22.323,22.308,22.292,22.292,22.308,22.323,22.338,22.346,22.353,22.361,22.353,22.346,22.315,22.277,22.247,22.231,22.216,22.224,22.224,22.224,22.209,22.201,22.193,22.193,22.201,22.209,22.216,22.224,22.224,22.224,22.224,22.216,22.216,22.216,22.216,22.216,22.216,22.224,22.231,22.231,22.247,22.247,22.254,22.262,22.262,22.262,22.270,22.277,22.277,22.285,22.292,22.308,22.315,22.323,22.330,22.346,22.369,22.391,22.414,22.445,22.452,22.452,22.468,22.483,22.498,22.513,22.536,22.559,22.582,22.604,22.627,22.642,22.642,22.642,22.635,22.627,22.627,22.620,22.620,22.612,22.604,22.597,22.589,22.582,22.574,22.566,22.559,22.559,22.551,22.551,22.544,22.536,22.528,22.521,22.506,22.483,22.468,22.452,22.437,22.414,22.391,22.376,22.353,22.330,22.300,22.285,22.262,22.239,22.209,22.193,22.178,22.163,22.140,22.132,22.125,22.125,22.125,22.132,22.140,22.163,22.178,22.193,22.216,22.239,22.270,22.285,22.308,22.346,22.376,22.407,22.437,22.468,22.513,22.536,22.566,22.597,22.620,22.635,22.642,22.665,22.680,22.688,22.711,22.733,22.764,22.779,22.802,22.840,22.878,22.915,22.946,22.968,22.976,22.976
,23.497,23.497,23.497,23.482,23.474,23.459,23.459,23.452,23.444,23.429,23.414,23.399,23.384,23.361,23.346,23.331,23.309,23.286,23.256,23.233,23.210,23.188,23.158,23.142,23.135,23.127,23.127,23.135,23.142,23.135,23.112,23.082,23.059,23.029,23.006,22.991,22.976,22.953,22.938,22.923,22.900,22.878,22.847,22.832,22.809,22.779,22.741,22.718,22.696,22.665,22.642,22.627,22.620,22.604,22.589,22.582,22.574,22.559,22.551,22.536,22.528,22.521,22.513,22.513,22.506,22.498,22.498,22.490,22.483,22.475,22.475,22.483,22.483,22.475,22.475,22.460,22.445,22.422,22.407,22.391,22.369,22.346,22.323,22.308,22.292,22.277,22.262,22.254,22.247,22.231,22.224,22.216,22.209,22.209,22.201,22.201,22.209,22.216,22.224,22.239,22.254,22.270,22.292,22.308,22.330,22.346,22.361,22.369,22.376,22.391,22.407,22.422,22.437,22.452,22.460,22.468,22.468,22.475,22.483,22.490,22.490,22.490,22.475,22.460,22.437,22.414,22.407,22.407,22.399,22.384,22.376,22.369,22.361,22.346,22.330,22.315,22.300,22.277,22.262,22.247,22.231,22.216,22.216,22.216,22.224,22.231,22.239,22.247,22.254,22.254,22.254,22.247,22.239,22.239,22.239,22.239,22.239,22.239,22.247,22.254,22.254,22.254,22.262,22.262,22.254,22.254,22.254,22.254,22.247,22.239,22.231,22.231,22.231,22.224,22.224,22.216,22.216,22.209,22.209,22.209,22.209,22.201,22.193,22.186,22.178,22.178,22.178,22.178,22.178,22.170,22.170,22.163,22.155,22.155,22.147,22.140,22.132,22.132,22.147,22.155,22.163,22.163,22.155,22.140,22.132,22.125,22.132,22.140,22.147,22.155,22.163,22.163,22.170,22.163,22.155,22.140,22.132,22.125,22.132,22.140,22.155,22.178,22.193,22.209,22.216,22.224,22.224,22.216,22.209,22.224,22.239,22.262,22.292,22.323,22.353,22.369,22.391,22.422,22.460,22.483,22.513,22.528,22.551,22.559,22.559,22.566,22.574,22.574,22.582,22.582,22.597,22.604,22.612,22.620,22.620,22.612,22.604,22.612,22.627,22.658,22.680,22.711,22.718,22.726,22.726,22.726,22.718,22.711,22.703,22.711,22.733,22.749,22.749,22.733,22.703,22.703,22.718,22.718,22.650,22.582,22.551,22.566,22.604,22.650,22.635,22.589,22.582,22.635,22.620,22.566,22.612,22.726,22.847,22.968,23.218,23.467,23.745,24.038,24.330,24.576,24.799,24.992,25.052,25.126,25.178,25.178,25.029,24.896,24.725,24.494,24.158,23.858,23.565,23.278,23.014,22.817,22.658,22.528,22.460,22.407,22.369,22.338,22.315,22.300,22.300,22.315,22.308,22.292,22.285,22.285,22.300,22.315,22.323,22.330,22.346,22.353,22.346,22.330,22.308,22.270,22.239,22.216,22.201,22.216,22.216,22.216,22.209,22.193,22.186,22.186,22.186,22.201,22.209,22.216,22.216,22.216,22.216,22.209,22.209,22.209,22.216,22.216,22.216,22.216,22.224,22.224,22.231,22.239,22.247,22.247,22.247,22.247,22.254,22.254,22.262,22.270,22.277,22.285,22.292,22.300,22.308,22.330,22.353,22.376,22.399,22.422,22.437,22.437,22.445,22.468,22.483,22.498,22.521,22.551,22.574,22.597,22.612,22.620,22.620,22.612,22.597,22.597,22.604,22.612,22.612,22.612,22.604,22.589,22.582,22.566,22.559,22.559,22.551,22.544,22.536,22.536,22.536,22.528,22.521,22.506,22.490,22.475,22.460,22.445,22.429,22.407,22.391,22.376,22.353,22.323,22.300,22.285,22.262,22.231,22.209,22.193,22.178,22.163,22.147,22.132,22.125,22.125,22.125,22.125,22.140,22.163,22.178,22.193,22.224,22.254,22.277,22.292,22.315,22.346,22.376,22.407,22.437,22.468,22.506,22.536,22.559,22.589,22.612,22.627,22.642,22.658,22.673,22.688,22.703,22.726,22.756,22.771,22.794,22.824,22.870,22.908,22.938,22.961,22.961,22.961
,23.497,23.497,23.489,23.482,23.474,23.459,23.452,23.444,23.437,23.414,23.407,23.392,23.376,23.361,23.339,23.324,23.301,23.278,23.241,23.218,23.188,23.165,23.150,23.142,23.135,23.127,23.127,23.127,23.127,23.112,23.097,23.074,23.052,23.021,23.006,22.991,22.976,22.961,22.938,22.923,22.900,22.878,22.847,22.832,22.809,22.779,22.741,22.726,22.703,22.673,22.650,22.635,22.620,22.604,22.589,22.574,22.566,22.551,22.544,22.528,22.521,22.513,22.506,22.506,22.498,22.498,22.490,22.483,22.475,22.475,22.475,22.483,22.483,22.475,22.468,22.452,22.437,22.414,22.399,22.384,22.369,22.353,22.338,22.315,22.300,22.285,22.277,22.262,22.254,22.247,22.231,22.224,22.216,22.216,22.209,22.209,22.216,22.224,22.231,22.247,22.262,22.277,22.300,22.315,22.330,22.353,22.369,22.376,22.384,22.399,22.407,22.422,22.429,22.445,22.460,22.468,22.475,22.483,22.490,22.490,22.490,22.483,22.475,22.452,22.429,22.414,22.407,22.407,22.399,22.384,22.376,22.369,22.353,22.338,22.323,22.315,22.300,22.285,22.262,22.247,22.231,22.216,22.216,22.216,22.216,22.224,22.231,22.239,22.247,22.254,22.254,22.247,22.239,22.239,22.239,22.239,22.239,22.239,22.239,22.239,22.247,22.254,22.254,22.254,22.254,22.254,22.247,22.239,22.231,22.231,22.224,22.224,22.224,22.224,22.216,22.216,22.209,22.209,22.209,22.209,22.201,22.193,22.193,22.186,22.186,22.178,22.178,22.178,22.178,22.170,22.170,22.170,22.163,22.163,22.155,22.155,22.147,22.147,22.155,22.163,22.170,22.170,22.163,22.155,22.147,22.140,22.147,22.155,22.163,22.163,22.163,22.170,22.170,22.170,22.163,22.155,22.155,22.155,22.163,22.170,22.178,22.193,22.209,22.216,22.224,22.231,22.239,22.231,22.239,22.247,22.270,22.292,22.323,22.353,22.384,22.407,22.429,22.460,22.490,22.513,22.536,22.551,22.566,22.574,22.582,22.582,22.597,22.604,22.604,22.612,22.620,22.620,22.620,22.627,22.627,22.627,22.627,22.635,22.650,22.665,22.688,22.703,22.718,22.733,22.741,22.741,22.741,22.733,22.726,22.718,22.726,22.733,22.718,22.680,22.696,22.718,22.703,22.650,22.582,22.551,22.551,22.582,22.642,22.620,22.589,22.582,22.650,22.597,22.559,22.574,22.703,22.817,22.976,23.203,23.459,23.745,24.038,24.330,24.576,24.836,25.015,25.104,25.178,25.252,25.237,25.126,25.007,24.866,24.673,24.404,24.068,23.753,23.459,23.173,22.915,22.749,22.620,22.498,22.422,22.391,22.369,22.346,22.323,22.308,22.300,22.315,22.308,22.308,22.300,22.300,22.308,22.315,22.323,22.323,22.330,22.330,22.323,22.308,22.277,22.247,22.216,22.193,22.193,22.201,22.209,22.216,22.209,22.193,22.186,22.186,22.186,22.201,22.209,22.216,22.216,22.209,22.209,22.209,22.209,22.209,22.216,22.216,22.216,22.216,22.224,22.224,22.224,22.224,22.224,22.231,22.231,22.231,22.231,22.239,22.247,22.254,22.262,22.277,22.285,22.285,22.300,22.315,22.338,22.361,22.376,22.399,22.422,22.422,22.429,22.445,22.468,22.490,22.506,22.528,22.559,22.582,22.597,22.604,22.597,22.582,22.566,22.566,22.582,22.597,22.612,22.620,22.612,22.597,22.574,22.559,22.551,22.544,22.536,22.536,22.528,22.528,22.521,22.521,22.506,22.498,22.490,22.468,22.460,22.445,22.429,22.407,22.384,22.369,22.346,22.323,22.292,22.277,22.254,22.231,22.209,22.193,22.178,22.155,22.140,22.132,22.125,22.125,22.125,22.125,22.140,22.155,22.170,22.193,22.216,22.247,22.277,22.292,22.315,22.346,22.384,22.399,22.429,22.460,22.490,22.513,22.544,22.566,22.597,22.620,22.635,22.658,22.673,22.688,22.703,22.726,22.756,22.771,22.787,22.824,22.870,22.900,22.931,22.953,22.961,22.961
,23.489,23.489,23.482,23.474,23.467,23.459,23.452,23.437,23.429,23.414,23.399,23.392,23.376,23.354,23.339,23.324,23.301,23.271,23.233,23.203,23.180,23.150,23.142,23.142,23.135,23.135,23.127,23.120,23.112,23.097,23.082,23.059,23.037,23.021,22.999,22.991,22.976,22.961,22.938,22.923,22.900,22.878,22.855,22.832,22.809,22.779,22.749,22.726,22.703,22.680,22.658,22.635,22.620,22.604,22.589,22.582,22.566,22.559,22.544,22.528,22.513,22.506,22.498,22.498,22.498,22.490,22.490,22.483,22.475,22.475,22.475,22.475,22.475,22.468,22.460,22.445,22.429,22.414,22.391,22.384,22.369,22.353,22.338,22.330,22.315,22.300,22.285,22.277,22.262,22.247,22.231,22.231,22.224,22.224,22.216,22.224,22.224,22.231,22.247,22.254,22.262,22.285,22.300,22.315,22.338,22.353,22.369,22.384,22.391,22.399,22.414,22.422,22.429,22.445,22.460,22.475,22.483,22.490,22.498,22.498,22.490,22.483,22.468,22.452,22.429,22.414,22.407,22.407,22.399,22.391,22.376,22.361,22.353,22.338,22.323,22.315,22.300,22.285,22.262,22.247,22.231,22.224,22.216,22.216,22.216,22.216,22.224,22.231,22.239,22.254,22.254,22.247,22.239,22.239,22.239,22.239,22.231,22.231,22.231,22.239,22.239,22.239,22.247,22.247,22.254,22.247,22.247,22.231,22.224,22.216,22.216,22.216,22.216,22.216,22.209,22.209,22.209,22.201,22.201,22.193,22.193,22.193,22.193,22.193,22.186,22.178,22.178,22.178,22.178,22.178,22.178,22.170,22.170,22.170,22.170,22.163,22.155,22.155,22.155,22.163,22.170,22.170,22.170,22.163,22.163,22.155,22.163,22.163,22.163,22.170,22.170,22.170,22.170,22.178,22.178,22.178,22.178,22.186,22.193,22.193,22.201,22.209,22.216,22.216,22.224,22.239,22.247,22.254,22.262,22.285,22.308,22.330,22.361,22.391,22.414,22.437,22.460,22.483,22.513,22.528,22.544,22.559,22.574,22.582,22.589,22.589,22.604,22.612,22.620,22.627,22.627,22.627,22.627,22.627,22.627,22.642,22.650,22.658,22.665,22.665,22.680,22.688,22.711,22.726,22.733,22.749,22.749,22.741,22.733,22.726,22.726,22.711,22.696,22.696,22.718,22.696,22.658,22.604,22.559,22.551,22.574,22.604,22.604,22.589,22.597,22.620,22.582,22.544,22.574,22.673,22.802,22.976,23.195,23.459,23.753,24.045,24.330,24.598,24.859,25.029,25.155,25.244,25.333,25.311,25.230,25.096,24.963,24.792,24.561,24.277,23.925,23.595,23.301,23.044,22.824,22.658,22.536,22.460,22.399,22.376,22.361,22.338,22.323,22.308,22.315,22.323,22.323,22.323,22.323,22.323,22.323,22.323,22.323,22.315,22.308,22.308,22.292,22.270,22.239,22.216,22.186,22.170,22.178,22.193,22.209,22.216,22.216,22.209,22.201,22.201,22.201,22.201,22.209,22.209,22.201,22.201,22.201,22.201,22.201,22.209,22.216,22.216,22.224,22.224,22.224,22.216,22.216,22.216,22.216,22.216,22.216,22.216,22.216,22.224,22.231,22.239,22.254,22.262,22.277,22.285,22.292,22.308,22.330,22.346,22.369,22.384,22.399,22.407,22.422,22.437,22.460,22.483,22.498,22.521,22.551,22.566,22.582,22.589,22.582,22.559,22.544,22.544,22.566,22.597,22.620,22.635,22.620,22.597,22.574,22.559,22.544,22.536,22.536,22.528,22.521,22.521,22.521,22.513,22.498,22.490,22.483,22.468,22.452,22.445,22.422,22.399,22.384,22.369,22.346,22.315,22.292,22.277,22.254,22.231,22.201,22.186,22.170,22.147,22.132,22.125,22.117,22.117,22.117,22.125,22.132,22.147,22.170,22.186,22.209,22.247,22.270,22.300,22.323,22.353,22.384,22.399,22.422,22.452,22.483,22.506,22.528,22.559,22.589,22.612,22.635,22.658,22.680,22.696,22.711,22.733,22.764,22.771,22.794,22.824,22.870,22.900,22.931,22.953,22.953,22.961
,23.482,23.482,23.474,23.474,23.459,23.452,23.444,23.437,23.422,23.407,23.392,23.384,23.369,23.354,23.331,23.316,23.293,23.263,23.226,23.195,23.165,23.142,23.135,23.142,23.142,23.135,23.127,23.112,23.105,23.082,23.067,23.044,23.029,23.006,22.991,22.991,22.984,22.961,22.938,22.923,22.900,22.878,22.855,22.832,22.817,22.787,22.764,22.741,22.718,22.688,22.665,22.642,22.620,22.604,22.589,22.582,22.574,22.559,22.544,22.521,22.506,22.498,22.490,22.490,22.498,22.490,22.490,22.483,22.475,22.468,22.468,22.468,22.468,22.460,22.445,22.437,22.422,22.407,22.391,22.376,22.369,22.353,22.346,22.338,22.330,22.315,22.300,22.285,22.270,22.254,22.239,22.231,22.231,22.231,22.224,22.231,22.239,22.247,22.254,22.262,22.270,22.292,22.308,22.323,22.346,22.361,22.376,22.384,22.399,22.407,22.414,22.422,22.429,22.445,22.460,22.475,22.490,22.498,22.498,22.498,22.490,22.475,22.460,22.445,22.429,22.414,22.414,22.407,22.399,22.391,22.376,22.361,22.353,22.338,22.323,22.315,22.300,22.285,22.262,22.247,22.239,22.224,22.216,22.209,22.209,22.209,22.216,22.224,22.239,22.247,22.247,22.247,22.239,22.239,22.239,22.231,22.231,22.231,22.231,22.231,22.231,22.239,22.239,22.247,22.254,22.247,22.239,22.231,22.216,22.209,22.209,22.209,22.216,22.209,22.209,22.201,22.201,22.193,22.193,22.193,22.193,22.193,22.193,22.193,22.186,22.186,22.186,22.186,22.178,22.178,22.178,22.178,22.178,22.178,22.178,22.170,22.163,22.163,22.163,22.170,22.170,22.178,22.178,22.178,22.178,22.178,22.178,22.178,22.170,22.170,22.170,22.170,22.170,22.178,22.186,22.193,22.209,22.216,22.216,22.216,22.224,22.224,22.224,22.224,22.231,22.247,22.254,22.270,22.292,22.315,22.346,22.369,22.391,22.422,22.445,22.460,22.483,22.506,22.528,22.536,22.551,22.566,22.574,22.582,22.589,22.597,22.612,22.620,22.627,22.635,22.635,22.627,22.620,22.620,22.635,22.650,22.665,22.673,22.673,22.665,22.673,22.680,22.696,22.711,22.726,22.741,22.749,22.749,22.741,22.733,22.703,22.696,22.696,22.711,22.703,22.665,22.612,22.574,22.566,22.574,22.589,22.597,22.582,22.589,22.597,22.589,22.521,22.559,22.650,22.794,22.961,23.203,23.474,23.760,24.068,24.345,24.613,24.873,25.074,25.185,25.289,25.385,25.407,25.326,25.207,25.067,24.881,24.665,24.419,24.120,23.753,23.429,23.142,22.900,22.726,22.582,22.468,22.407,22.384,22.369,22.353,22.338,22.323,22.315,22.315,22.323,22.330,22.338,22.338,22.338,22.338,22.330,22.315,22.300,22.292,22.277,22.262,22.239,22.216,22.186,22.163,22.155,22.163,22.186,22.201,22.216,22.216,22.216,22.209,22.209,22.209,22.201,22.201,22.201,22.193,22.193,22.193,22.193,22.201,22.209,22.216,22.224,22.224,22.224,22.216,22.216,22.209,22.209,22.209,22.209,22.201,22.201,22.201,22.209,22.216,22.231,22.239,22.254,22.262,22.270,22.285,22.300,22.315,22.330,22.346,22.369,22.384,22.391,22.407,22.429,22.452,22.468,22.483,22.506,22.528,22.551,22.566,22.574,22.559,22.536,22.521,22.513,22.551,22.589,22.620,22.635,22.627,22.597,22.574,22.551,22.536,22.536,22.528,22.521,22.513,22.513,22.506,22.506,22.490,22.490,22.475,22.468,22.452,22.437,22.422,22.399,22.384,22.361,22.338,22.315,22.292,22.270,22.254,22.231,22.201,22.178,22.163,22.140,22.125,22.117,22.109,22.117,22.117,22.117,22.132,22.147,22.163,22.178,22.201,22.239,22.270,22.300,22.330,22.361,22.384,22.399,22.414,22.437,22.468,22.490,22.513,22.544,22.574,22.597,22.627,22.658,22.680,22.703,22.718,22.741,22.764,22.779,22.794,22.817,22.862,22.900,22.923,22.946,22.953,22.953
,23.474,23.467,23.467,23.467,23.459,23.444,23.444,23.429,23.414,23.399,23.392,23.376,23.361,23.346,23.324,23.309,23.286,23.256,23.218,23.188,23.165,23.142,23.135,23.142,23.142,23.135,23.127,23.112,23.089,23.074,23.052,23.037,23.014,22.999,22.991,22.984,22.984,22.968,22.946,22.923,22.900,22.870,22.847,22.832,22.817,22.794,22.764,22.749,22.726,22.696,22.665,22.642,22.620,22.597,22.582,22.574,22.574,22.559,22.536,22.513,22.498,22.483,22.483,22.490,22.490,22.490,22.490,22.483,22.475,22.468,22.468,22.460,22.460,22.445,22.437,22.422,22.414,22.399,22.384,22.376,22.369,22.361,22.353,22.346,22.338,22.323,22.308,22.300,22.285,22.262,22.247,22.239,22.239,22.239,22.239,22.239,22.247,22.262,22.270,22.270,22.285,22.300,22.323,22.338,22.353,22.369,22.376,22.391,22.399,22.414,22.414,22.422,22.429,22.445,22.460,22.483,22.490,22.506,22.506,22.498,22.483,22.468,22.460,22.445,22.429,22.422,22.414,22.414,22.407,22.391,22.376,22.361,22.346,22.330,22.323,22.308,22.300,22.285,22.270,22.254,22.239,22.224,22.216,22.209,22.209,22.209,22.209,22.224,22.231,22.247,22.247,22.247,22.239,22.239,22.239,22.231,22.231,22.231,22.231,22.231,22.231,22.239,22.239,22.247,22.254,22.247,22.239,22.224,22.216,22.209,22.209,22.209,22.216,22.216,22.209,22.201,22.193,22.193,22.193,22.193,22.193,22.193,22.193,22.193,22.186,22.186,22.186,22.186,22.178,22.178,22.178,22.178,22.186,22.186,22.186,22.178,22.170,22.170,22.170,22.170,22.178,22.178,22.186,22.186,22.193,22.193,22.193,22.193,22.186,22.186,22.178,22.178,22.178,22.186,22.209,22.216,22.231,22.239,22.247,22.247,22.247,22.247,22.239,22.239,22.247,22.254,22.277,22.300,22.323,22.353,22.376,22.399,22.414,22.437,22.460,22.483,22.498,22.521,22.536,22.544,22.551,22.566,22.574,22.582,22.589,22.604,22.612,22.627,22.635,22.635,22.635,22.627,22.620,22.620,22.635,22.650,22.665,22.673,22.673,22.665,22.665,22.673,22.680,22.696,22.711,22.726,22.741,22.749,22.749,22.733,22.688,22.696,22.711,22.711,22.665,22.620,22.589,22.566,22.589,22.597,22.582,22.559,22.574,22.604,22.574,22.506,22.521,22.650,22.794,22.953,23.195,23.489,23.798,24.105,24.382,24.635,24.896,25.126,25.222,25.326,25.429,25.496,25.385,25.296,25.178,25.015,24.747,24.516,24.262,23.955,23.572,23.263,22.984,22.756,22.627,22.513,22.422,22.361,22.361,22.361,22.353,22.338,22.330,22.323,22.315,22.315,22.323,22.330,22.338,22.338,22.330,22.323,22.308,22.292,22.270,22.254,22.239,22.224,22.193,22.170,22.155,22.147,22.155,22.178,22.193,22.209,22.216,22.216,22.209,22.209,22.201,22.201,22.193,22.193,22.186,22.186,22.186,22.193,22.193,22.209,22.216,22.224,22.224,22.224,22.216,22.209,22.209,22.209,22.201,22.201,22.193,22.193,22.193,22.201,22.201,22.216,22.224,22.231,22.247,22.254,22.270,22.285,22.300,22.308,22.330,22.346,22.361,22.369,22.384,22.407,22.429,22.445,22.460,22.483,22.506,22.536,22.551,22.559,22.536,22.513,22.490,22.490,22.528,22.574,22.612,22.635,22.627,22.597,22.574,22.544,22.536,22.528,22.513,22.506,22.498,22.498,22.490,22.490,22.483,22.483,22.475,22.460,22.452,22.429,22.414,22.391,22.376,22.353,22.330,22.308,22.285,22.270,22.254,22.231,22.193,22.178,22.155,22.132,22.117,22.109,22.109,22.109,22.109,22.117,22.132,22.147,22.163,22.178,22.201,22.231,22.270,22.300,22.330,22.361,22.384,22.399,22.407,22.429,22.452,22.468,22.490,22.528,22.559,22.589,22.627,22.658,22.688,22.703,22.718,22.741,22.764,22.779,22.794,22.817,22.855,22.893,22.915,22.931,22.938,22.938
,23.467,23.467,23.467,23.459,23.452,23.444,23.437,23.422,23.414,23.392,23.376,23.369,23.346,23.324,23.309,23.301,23.278,23.256,23.218,23.195,23.173,23.150,23.142,23.142,23.135,23.127,23.120,23.105,23.089,23.074,23.052,23.029,23.006,22.991,22.984,22.984,22.984,22.968,22.938,22.915,22.893,22.862,22.847,22.832,22.817,22.802,22.771,22.749,22.726,22.696,22.658,22.635,22.612,22.582,22.566,22.566,22.559,22.544,22.521,22.506,22.490,22.475,22.475,22.483,22.490,22.490,22.490,22.483,22.483,22.468,22.468,22.460,22.452,22.437,22.429,22.414,22.407,22.391,22.384,22.376,22.369,22.361,22.361,22.353,22.353,22.338,22.323,22.308,22.292,22.277,22.262,22.254,22.247,22.239,22.239,22.247,22.254,22.270,22.277,22.285,22.300,22.323,22.338,22.346,22.361,22.376,22.391,22.391,22.399,22.414,22.422,22.422,22.429,22.445,22.468,22.483,22.498,22.506,22.506,22.490,22.483,22.468,22.460,22.445,22.437,22.422,22.422,22.414,22.407,22.391,22.376,22.361,22.346,22.323,22.315,22.308,22.300,22.285,22.270,22.254,22.239,22.224,22.216,22.209,22.209,22.209,22.209,22.224,22.231,22.247,22.247,22.247,22.239,22.239,22.239,22.231,22.231,22.231,22.231,22.231,22.231,22.239,22.239,22.247,22.254,22.247,22.247,22.231,22.224,22.216,22.216,22.216,22.216,22.216,22.216,22.209,22.201,22.193,22.193,22.193,22.193,22.193,22.193,22.193,22.186,22.186,22.186,22.186,22.178,22.178,22.178,22.178,22.186,22.186,22.186,22.178,22.178,22.170,22.178,22.178,22.186,22.186,22.193,22.193,22.201,22.201,22.201,22.201,22.201,22.201,22.201,22.201,22.201,22.209,22.224,22.231,22.247,22.254,22.262,22.262,22.262,22.262,22.262,22.262,22.270,22.277,22.300,22.323,22.346,22.369,22.391,22.407,22.422,22.445,22.468,22.483,22.506,22.528,22.536,22.544,22.551,22.566,22.582,22.589,22.597,22.612,22.620,22.627,22.635,22.635,22.635,22.627,22.627,22.627,22.635,22.650,22.658,22.673,22.673,22.673,22.680,22.688,22.688,22.696,22.696,22.711,22.733,22.764,22.749,22.711,22.711,22.718,22.703,22.665,22.627,22.589,22.582,22.597,22.604,22.574,22.559,22.574,22.620,22.551,22.506,22.528,22.673,22.802,22.984,23.218,23.520,23.858,24.173,24.442,24.680,24.940,25.133,25.244,25.355,25.466,25.496,25.429,25.363,25.267,25.096,24.844,24.613,24.374,24.098,23.768,23.399,23.112,22.885,22.696,22.544,22.452,22.399,22.376,22.369,22.361,22.353,22.338,22.330,22.323,22.315,22.308,22.292,22.300,22.308,22.315,22.308,22.300,22.285,22.270,22.254,22.247,22.231,22.216,22.193,22.178,22.163,22.155,22.155,22.170,22.186,22.201,22.209,22.201,22.201,22.201,22.193,22.186,22.186,22.186,22.178,22.178,22.178,22.186,22.193,22.201,22.209,22.224,22.224,22.224,22.216,22.209,22.209,22.209,22.209,22.201,22.201,22.193,22.193,22.193,22.201,22.201,22.216,22.224,22.231,22.239,22.254,22.270,22.285,22.292,22.308,22.330,22.346,22.353,22.361,22.384,22.407,22.422,22.437,22.460,22.483,22.513,22.528,22.536,22.521,22.490,22.475,22.475,22.513,22.566,22.612,22.627,22.627,22.597,22.574,22.544,22.528,22.513,22.506,22.490,22.483,22.483,22.475,22.475,22.475,22.468,22.460,22.452,22.437,22.422,22.407,22.384,22.369,22.353,22.330,22.300,22.277,22.262,22.247,22.224,22.193,22.170,22.147,22.132,22.117,22.109,22.109,22.109,22.109,22.109,22.125,22.147,22.163,22.178,22.201,22.231,22.270,22.300,22.330,22.361,22.376,22.384,22.399,22.414,22.437,22.460,22.483,22.513,22.551,22.582,22.612,22.650,22.680,22.696,22.718,22.749,22.764,22.771,22.787,22.809,22.840,22.870,22.893,22.908,22.915,22.915
,23.459,23.459,23.459,23.452,23.444,23.437,23.429,23.422,23.407,23.384,23.369,23.354,23.331,23.316,23.301,23.286,23.271,23.248,23.226,23.203,23.180,23.165,23.150,23.135,23.127,23.120,23.112,23.105,23.097,23.082,23.059,23.029,22.999,22.976,22.968,22.976,22.976,22.961,22.938,22.908,22.878,22.855,22.840,22.832,22.817,22.802,22.771,22.749,22.726,22.696,22.658,22.635,22.604,22.574,22.559,22.551,22.551,22.536,22.513,22.498,22.475,22.468,22.468,22.475,22.483,22.490,22.490,22.490,22.483,22.475,22.468,22.460,22.452,22.437,22.422,22.414,22.407,22.391,22.384,22.376,22.369,22.361,22.361,22.361,22.353,22.346,22.330,22.323,22.308,22.285,22.270,22.262,22.254,22.247,22.247,22.254,22.262,22.270,22.285,22.300,22.315,22.330,22.346,22.353,22.369,22.376,22.391,22.399,22.407,22.414,22.422,22.429,22.437,22.452,22.468,22.483,22.490,22.498,22.498,22.490,22.483,22.468,22.460,22.452,22.437,22.422,22.422,22.414,22.407,22.391,22.376,22.361,22.346,22.323,22.308,22.300,22.292,22.285,22.262,22.247,22.239,22.224,22.216,22.209,22.209,22.209,22.216,22.224,22.239,22.247,22.247,22.239,22.239,22.231,22.231,22.231,22.231,22.231,22.231,22.231,22.239,22.239,22.247,22.254,22.254,22.254,22.254,22.247,22.231,22.231,22.231,22.231,22.231,22.231,22.224,22.216,22.209,22.201,22.201,22.209,22.209,22.209,22.201,22.201,22.193,22.186,22.186,22.186,22.186,22.186,22.186,22.186,22.186,22.186,22.186,22.186,22.178,22.178,22.186,22.193,22.193,22.201,22.201,22.201,22.201,22.209,22.209,22.209,22.209,22.216,22.216,22.216,22.224,22.231,22.239,22.247,22.254,22.262,22.262,22.270,22.277,22.277,22.285,22.285,22.292,22.300,22.315,22.330,22.353,22.376,22.391,22.407,22.422,22.437,22.460,22.475,22.498,22.521,22.536,22.544,22.551,22.559,22.582,22.589,22.597,22.612,22.620,22.620,22.620,22.620,22.627,22.627,22.635,22.635,22.635,22.642,22.650,22.658,22.673,22.680,22.696,22.703,22.696,22.680,22.673,22.688,22.749,22.764,22.756,22.741,22.726,22.696,22.665,22.635,22.604,22.604,22.604,22.604,22.574,22.582,22.597,22.604,22.559,22.544,22.589,22.703,22.847,23.037,23.278,23.587,23.910,24.225,24.494,24.740,24.977,25.141,25.267,25.363,25.481,25.496,25.451,25.385,25.326,25.155,24.940,24.695,24.449,24.188,23.895,23.587,23.248,22.984,22.779,22.635,22.498,22.414,22.384,22.376,22.369,22.361,22.346,22.338,22.330,22.330,22.315,22.292,22.270,22.270,22.277,22.285,22.285,22.277,22.262,22.247,22.239,22.239,22.231,22.224,22.209,22.193,22.178,22.163,22.170,22.170,22.178,22.186,22.186,22.186,22.186,22.186,22.178,22.170,22.170,22.170,22.170,22.170,22.178,22.186,22.193,22.201,22.209,22.216,22.216,22.224,22.216,22.216,22.224,22.224,22.216,22.216,22.209,22.201,22.201,22.193,22.193,22.201,22.201,22.209,22.216,22.231,22.239,22.262,22.277,22.285,22.300,22.323,22.330,22.338,22.346,22.369,22.384,22.407,22.422,22.445,22.475,22.498,22.513,22.528,22.513,22.483,22.460,22.460,22.506,22.559,22.604,22.627,22.627,22.597,22.566,22.544,22.521,22.506,22.490,22.475,22.468,22.468,22.468,22.468,22.460,22.460,22.452,22.445,22.429,22.422,22.407,22.384,22.361,22.346,22.323,22.292,22.270,22.262,22.239,22.216,22.193,22.170,22.147,22.132,22.117,22.109,22.109,22.109,22.109,22.109,22.125,22.147,22.163,22.186,22.209,22.239,22.270,22.292,22.323,22.353,22.369,22.384,22.391,22.407,22.429,22.445,22.468,22.506,22.536,22.574,22.612,22.650,22.680,22.696,22.718,22.749,22.764,22.771,22.779,22.802,22.832,22.855,22.870,22.885,22.885,22.885
,23.459,23.452,23.452,23.452,23.444,23.437,23.422,23.414,23.399,23.384,23.361,23.339,23.324,23.301,23.286,23.278,23.263,23.248,23.233,23.210,23.195,23.180,23.158,23.142,23.120,23.112,23.105,23.105,23.105,23.082,23.059,23.029,22.991,22.968,22.961,22.968,22.976,22.961,22.931,22.900,22.870,22.847,22.832,22.824,22.817,22.802,22.771,22.749,22.726,22.688,22.658,22.627,22.597,22.559,22.544,22.544,22.544,22.528,22.506,22.483,22.468,22.460,22.460,22.468,22.483,22.490,22.490,22.490,22.483,22.475,22.468,22.460,22.445,22.429,22.422,22.414,22.407,22.391,22.384,22.376,22.369,22.361,22.361,22.361,22.353,22.346,22.338,22.330,22.315,22.300,22.285,22.270,22.254,22.247,22.247,22.254,22.270,22.285,22.300,22.315,22.323,22.346,22.353,22.369,22.376,22.384,22.399,22.399,22.407,22.414,22.429,22.437,22.445,22.452,22.468,22.483,22.490,22.498,22.498,22.490,22.483,22.468,22.460,22.452,22.445,22.429,22.422,22.414,22.407,22.391,22.376,22.353,22.338,22.323,22.308,22.300,22.292,22.277,22.262,22.247,22.231,22.224,22.209,22.209,22.209,22.216,22.216,22.231,22.239,22.247,22.247,22.239,22.231,22.224,22.224,22.224,22.224,22.224,22.224,22.231,22.239,22.247,22.247,22.254,22.262,22.262,22.262,22.247,22.239,22.239,22.239,22.239,22.239,22.239,22.231,22.216,22.209,22.209,22.209,22.209,22.216,22.209,22.201,22.193,22.186,22.186,22.178,22.186,22.186,22.186,22.178,22.178,22.178,22.178,22.178,22.178,22.178,22.186,22.186,22.193,22.201,22.209,22.209,22.209,22.209,22.209,22.209,22.216,22.216,22.224,22.231,22.239,22.239,22.247,22.254,22.254,22.254,22.262,22.270,22.277,22.285,22.292,22.300,22.308,22.315,22.323,22.330,22.346,22.361,22.376,22.391,22.407,22.414,22.437,22.452,22.468,22.483,22.506,22.521,22.528,22.544,22.559,22.574,22.589,22.597,22.604,22.612,22.612,22.612,22.612,22.620,22.627,22.635,22.635,22.635,22.635,22.635,22.642,22.658,22.688,22.703,22.711,22.688,22.665,22.658,22.673,22.733,22.756,22.756,22.741,22.703,22.665,22.635,22.620,22.612,22.612,22.604,22.582,22.582,22.604,22.612,22.582,22.551,22.627,22.741,22.893,23.067,23.331,23.640,23.963,24.277,24.546,24.792,25.015,25.193,25.289,25.378,25.466,25.518,25.474,25.407,25.333,25.200,24.992,24.762,24.516,24.225,23.955,23.670,23.376,23.089,22.862,22.680,22.551,22.460,22.399,22.376,22.376,22.369,22.353,22.338,22.330,22.330,22.323,22.308,22.277,22.239,22.239,22.247,22.262,22.254,22.247,22.247,22.239,22.231,22.231,22.231,22.231,22.216,22.201,22.193,22.178,22.178,22.170,22.170,22.170,22.170,22.170,22.170,22.170,22.163,22.163,22.163,22.163,22.163,22.170,22.178,22.178,22.186,22.193,22.193,22.209,22.209,22.216,22.216,22.216,22.224,22.224,22.224,22.216,22.216,22.209,22.201,22.193,22.193,22.193,22.193,22.201,22.201,22.216,22.224,22.239,22.262,22.270,22.285,22.300,22.315,22.315,22.330,22.346,22.361,22.384,22.399,22.422,22.452,22.475,22.498,22.513,22.498,22.468,22.445,22.452,22.490,22.551,22.597,22.620,22.620,22.589,22.559,22.528,22.513,22.498,22.483,22.468,22.460,22.460,22.460,22.460,22.452,22.452,22.445,22.437,22.422,22.414,22.399,22.376,22.361,22.338,22.315,22.292,22.270,22.254,22.239,22.216,22.186,22.170,22.147,22.132,22.117,22.109,22.109,22.109,22.109,22.109,22.125,22.147,22.163,22.186,22.209,22.239,22.270,22.292,22.315,22.338,22.361,22.369,22.384,22.399,22.422,22.437,22.460,22.498,22.528,22.559,22.597,22.635,22.673,22.688,22.711,22.741,22.756,22.764,22.779,22.787,22.817,22.840,22.855,22.862,22.862,22.862
,23.459,23.459,23.452,23.452,23.444,23.429,23.422,23.407,23.392,23.376,23.354,23.339,23.316,23.293,23.278,23.271,23.256,23.241,23.233,23.218,23.210,23.188,23.165,23.142,23.120,23.105,23.105,23.105,23.105,23.089,23.059,23.029,22.991,22.961,22.961,22.968,22.968,22.961,22.931,22.900,22.862,22.832,22.824,22.817,22.809,22.794,22.764,22.741,22.718,22.688,22.642,22.612,22.582,22.551,22.536,22.536,22.536,22.521,22.498,22.475,22.460,22.445,22.452,22.468,22.475,22.483,22.483,22.483,22.475,22.468,22.460,22.452,22.445,22.429,22.422,22.407,22.399,22.391,22.384,22.376,22.369,22.361,22.361,22.361,22.353,22.346,22.346,22.330,22.323,22.308,22.292,22.277,22.262,22.262,22.262,22.262,22.277,22.292,22.308,22.323,22.338,22.353,22.369,22.376,22.391,22.399,22.407,22.407,22.407,22.422,22.429,22.437,22.452,22.460,22.475,22.483,22.490,22.498,22.498,22.490,22.483,22.468,22.460,22.452,22.445,22.429,22.422,22.414,22.399,22.384,22.369,22.353,22.338,22.315,22.308,22.300,22.292,22.277,22.254,22.239,22.231,22.216,22.209,22.209,22.209,22.216,22.216,22.231,22.239,22.247,22.247,22.239,22.231,22.224,22.224,22.216,22.216,22.224,22.224,22.231,22.239,22.247,22.247,22.254,22.254,22.254,22.254,22.247,22.239,22.231,22.239,22.239,22.239,22.239,22.231,22.216,22.209,22.201,22.201,22.209,22.209,22.209,22.193,22.186,22.178,22.170,22.170,22.170,22.170,22.178,22.170,22.170,22.170,22.170,22.170,22.170,22.178,22.186,22.186,22.201,22.209,22.209,22.209,22.209,22.209,22.209,22.216,22.216,22.231,22.239,22.247,22.254,22.262,22.270,22.270,22.270,22.270,22.270,22.277,22.285,22.300,22.308,22.323,22.323,22.330,22.338,22.353,22.361,22.369,22.384,22.391,22.399,22.414,22.429,22.445,22.460,22.483,22.498,22.513,22.521,22.536,22.551,22.566,22.582,22.597,22.597,22.604,22.604,22.597,22.597,22.604,22.620,22.627,22.627,22.627,22.620,22.620,22.627,22.650,22.680,22.703,22.711,22.680,22.658,22.650,22.658,22.696,22.733,22.726,22.680,22.658,22.627,22.612,22.620,22.635,22.604,22.574,22.559,22.620,22.627,22.589,22.544,22.635,22.787,22.938,23.082,23.354,23.693,24.023,24.330,24.591,24.829,25.059,25.252,25.318,25.392,25.474,25.533,25.466,25.422,25.355,25.237,25.000,24.784,24.561,24.292,23.955,23.693,23.429,23.158,22.923,22.749,22.597,22.475,22.422,22.391,22.376,22.369,22.361,22.346,22.338,22.330,22.330,22.323,22.300,22.270,22.216,22.216,22.224,22.231,22.231,22.231,22.231,22.231,22.231,22.231,22.231,22.231,22.224,22.209,22.201,22.186,22.178,22.170,22.163,22.163,22.163,22.163,22.163,22.163,22.163,22.155,22.155,22.155,22.155,22.163,22.170,22.170,22.178,22.178,22.186,22.186,22.193,22.201,22.209,22.209,22.216,22.216,22.216,22.216,22.209,22.201,22.193,22.186,22.178,22.178,22.178,22.178,22.186,22.193,22.209,22.216,22.239,22.254,22.270,22.277,22.292,22.292,22.300,22.315,22.338,22.353,22.369,22.399,22.422,22.452,22.483,22.498,22.475,22.452,22.437,22.437,22.475,22.528,22.574,22.604,22.597,22.574,22.544,22.521,22.506,22.483,22.468,22.452,22.445,22.445,22.445,22.445,22.445,22.445,22.437,22.422,22.414,22.407,22.391,22.369,22.353,22.338,22.315,22.292,22.270,22.254,22.231,22.209,22.186,22.170,22.147,22.132,22.117,22.109,22.102,22.102,22.102,22.109,22.125,22.140,22.163,22.178,22.209,22.239,22.262,22.277,22.300,22.330,22.346,22.353,22.369,22.391,22.414,22.429,22.452,22.483,22.513,22.544,22.582,22.620,22.650,22.673,22.696,22.718,22.741,22.756,22.764,22.779,22.809,22.824,22.840,22.855,22.855,22.855
,23.459,23.459,23.459,23.452,23.444,23.429,23.422,23.407,23.392,23.369,23.346,23.331,23.316,23.293,23.271,23.256,23.248,23.233,23.226,23.218,23.218,23.203,23.180,23.150,23.127,23.105,23.105,23.105,23.105,23.089,23.059,23.021,22.991,22.961,22.961,22.976,22.976,22.968,22.931,22.893,22.855,22.824,22.809,22.802,22.794,22.771,22.749,22.733,22.711,22.680,22.642,22.604,22.574,22.544,22.528,22.528,22.521,22.513,22.490,22.468,22.452,22.445,22.445,22.460,22.468,22.475,22.475,22.468,22.460,22.460,22.460,22.452,22.445,22.429,22.422,22.414,22.407,22.391,22.391,22.376,22.369,22.361,22.361,22.361,22.353,22.353,22.346,22.338,22.330,22.315,22.300,22.285,22.277,22.270,22.270,22.277,22.292,22.308,22.323,22.338,22.346,22.369,22.384,22.391,22.399,22.407,22.414,22.414,22.422,22.429,22.437,22.452,22.460,22.475,22.483,22.490,22.490,22.498,22.498,22.490,22.483,22.475,22.468,22.468,22.452,22.437,22.429,22.414,22.399,22.384,22.369,22.353,22.338,22.323,22.308,22.300,22.285,22.270,22.247,22.231,22.216,22.209,22.209,22.209,22.209,22.216,22.224,22.231,22.239,22.247,22.247,22.239,22.231,22.224,22.224,22.216,22.216,22.216,22.224,22.231,22.239,22.247,22.247,22.247,22.247,22.247,22.247,22.239,22.224,22.224,22.224,22.224,22.231,22.231,22.216,22.209,22.201,22.193,22.193,22.193,22.193,22.186,22.170,22.163,22.163,22.155,22.147,22.155,22.155,22.155,22.163,22.163,22.163,22.163,22.170,22.170,22.170,22.178,22.186,22.193,22.201,22.209,22.209,22.209,22.209,22.216,22.216,22.231,22.239,22.247,22.254,22.262,22.270,22.270,22.277,22.277,22.277,22.277,22.292,22.300,22.308,22.323,22.330,22.338,22.346,22.353,22.361,22.369,22.376,22.391,22.391,22.399,22.414,22.429,22.445,22.460,22.483,22.498,22.513,22.521,22.536,22.551,22.566,22.582,22.589,22.597,22.597,22.589,22.589,22.589,22.597,22.604,22.612,22.620,22.620,22.620,22.620,22.627,22.650,22.673,22.688,22.688,22.665,22.650,22.650,22.673,22.726,22.696,22.635,22.574,22.589,22.597,22.620,22.635,22.597,22.559,22.566,22.620,22.612,22.559,22.566,22.665,22.817,22.953,23.127,23.369,23.745,24.068,24.359,24.621,24.859,25.096,25.267,25.363,25.407,25.496,25.518,25.466,25.429,25.378,25.222,24.985,24.799,24.576,24.292,23.963,23.670,23.407,23.173,22.968,22.771,22.620,22.521,22.452,22.391,22.376,22.369,22.361,22.346,22.338,22.330,22.330,22.330,22.315,22.300,22.277,22.209,22.193,22.201,22.209,22.224,22.224,22.231,22.231,22.231,22.231,22.224,22.224,22.216,22.201,22.193,22.178,22.170,22.170,22.163,22.163,22.163,22.163,22.163,22.163,22.163,22.163,22.155,22.155,22.155,22.155,22.155,22.155,22.163,22.163,22.163,22.170,22.178,22.186,22.186,22.193,22.193,22.193,22.193,22.193,22.186,22.178,22.178,22.170,22.163,22.163,22.163,22.163,22.170,22.178,22.186,22.201,22.216,22.224,22.239,22.254,22.262,22.270,22.277,22.292,22.308,22.323,22.346,22.369,22.399,22.437,22.460,22.475,22.460,22.437,22.414,22.414,22.460,22.513,22.551,22.582,22.574,22.551,22.521,22.506,22.483,22.468,22.452,22.445,22.437,22.437,22.445,22.445,22.445,22.437,22.429,22.414,22.407,22.399,22.384,22.361,22.346,22.330,22.315,22.292,22.270,22.254,22.231,22.209,22.178,22.163,22.147,22.125,22.109,22.102,22.102,22.102,22.102,22.102,22.117,22.140,22.155,22.178,22.193,22.216,22.247,22.270,22.285,22.308,22.330,22.338,22.353,22.376,22.399,22.422,22.445,22.468,22.498,22.528,22.559,22.597,22.620,22.650,22.673,22.696,22.718,22.733,22.749,22.771,22.809,22.832,22.847,22.855,22.855,22.855
,23.474,23.474,23.467,23.459,23.452,23.437,23.422,23.407,23.392,23.369,23.354,23.339,23.324,23.301,23.278,23.256,23.241,23.226,23.218,23.218,23.210,23.203,23.188,23.165,23.142,23.120,23.105,23.105,23.105,23.082,23.059,23.021,22.991,22.968,22.968,22.984,22.984,22.968,22.938,22.893,22.855,22.817,22.802,22.794,22.779,22.764,22.741,22.718,22.696,22.665,22.635,22.597,22.566,22.544,22.521,22.521,22.521,22.506,22.483,22.460,22.445,22.437,22.437,22.452,22.460,22.468,22.468,22.460,22.452,22.452,22.452,22.452,22.445,22.437,22.422,22.422,22.407,22.399,22.391,22.384,22.376,22.361,22.361,22.361,22.353,22.353,22.346,22.338,22.330,22.315,22.300,22.292,22.285,22.285,22.285,22.292,22.308,22.315,22.330,22.346,22.361,22.376,22.391,22.399,22.407,22.414,22.429,22.429,22.429,22.445,22.452,22.460,22.475,22.483,22.490,22.498,22.498,22.498,22.498,22.498,22.490,22.490,22.483,22.475,22.460,22.445,22.429,22.422,22.407,22.384,22.369,22.361,22.346,22.330,22.315,22.300,22.285,22.270,22.239,22.224,22.209,22.201,22.193,22.201,22.209,22.216,22.224,22.231,22.239,22.247,22.247,22.239,22.239,22.231,22.224,22.216,22.209,22.209,22.216,22.224,22.231,22.239,22.239,22.239,22.239,22.231,22.231,22.216,22.209,22.201,22.201,22.209,22.209,22.209,22.201,22.201,22.193,22.178,22.178,22.170,22.170,22.163,22.147,22.140,22.140,22.132,22.132,22.132,22.132,22.140,22.147,22.147,22.147,22.155,22.155,22.155,22.163,22.163,22.170,22.186,22.193,22.193,22.209,22.209,22.209,22.216,22.231,22.239,22.247,22.254,22.262,22.262,22.270,22.277,22.277,22.277,22.285,22.285,22.300,22.308,22.315,22.330,22.330,22.338,22.346,22.353,22.361,22.369,22.376,22.384,22.391,22.399,22.414,22.429,22.445,22.460,22.475,22.498,22.513,22.528,22.536,22.551,22.566,22.574,22.582,22.582,22.589,22.582,22.582,22.582,22.582,22.589,22.597,22.604,22.612,22.612,22.620,22.627,22.650,22.665,22.665,22.658,22.642,22.642,22.680,22.741,22.696,22.612,22.559,22.551,22.566,22.604,22.620,22.604,22.566,22.574,22.589,22.589,22.551,22.582,22.673,22.817,22.968,23.158,23.422,23.753,24.098,24.397,24.650,24.881,25.118,25.289,25.400,25.451,25.518,25.511,25.474,25.429,25.385,25.222,25.007,24.769,24.561,24.277,23.963,23.655,23.369,23.142,22.953,22.794,22.627,22.536,22.468,22.429,22.384,22.369,22.361,22.353,22.346,22.330,22.330,22.323,22.315,22.300,22.277,22.247,22.201,22.186,22.193,22.201,22.216,22.231,22.239,22.247,22.247,22.239,22.224,22.216,22.201,22.193,22.186,22.170,22.170,22.170,22.163,22.163,22.170,22.170,22.178,22.178,22.178,22.170,22.163,22.147,22.147,22.140,22.140,22.140,22.147,22.147,22.147,22.155,22.163,22.163,22.163,22.170,22.170,22.170,22.163,22.163,22.155,22.155,22.155,22.155,22.147,22.147,22.147,22.147,22.155,22.163,22.170,22.186,22.193,22.209,22.224,22.231,22.239,22.247,22.254,22.262,22.285,22.300,22.323,22.346,22.384,22.414,22.445,22.460,22.452,22.422,22.399,22.399,22.445,22.490,22.536,22.559,22.551,22.528,22.506,22.483,22.468,22.452,22.445,22.437,22.429,22.437,22.445,22.437,22.437,22.429,22.422,22.414,22.399,22.391,22.376,22.361,22.338,22.330,22.315,22.292,22.270,22.254,22.231,22.209,22.178,22.163,22.140,22.125,22.109,22.102,22.102,22.102,22.102,22.102,22.117,22.132,22.147,22.163,22.186,22.209,22.231,22.254,22.270,22.300,22.315,22.330,22.346,22.369,22.391,22.414,22.437,22.468,22.490,22.513,22.544,22.574,22.597,22.612,22.642,22.673,22.703,22.718,22.741,22.771,22.809,22.832,22.862,22.878,22.885,22.885
,23.482,23.474,23.474,23.467,23.452,23.437,23.422,23.407,23.392,23.369,23.354,23.339,23.324,23.301,23.278,23.256,23.233,23.218,23.210,23.210,23.210,23.203,23.188,23.173,23.150,23.127,23.112,23.112,23.097,23.082,23.052,23.021,22.999,22.976,22.976,22.991,22.991,22.976,22.938,22.893,22.847,22.809,22.787,22.779,22.764,22.749,22.726,22.711,22.688,22.658,22.627,22.589,22.559,22.528,22.513,22.521,22.521,22.506,22.483,22.460,22.445,22.429,22.429,22.445,22.452,22.460,22.452,22.445,22.445,22.445,22.445,22.445,22.445,22.437,22.429,22.422,22.414,22.399,22.391,22.384,22.376,22.361,22.353,22.353,22.353,22.346,22.338,22.338,22.330,22.315,22.308,22.300,22.300,22.300,22.308,22.308,22.315,22.330,22.346,22.353,22.369,22.376,22.391,22.399,22.414,22.422,22.429,22.437,22.445,22.452,22.468,22.475,22.475,22.490,22.490,22.498,22.506,22.506,22.506,22.506,22.498,22.490,22.490,22.475,22.468,22.452,22.437,22.422,22.407,22.384,22.369,22.361,22.353,22.338,22.315,22.300,22.285,22.270,22.239,22.216,22.201,22.193,22.186,22.193,22.209,22.216,22.224,22.231,22.239,22.247,22.247,22.239,22.239,22.231,22.224,22.216,22.209,22.201,22.209,22.216,22.224,22.224,22.224,22.224,22.224,22.216,22.209,22.201,22.186,22.178,22.178,22.186,22.186,22.193,22.186,22.178,22.170,22.163,22.163,22.155,22.147,22.140,22.132,22.125,22.117,22.117,22.109,22.109,22.117,22.125,22.125,22.132,22.140,22.147,22.147,22.147,22.155,22.155,22.163,22.170,22.178,22.186,22.201,22.209,22.216,22.224,22.239,22.247,22.247,22.254,22.262,22.270,22.270,22.277,22.285,22.285,22.285,22.292,22.308,22.315,22.323,22.330,22.338,22.338,22.346,22.353,22.353,22.361,22.369,22.384,22.391,22.399,22.414,22.429,22.445,22.460,22.475,22.498,22.513,22.528,22.536,22.551,22.566,22.566,22.566,22.574,22.582,22.582,22.582,22.574,22.574,22.582,22.582,22.589,22.597,22.604,22.612,22.627,22.635,22.642,22.642,22.627,22.604,22.612,22.658,22.711,22.635,22.566,22.536,22.551,22.589,22.620,22.612,22.574,22.566,22.582,22.566,22.544,22.566,22.680,22.832,22.991,23.180,23.459,23.783,24.135,24.434,24.695,24.926,25.133,25.333,25.429,25.496,25.540,25.555,25.496,25.437,25.378,25.259,25.029,24.784,24.546,24.285,23.970,23.663,23.376,23.120,22.931,22.779,22.642,22.536,22.483,22.437,22.399,22.384,22.369,22.353,22.338,22.338,22.330,22.330,22.323,22.308,22.300,22.270,22.224,22.193,22.186,22.186,22.201,22.216,22.231,22.247,22.254,22.254,22.239,22.224,22.209,22.193,22.186,22.170,22.163,22.163,22.163,22.163,22.170,22.170,22.178,22.186,22.186,22.186,22.170,22.163,22.147,22.140,22.132,22.132,22.125,22.125,22.125,22.132,22.132,22.140,22.140,22.140,22.147,22.147,22.140,22.132,22.132,22.132,22.132,22.132,22.132,22.132,22.132,22.140,22.140,22.140,22.147,22.155,22.170,22.178,22.186,22.201,22.209,22.216,22.224,22.231,22.239,22.262,22.277,22.292,22.323,22.361,22.399,22.429,22.445,22.437,22.407,22.384,22.384,22.429,22.475,22.513,22.536,22.528,22.506,22.475,22.452,22.445,22.437,22.429,22.429,22.422,22.429,22.437,22.437,22.429,22.429,22.414,22.407,22.391,22.384,22.369,22.353,22.338,22.330,22.315,22.292,22.270,22.254,22.231,22.209,22.178,22.163,22.140,22.125,22.109,22.102,22.102,22.102,22.102,22.102,22.109,22.125,22.140,22.155,22.170,22.193,22.216,22.231,22.254,22.285,22.300,22.315,22.330,22.353,22.384,22.407,22.429,22.460,22.483,22.506,22.521,22.544,22.566,22.589,22.620,22.658,22.696,22.718,22.733,22.764,22.802,22.832,22.870,22.900,22.915,22.915
,23.482,23.474,23.467,23.467,23.452,23.437,23.422,23.407,23.392,23.369,23.354,23.339,23.324,23.309,23.278,23.256,23.241,23.218,23.210,23.210,23.210,23.203,23.188,23.173,23.158,23.135,23.120,23.112,23.097,23.082,23.044,23.021,22.999,22.976,22.976,22.991,22.991,22.968,22.931,22.885,22.847,22.809,22.779,22.771,22.756,22.733,22.711,22.696,22.680,22.650,22.612,22.582,22.544,22.521,22.513,22.513,22.513,22.506,22.483,22.460,22.437,22.429,22.429,22.437,22.445,22.445,22.437,22.437,22.429,22.429,22.429,22.437,22.445,22.437,22.437,22.429,22.414,22.399,22.391,22.384,22.376,22.361,22.353,22.353,22.346,22.338,22.338,22.330,22.323,22.315,22.315,22.315,22.315,22.315,22.323,22.330,22.338,22.346,22.353,22.361,22.369,22.384,22.391,22.407,22.414,22.429,22.429,22.437,22.445,22.460,22.468,22.475,22.483,22.483,22.490,22.498,22.498,22.498,22.498,22.498,22.498,22.490,22.483,22.483,22.468,22.452,22.437,22.414,22.399,22.384,22.369,22.361,22.353,22.338,22.315,22.300,22.277,22.262,22.231,22.216,22.201,22.186,22.186,22.193,22.201,22.209,22.216,22.231,22.239,22.239,22.239,22.239,22.231,22.224,22.216,22.209,22.201,22.193,22.193,22.201,22.209,22.209,22.209,22.209,22.209,22.201,22.186,22.178,22.163,22.155,22.155,22.163,22.163,22.170,22.163,22.163,22.155,22.147,22.140,22.132,22.125,22.117,22.117,22.109,22.102,22.102,22.102,22.094,22.102,22.102,22.109,22.125,22.132,22.140,22.140,22.140,22.147,22.155,22.155,22.163,22.170,22.186,22.193,22.209,22.216,22.231,22.239,22.247,22.254,22.262,22.262,22.270,22.270,22.285,22.285,22.292,22.292,22.308,22.308,22.323,22.330,22.338,22.346,22.346,22.346,22.353,22.361,22.361,22.369,22.384,22.391,22.399,22.414,22.429,22.445,22.460,22.475,22.498,22.513,22.528,22.536,22.551,22.559,22.559,22.559,22.559,22.566,22.574,22.574,22.574,22.574,22.574,22.574,22.574,22.582,22.589,22.597,22.604,22.612,22.612,22.604,22.589,22.559,22.574,22.582,22.589,22.566,22.566,22.566,22.574,22.627,22.612,22.582,22.566,22.597,22.551,22.521,22.544,22.696,22.855,23.021,23.203,23.482,23.843,24.180,24.479,24.740,24.963,25.170,25.363,25.481,25.525,25.562,25.599,25.525,25.466,25.407,25.296,25.052,24.814,24.568,24.307,23.978,23.685,23.399,23.135,22.931,22.779,22.642,22.536,22.490,22.445,22.407,22.376,22.369,22.353,22.338,22.323,22.330,22.330,22.330,22.323,22.308,22.300,22.270,22.224,22.201,22.193,22.193,22.201,22.216,22.231,22.247,22.254,22.247,22.231,22.216,22.193,22.186,22.170,22.163,22.155,22.147,22.155,22.163,22.163,22.170,22.178,22.186,22.186,22.178,22.170,22.163,22.147,22.140,22.125,22.117,22.109,22.109,22.109,22.109,22.109,22.117,22.117,22.125,22.125,22.117,22.117,22.109,22.102,22.102,22.109,22.109,22.109,22.117,22.117,22.125,22.125,22.125,22.132,22.140,22.147,22.155,22.163,22.178,22.186,22.193,22.201,22.209,22.216,22.239,22.247,22.270,22.292,22.330,22.376,22.407,22.422,22.414,22.391,22.376,22.369,22.407,22.452,22.490,22.513,22.498,22.475,22.452,22.429,22.422,22.422,22.414,22.414,22.414,22.422,22.429,22.429,22.422,22.422,22.407,22.399,22.384,22.376,22.361,22.346,22.338,22.323,22.308,22.292,22.270,22.254,22.231,22.209,22.178,22.163,22.140,22.125,22.109,22.102,22.102,22.102,22.102,22.102,22.109,22.125,22.132,22.140,22.155,22.178,22.193,22.216,22.239,22.270,22.285,22.300,22.323,22.346,22.376,22.399,22.422,22.452,22.475,22.490,22.506,22.528,22.544,22.566,22.604,22.650,22.696,22.718,22.733,22.749,22.794,22.824,22.870,22.915,22.946,22.953
,23.467,23.467,23.459,23.452,23.444,23.429,23.422,23.407,23.392,23.369,23.354,23.339,23.324,23.301,23.278,23.263,23.248,23.226,23.218,23.210,23.203,23.188,23.173,23.165,23.150,23.127,23.112,23.105,23.097,23.074,23.044,23.014,22.991,22.976,22.968,22.976,22.976,22.961,22.923,22.885,22.847,22.809,22.787,22.771,22.756,22.733,22.711,22.696,22.673,22.642,22.604,22.574,22.536,22.513,22.498,22.506,22.506,22.498,22.475,22.460,22.437,22.429,22.429,22.429,22.437,22.437,22.429,22.422,22.422,22.422,22.429,22.437,22.445,22.437,22.437,22.429,22.422,22.407,22.399,22.384,22.376,22.361,22.353,22.353,22.346,22.338,22.338,22.330,22.323,22.315,22.315,22.323,22.330,22.330,22.338,22.346,22.353,22.353,22.361,22.369,22.376,22.384,22.391,22.399,22.407,22.422,22.429,22.429,22.437,22.445,22.460,22.460,22.468,22.475,22.483,22.483,22.483,22.490,22.490,22.490,22.483,22.483,22.475,22.468,22.452,22.437,22.422,22.407,22.391,22.369,22.353,22.346,22.338,22.323,22.308,22.292,22.277,22.254,22.224,22.209,22.193,22.186,22.186,22.186,22.193,22.201,22.209,22.216,22.224,22.231,22.239,22.231,22.224,22.216,22.209,22.201,22.186,22.186,22.186,22.186,22.193,22.193,22.193,22.193,22.193,22.186,22.163,22.155,22.140,22.132,22.132,22.140,22.147,22.147,22.147,22.140,22.140,22.132,22.125,22.117,22.117,22.117,22.109,22.102,22.102,22.102,22.094,22.094,22.094,22.094,22.102,22.109,22.125,22.132,22.140,22.140,22.140,22.147,22.155,22.155,22.163,22.178,22.193,22.209,22.216,22.231,22.239,22.247,22.254,22.262,22.262,22.270,22.277,22.285,22.285,22.292,22.300,22.308,22.315,22.323,22.330,22.346,22.346,22.346,22.353,22.361,22.361,22.369,22.376,22.391,22.391,22.399,22.414,22.429,22.445,22.460,22.475,22.498,22.513,22.521,22.528,22.544,22.551,22.551,22.551,22.551,22.559,22.566,22.574,22.574,22.574,22.574,22.574,22.574,22.574,22.566,22.559,22.566,22.566,22.574,22.574,22.566,22.559,22.559,22.559,22.574,22.574,22.582,22.604,22.627,22.604,22.589,22.597,22.604,22.521,22.506,22.574,22.711,22.878,23.052,23.278,23.557,23.918,24.225,24.516,24.784,24.992,25.200,25.378,25.511,25.548,25.599,25.599,25.555,25.511,25.451,25.311,25.096,24.851,24.613,24.330,24.015,23.715,23.422,23.165,22.946,22.787,22.642,22.551,22.498,22.445,22.391,22.369,22.376,22.353,22.330,22.323,22.323,22.323,22.315,22.308,22.308,22.300,22.285,22.270,22.239,22.224,22.216,22.216,22.216,22.224,22.231,22.239,22.247,22.231,22.224,22.209,22.186,22.170,22.163,22.147,22.147,22.147,22.147,22.147,22.155,22.163,22.163,22.170,22.178,22.170,22.163,22.147,22.140,22.125,22.117,22.109,22.109,22.109,22.102,22.102,22.102,22.102,22.102,22.109,22.109,22.109,22.102,22.094,22.094,22.094,22.094,22.102,22.102,22.109,22.109,22.109,22.117,22.125,22.125,22.125,22.132,22.140,22.147,22.163,22.170,22.178,22.178,22.186,22.201,22.216,22.231,22.247,22.277,22.315,22.353,22.391,22.414,22.407,22.384,22.361,22.361,22.399,22.437,22.468,22.490,22.475,22.452,22.429,22.414,22.407,22.407,22.399,22.399,22.407,22.407,22.414,22.414,22.414,22.407,22.391,22.384,22.376,22.369,22.361,22.338,22.330,22.323,22.308,22.285,22.262,22.247,22.224,22.193,22.170,22.155,22.140,22.117,22.102,22.102,22.102,22.102,22.102,22.102,22.109,22.125,22.125,22.132,22.140,22.155,22.178,22.201,22.224,22.247,22.270,22.285,22.308,22.330,22.361,22.391,22.422,22.445,22.460,22.483,22.498,22.506,22.528,22.544,22.589,22.650,22.696,22.726,22.741,22.756,22.794,22.824,22.870,22.923,22.946,22.953
,23.444,23.444,23.444,23.437,23.429,23.422,23.414,23.407,23.392,23.376,23.354,23.331,23.316,23.293,23.278,23.271,23.256,23.241,23.226,23.210,23.195,23.173,23.158,23.150,23.135,23.120,23.105,23.097,23.089,23.067,23.044,23.014,22.991,22.968,22.961,22.968,22.968,22.953,22.915,22.885,22.847,22.817,22.794,22.779,22.764,22.741,22.711,22.696,22.673,22.642,22.604,22.566,22.528,22.506,22.490,22.498,22.506,22.498,22.483,22.460,22.445,22.429,22.429,22.422,22.422,22.422,22.414,22.414,22.414,22.414,22.422,22.429,22.437,22.437,22.437,22.429,22.422,22.407,22.399,22.391,22.376,22.361,22.353,22.353,22.346,22.338,22.330,22.330,22.323,22.323,22.323,22.330,22.338,22.353,22.353,22.361,22.361,22.369,22.369,22.369,22.376,22.384,22.384,22.391,22.399,22.407,22.414,22.414,22.422,22.429,22.437,22.445,22.445,22.452,22.460,22.468,22.468,22.475,22.475,22.468,22.468,22.460,22.452,22.445,22.429,22.422,22.399,22.391,22.376,22.353,22.346,22.338,22.323,22.308,22.300,22.285,22.270,22.247,22.224,22.209,22.193,22.186,22.178,22.186,22.186,22.193,22.201,22.209,22.216,22.224,22.224,22.224,22.216,22.209,22.201,22.186,22.178,22.170,22.170,22.170,22.178,22.178,22.170,22.170,22.170,22.163,22.147,22.132,22.117,22.117,22.117,22.125,22.132,22.132,22.132,22.125,22.117,22.117,22.109,22.109,22.117,22.109,22.109,22.109,22.102,22.102,22.094,22.094,22.094,22.094,22.102,22.109,22.117,22.125,22.132,22.132,22.132,22.140,22.147,22.155,22.163,22.178,22.193,22.209,22.216,22.231,22.239,22.247,22.254,22.262,22.262,22.270,22.277,22.285,22.285,22.292,22.300,22.308,22.315,22.323,22.330,22.338,22.346,22.353,22.353,22.361,22.369,22.376,22.384,22.391,22.399,22.407,22.414,22.429,22.445,22.460,22.475,22.498,22.513,22.521,22.528,22.536,22.544,22.544,22.544,22.544,22.559,22.566,22.574,22.582,22.589,22.589,22.582,22.574,22.559,22.544,22.528,22.528,22.544,22.566,22.574,22.574,22.559,22.566,22.574,22.589,22.597,22.620,22.620,22.612,22.582,22.589,22.574,22.536,22.506,22.582,22.718,22.893,23.082,23.354,23.655,23.970,24.292,24.561,24.807,25.029,25.230,25.400,25.511,25.577,25.621,25.621,25.584,25.533,25.496,25.348,25.141,24.896,24.658,24.367,24.060,23.745,23.459,23.203,22.984,22.802,22.650,22.574,22.513,22.460,22.391,22.376,22.369,22.361,22.338,22.323,22.315,22.308,22.308,22.300,22.300,22.300,22.308,22.285,22.270,22.254,22.247,22.247,22.239,22.239,22.231,22.231,22.231,22.224,22.209,22.201,22.193,22.178,22.163,22.155,22.147,22.140,22.132,22.132,22.140,22.140,22.147,22.147,22.155,22.163,22.155,22.140,22.132,22.125,22.117,22.117,22.109,22.109,22.109,22.102,22.102,22.102,22.102,22.102,22.102,22.102,22.102,22.094,22.094,22.094,22.094,22.094,22.094,22.102,22.102,22.102,22.102,22.109,22.117,22.117,22.117,22.125,22.132,22.140,22.147,22.155,22.163,22.163,22.170,22.193,22.209,22.216,22.239,22.270,22.308,22.346,22.384,22.407,22.407,22.384,22.369,22.369,22.399,22.429,22.460,22.475,22.468,22.445,22.422,22.399,22.391,22.391,22.391,22.391,22.391,22.399,22.399,22.399,22.399,22.391,22.384,22.376,22.369,22.361,22.353,22.338,22.330,22.315,22.300,22.277,22.254,22.239,22.216,22.186,22.163,22.140,22.125,22.109,22.102,22.102,22.102,22.102,22.102,22.102,22.109,22.117,22.125,22.132,22.140,22.147,22.170,22.186,22.209,22.239,22.262,22.277,22.300,22.330,22.361,22.384,22.414,22.437,22.460,22.475,22.490,22.498,22.521,22.536,22.582,22.658,22.703,22.726,22.741,22.756,22.794,22.824,22.862,22.915,22.938,22.938
,23.429,23.429,23.429,23.422,23.414,23.414,23.407,23.407,23.392,23.376,23.354,23.331,23.309,23.286,23.278,23.278,23.271,23.256,23.226,23.210,23.180,23.158,23.142,23.135,23.127,23.112,23.105,23.097,23.082,23.067,23.044,23.014,22.984,22.961,22.953,22.953,22.953,22.938,22.908,22.878,22.847,22.817,22.794,22.787,22.764,22.741,22.718,22.696,22.673,22.642,22.597,22.559,22.521,22.498,22.490,22.498,22.498,22.498,22.483,22.460,22.445,22.429,22.422,22.422,22.414,22.414,22.407,22.407,22.407,22.414,22.422,22.429,22.437,22.437,22.437,22.429,22.422,22.407,22.399,22.391,22.384,22.369,22.361,22.353,22.346,22.338,22.330,22.330,22.330,22.330,22.330,22.338,22.353,22.361,22.369,22.369,22.369,22.376,22.376,22.376,22.376,22.384,22.384,22.384,22.391,22.399,22.399,22.407,22.414,22.414,22.422,22.429,22.437,22.437,22.452,22.452,22.460,22.460,22.460,22.460,22.452,22.445,22.437,22.429,22.414,22.399,22.384,22.376,22.361,22.346,22.330,22.323,22.315,22.300,22.285,22.277,22.262,22.247,22.224,22.209,22.193,22.186,22.170,22.178,22.178,22.186,22.193,22.201,22.209,22.216,22.216,22.209,22.201,22.193,22.186,22.170,22.163,22.155,22.155,22.155,22.155,22.155,22.147,22.147,22.147,22.140,22.125,22.109,22.102,22.094,22.094,22.109,22.117,22.117,22.117,22.109,22.102,22.102,22.102,22.109,22.109,22.117,22.117,22.109,22.109,22.109,22.102,22.094,22.094,22.102,22.102,22.109,22.117,22.125,22.125,22.125,22.132,22.140,22.147,22.155,22.170,22.178,22.193,22.209,22.216,22.231,22.239,22.247,22.254,22.262,22.262,22.270,22.277,22.285,22.285,22.292,22.300,22.308,22.315,22.323,22.330,22.338,22.346,22.353,22.353,22.369,22.376,22.384,22.384,22.391,22.407,22.414,22.422,22.429,22.452,22.468,22.483,22.498,22.506,22.521,22.528,22.528,22.536,22.536,22.536,22.544,22.559,22.566,22.574,22.589,22.597,22.597,22.589,22.574,22.544,22.521,22.506,22.513,22.544,22.574,22.582,22.582,22.574,22.589,22.604,22.612,22.620,22.627,22.612,22.589,22.589,22.566,22.536,22.506,22.582,22.718,22.900,23.112,23.384,23.723,24.053,24.367,24.621,24.844,25.052,25.252,25.429,25.540,25.614,25.651,25.673,25.621,25.562,25.511,25.407,25.193,24.948,24.695,24.419,24.105,23.790,23.497,23.233,23.021,22.832,22.673,22.574,22.528,22.475,22.422,22.376,22.369,22.353,22.338,22.323,22.315,22.300,22.292,22.285,22.285,22.277,22.285,22.292,22.277,22.270,22.262,22.262,22.262,22.262,22.254,22.247,22.231,22.216,22.209,22.193,22.186,22.178,22.170,22.155,22.147,22.140,22.132,22.125,22.125,22.125,22.125,22.125,22.132,22.140,22.140,22.132,22.125,22.117,22.117,22.109,22.109,22.109,22.109,22.102,22.094,22.094,22.094,22.086,22.086,22.094,22.094,22.094,22.086,22.086,22.086,22.086,22.086,22.086,22.094,22.094,22.094,22.094,22.102,22.102,22.102,22.109,22.117,22.117,22.125,22.132,22.147,22.147,22.155,22.163,22.178,22.193,22.209,22.224,22.254,22.300,22.330,22.369,22.391,22.391,22.376,22.361,22.361,22.391,22.422,22.452,22.460,22.452,22.429,22.407,22.391,22.384,22.384,22.384,22.384,22.384,22.384,22.391,22.391,22.384,22.376,22.369,22.369,22.361,22.353,22.346,22.338,22.323,22.315,22.300,22.277,22.254,22.231,22.209,22.186,22.155,22.140,22.125,22.109,22.102,22.102,22.102,22.109,22.109,22.109,22.109,22.117,22.117,22.125,22.132,22.147,22.163,22.178,22.201,22.224,22.247,22.270,22.292,22.323,22.353,22.376,22.407,22.437,22.452,22.468,22.483,22.498,22.513,22.528,22.574,22.650,22.696,22.718,22.741,22.756,22.787,22.817,22.862,22.908,22.923,22.931
,23.422,23.422,23.422,23.414,23.407,23.407,23.407,23.399,23.392,23.376,23.354,23.331,23.309,23.286,23.286,23.286,23.278,23.263,23.233,23.203,23.180,23.150,23.135,23.127,23.120,23.105,23.105,23.097,23.082,23.067,23.037,23.006,22.984,22.953,22.946,22.938,22.938,22.923,22.900,22.870,22.847,22.824,22.802,22.787,22.771,22.749,22.718,22.696,22.673,22.642,22.597,22.559,22.521,22.490,22.490,22.490,22.490,22.490,22.475,22.460,22.445,22.429,22.422,22.414,22.407,22.407,22.407,22.399,22.407,22.414,22.414,22.429,22.429,22.429,22.429,22.429,22.422,22.407,22.399,22.391,22.384,22.369,22.361,22.346,22.338,22.330,22.330,22.323,22.323,22.330,22.338,22.346,22.353,22.369,22.369,22.369,22.369,22.369,22.369,22.376,22.376,22.384,22.384,22.384,22.391,22.399,22.399,22.407,22.407,22.414,22.422,22.429,22.429,22.437,22.445,22.445,22.452,22.460,22.460,22.452,22.445,22.437,22.429,22.422,22.407,22.399,22.384,22.376,22.361,22.346,22.330,22.315,22.300,22.285,22.277,22.262,22.254,22.239,22.216,22.201,22.193,22.178,22.170,22.163,22.170,22.170,22.178,22.193,22.201,22.201,22.201,22.201,22.193,22.178,22.170,22.155,22.147,22.140,22.140,22.140,22.140,22.132,22.132,22.132,22.132,22.125,22.109,22.094,22.086,22.079,22.079,22.094,22.102,22.102,22.102,22.094,22.086,22.094,22.094,22.102,22.109,22.109,22.109,22.109,22.117,22.109,22.109,22.109,22.109,22.109,22.109,22.109,22.117,22.125,22.125,22.125,22.132,22.140,22.155,22.163,22.170,22.186,22.193,22.209,22.224,22.239,22.239,22.247,22.254,22.262,22.270,22.270,22.277,22.285,22.292,22.292,22.300,22.308,22.315,22.323,22.330,22.338,22.346,22.353,22.361,22.369,22.376,22.384,22.391,22.399,22.407,22.414,22.422,22.437,22.452,22.468,22.483,22.498,22.506,22.513,22.521,22.528,22.528,22.536,22.536,22.544,22.559,22.574,22.582,22.589,22.597,22.597,22.589,22.574,22.536,22.506,22.498,22.513,22.566,22.589,22.589,22.582,22.604,22.620,22.627,22.627,22.627,22.604,22.589,22.589,22.597,22.536,22.513,22.574,22.749,22.915,23.120,23.392,23.775,24.135,24.449,24.702,24.903,25.089,25.274,25.459,25.584,25.643,25.695,25.739,25.673,25.607,25.548,25.459,25.244,25.000,24.747,24.471,24.143,23.828,23.535,23.263,23.052,22.862,22.696,22.566,22.544,22.498,22.437,22.384,22.384,22.361,22.338,22.315,22.315,22.300,22.285,22.270,22.262,22.254,22.254,22.254,22.254,22.262,22.262,22.270,22.270,22.277,22.277,22.262,22.254,22.231,22.216,22.193,22.186,22.178,22.170,22.155,22.155,22.147,22.140,22.132,22.125,22.117,22.109,22.109,22.109,22.117,22.117,22.117,22.117,22.117,22.109,22.102,22.102,22.102,22.102,22.094,22.086,22.086,22.079,22.079,22.071,22.071,22.079,22.079,22.079,22.079,22.079,22.079,22.079,22.079,22.079,22.079,22.079,22.079,22.086,22.086,22.086,22.086,22.094,22.094,22.102,22.109,22.117,22.125,22.132,22.140,22.147,22.170,22.186,22.193,22.216,22.239,22.277,22.308,22.330,22.361,22.361,22.353,22.346,22.346,22.376,22.407,22.429,22.445,22.429,22.414,22.391,22.376,22.369,22.369,22.369,22.369,22.369,22.376,22.376,22.376,22.369,22.369,22.361,22.353,22.353,22.346,22.346,22.330,22.323,22.308,22.300,22.277,22.254,22.239,22.216,22.193,22.170,22.147,22.132,22.125,22.109,22.109,22.109,22.117,22.109,22.109,22.109,22.117,22.117,22.117,22.125,22.140,22.155,22.170,22.193,22.216,22.239,22.254,22.277,22.308,22.346,22.369,22.399,22.429,22.445,22.460,22.475,22.490,22.506,22.521,22.566,22.635,22.680,22.711,22.726,22.749,22.787,22.809,22.855,22.900,22.915,22.915
,23.422,23.422,23.422,23.414,23.414,23.407,23.407,23.399,23.392,23.376,23.354,23.331,23.309,23.286,23.286,23.286,23.278,23.263,23.233,23.210,23.188,23.158,23.142,23.135,23.120,23.105,23.105,23.097,23.082,23.067,23.037,23.006,22.976,22.946,22.938,22.938,22.931,22.915,22.893,22.870,22.847,22.824,22.802,22.794,22.779,22.749,22.718,22.703,22.673,22.642,22.597,22.559,22.521,22.490,22.483,22.483,22.490,22.483,22.468,22.452,22.445,22.429,22.422,22.414,22.407,22.407,22.399,22.399,22.399,22.407,22.414,22.422,22.429,22.429,22.429,22.422,22.414,22.399,22.391,22.384,22.376,22.361,22.353,22.338,22.330,22.330,22.323,22.323,22.323,22.338,22.338,22.346,22.353,22.369,22.369,22.369,22.369,22.369,22.369,22.376,22.384,22.384,22.391,22.399,22.407,22.407,22.414,22.422,22.429,22.429,22.437,22.445,22.452,22.452,22.460,22.460,22.460,22.460,22.460,22.460,22.460,22.445,22.437,22.429,22.422,22.407,22.399,22.391,22.376,22.361,22.338,22.323,22.308,22.285,22.262,22.254,22.247,22.224,22.201,22.193,22.178,22.170,22.163,22.163,22.163,22.163,22.170,22.186,22.193,22.201,22.201,22.186,22.178,22.170,22.163,22.147,22.140,22.140,22.132,22.132,22.132,22.132,22.132,22.125,22.117,22.109,22.102,22.086,22.079,22.079,22.079,22.086,22.094,22.102,22.094,22.094,22.086,22.086,22.094,22.094,22.102,22.109,22.109,22.109,22.117,22.109,22.109,22.109,22.117,22.117,22.117,22.117,22.117,22.125,22.125,22.132,22.140,22.155,22.163,22.170,22.178,22.193,22.201,22.216,22.224,22.239,22.247,22.254,22.262,22.270,22.270,22.277,22.285,22.292,22.292,22.292,22.300,22.308,22.315,22.323,22.330,22.346,22.346,22.361,22.369,22.376,22.384,22.391,22.399,22.407,22.414,22.422,22.429,22.445,22.452,22.468,22.475,22.490,22.506,22.513,22.521,22.528,22.528,22.536,22.544,22.551,22.559,22.574,22.582,22.589,22.589,22.597,22.589,22.574,22.536,22.506,22.506,22.544,22.582,22.582,22.589,22.604,22.620,22.627,22.627,22.620,22.589,22.604,22.612,22.604,22.536,22.551,22.642,22.787,22.938,23.165,23.467,23.843,24.195,24.516,24.769,24.970,25.133,25.318,25.481,25.599,25.658,25.739,25.776,25.747,25.658,25.607,25.488,25.289,25.059,24.807,24.516,24.203,23.880,23.572,23.309,23.082,22.900,22.718,22.597,22.536,22.498,22.437,22.407,22.399,22.369,22.338,22.323,22.308,22.292,22.285,22.277,22.262,22.254,22.247,22.239,22.239,22.247,22.247,22.254,22.270,22.270,22.277,22.277,22.270,22.254,22.239,22.216,22.201,22.186,22.170,22.163,22.155,22.147,22.147,22.140,22.132,22.132,22.117,22.109,22.109,22.109,22.109,22.109,22.109,22.102,22.102,22.102,22.102,22.094,22.086,22.086,22.079,22.071,22.063,22.063,22.056,22.056,22.056,22.063,22.063,22.063,22.063,22.063,22.063,22.063,22.063,22.063,22.063,22.063,22.063,22.063,22.071,22.071,22.071,22.071,22.079,22.094,22.094,22.109,22.117,22.125,22.132,22.140,22.155,22.170,22.178,22.193,22.216,22.239,22.262,22.285,22.308,22.315,22.300,22.300,22.308,22.346,22.376,22.407,22.422,22.414,22.391,22.376,22.361,22.361,22.361,22.361,22.361,22.361,22.361,22.361,22.361,22.361,22.353,22.353,22.353,22.346,22.346,22.338,22.330,22.330,22.315,22.300,22.285,22.270,22.254,22.239,22.216,22.193,22.178,22.163,22.147,22.132,22.132,22.132,22.125,22.117,22.117,22.109,22.117,22.117,22.125,22.132,22.147,22.155,22.170,22.186,22.201,22.224,22.247,22.270,22.300,22.330,22.353,22.384,22.414,22.437,22.460,22.475,22.490,22.506,22.521,22.566,22.627,22.665,22.688,22.711,22.741,22.771,22.802,22.840,22.885,22.900,22.908
,23.429,23.429,23.429,23.422,23.422,23.414,23.407,23.407,23.392,23.376,23.361,23.339,23.316,23.293,23.286,23.278,23.271,23.256,23.226,23.210,23.188,23.165,23.150,23.142,23.127,23.112,23.105,23.097,23.089,23.067,23.037,23.006,22.976,22.946,22.938,22.938,22.931,22.915,22.893,22.870,22.847,22.817,22.802,22.787,22.771,22.749,22.726,22.703,22.680,22.642,22.597,22.559,22.528,22.498,22.475,22.483,22.483,22.475,22.460,22.452,22.437,22.429,22.414,22.414,22.407,22.399,22.399,22.399,22.399,22.407,22.414,22.422,22.429,22.429,22.422,22.414,22.407,22.399,22.384,22.376,22.369,22.361,22.346,22.330,22.323,22.315,22.315,22.315,22.323,22.338,22.338,22.346,22.353,22.361,22.353,22.353,22.353,22.353,22.369,22.376,22.391,22.407,22.407,22.414,22.422,22.429,22.437,22.445,22.452,22.460,22.468,22.468,22.475,22.483,22.483,22.483,22.483,22.483,22.483,22.483,22.475,22.468,22.460,22.452,22.437,22.422,22.414,22.407,22.399,22.376,22.353,22.338,22.315,22.285,22.262,22.247,22.231,22.216,22.193,22.178,22.170,22.163,22.155,22.155,22.155,22.163,22.170,22.178,22.186,22.193,22.193,22.186,22.170,22.163,22.155,22.147,22.140,22.132,22.132,22.132,22.132,22.132,22.132,22.125,22.117,22.109,22.102,22.086,22.079,22.079,22.079,22.086,22.094,22.094,22.094,22.094,22.094,22.094,22.094,22.094,22.094,22.102,22.102,22.109,22.117,22.117,22.125,22.125,22.132,22.132,22.132,22.125,22.125,22.132,22.140,22.140,22.155,22.163,22.178,22.178,22.186,22.193,22.209,22.216,22.231,22.239,22.254,22.254,22.262,22.270,22.277,22.277,22.285,22.292,22.292,22.300,22.308,22.308,22.315,22.323,22.330,22.346,22.353,22.361,22.376,22.384,22.391,22.391,22.399,22.407,22.422,22.429,22.437,22.445,22.460,22.468,22.475,22.490,22.506,22.513,22.521,22.528,22.544,22.544,22.551,22.551,22.566,22.574,22.582,22.589,22.589,22.597,22.589,22.566,22.536,22.521,22.528,22.544,22.559,22.582,22.597,22.620,22.620,22.620,22.612,22.597,22.597,22.612,22.597,22.566,22.589,22.688,22.824,22.991,23.203,23.527,23.880,24.240,24.553,24.814,25.015,25.185,25.355,25.488,25.592,25.666,25.754,25.798,25.791,25.725,25.658,25.525,25.341,25.118,24.873,24.583,24.277,23.955,23.655,23.376,23.142,22.946,22.771,22.650,22.559,22.490,22.445,22.422,22.407,22.376,22.346,22.330,22.308,22.292,22.285,22.277,22.270,22.262,22.247,22.231,22.231,22.231,22.239,22.247,22.254,22.262,22.270,22.270,22.270,22.270,22.254,22.247,22.231,22.209,22.193,22.178,22.163,22.147,22.147,22.147,22.147,22.147,22.132,22.125,22.117,22.102,22.102,22.102,22.102,22.094,22.094,22.094,22.094,22.094,22.079,22.071,22.063,22.056,22.048,22.048,22.041,22.041,22.041,22.048,22.048,22.056,22.056,22.056,22.056,22.048,22.048,22.048,22.048,22.048,22.048,22.048,22.048,22.056,22.056,22.056,22.063,22.071,22.079,22.086,22.102,22.117,22.125,22.132,22.140,22.155,22.163,22.170,22.178,22.186,22.201,22.216,22.239,22.247,22.254,22.247,22.254,22.270,22.308,22.346,22.376,22.399,22.399,22.384,22.361,22.353,22.353,22.353,22.353,22.353,22.353,22.346,22.346,22.346,22.346,22.346,22.346,22.346,22.346,22.346,22.338,22.330,22.330,22.323,22.308,22.292,22.285,22.277,22.262,22.247,22.231,22.216,22.201,22.186,22.170,22.155,22.147,22.140,22.132,22.125,22.125,22.125,22.125,22.132,22.140,22.147,22.163,22.170,22.186,22.201,22.216,22.239,22.262,22.292,22.323,22.346,22.376,22.407,22.429,22.452,22.468,22.498,22.513,22.536,22.566,22.620,22.658,22.680,22.703,22.726,22.756,22.787,22.824,22.870,22.885,22.893
,23.437,23.429,23.429,23.429,23.422,23.414,23.407,23.407,23.392,23.376,23.361,23.339,23.316,23.301,23.286,23.278,23.263,23.248,23.226,23.210,23.195,23.180,23.165,23.150,23.135,23.120,23.105,23.105,23.089,23.067,23.037,23.006,22.976,22.946,22.938,22.931,22.923,22.915,22.893,22.870,22.840,22.817,22.802,22.787,22.771,22.749,22.726,22.711,22.680,22.650,22.604,22.566,22.528,22.498,22.475,22.475,22.475,22.468,22.452,22.445,22.429,22.422,22.414,22.407,22.407,22.407,22.407,22.407,22.407,22.407,22.407,22.422,22.422,22.422,22.414,22.407,22.399,22.391,22.376,22.376,22.369,22.353,22.338,22.323,22.315,22.315,22.315,22.315,22.323,22.338,22.338,22.346,22.346,22.353,22.346,22.346,22.346,22.346,22.361,22.376,22.399,22.414,22.422,22.429,22.437,22.445,22.452,22.468,22.475,22.483,22.490,22.498,22.498,22.506,22.506,22.506,22.498,22.498,22.498,22.498,22.490,22.483,22.475,22.468,22.452,22.437,22.429,22.422,22.414,22.391,22.369,22.346,22.315,22.285,22.262,22.239,22.224,22.201,22.186,22.170,22.163,22.155,22.147,22.147,22.147,22.155,22.163,22.170,22.178,22.186,22.178,22.170,22.163,22.155,22.147,22.132,22.125,22.117,22.125,22.125,22.132,22.132,22.125,22.117,22.109,22.102,22.094,22.086,22.079,22.079,22.079,22.086,22.094,22.094,22.094,22.094,22.094,22.094,22.094,22.086,22.086,22.094,22.102,22.109,22.117,22.117,22.125,22.132,22.140,22.140,22.140,22.132,22.132,22.140,22.147,22.155,22.163,22.170,22.186,22.193,22.193,22.201,22.216,22.224,22.231,22.247,22.254,22.262,22.262,22.270,22.277,22.285,22.285,22.292,22.292,22.300,22.308,22.315,22.315,22.323,22.330,22.346,22.353,22.369,22.376,22.391,22.391,22.399,22.399,22.414,22.422,22.429,22.445,22.452,22.460,22.468,22.475,22.483,22.498,22.506,22.521,22.536,22.544,22.551,22.551,22.559,22.574,22.582,22.582,22.589,22.589,22.597,22.582,22.566,22.536,22.536,22.528,22.536,22.559,22.589,22.612,22.620,22.612,22.604,22.597,22.589,22.604,22.597,22.582,22.597,22.711,22.855,23.029,23.248,23.557,23.918,24.262,24.576,24.836,25.044,25.230,25.392,25.525,25.599,25.666,25.732,25.813,25.813,25.776,25.710,25.592,25.392,25.170,24.940,24.665,24.352,24.030,23.730,23.452,23.203,22.991,22.817,22.696,22.604,22.528,22.460,22.429,22.422,22.399,22.361,22.330,22.323,22.300,22.285,22.277,22.270,22.262,22.247,22.231,22.224,22.224,22.231,22.231,22.239,22.247,22.254,22.254,22.262,22.262,22.262,22.254,22.247,22.231,22.216,22.201,22.186,22.163,22.147,22.147,22.147,22.155,22.147,22.140,22.125,22.117,22.102,22.094,22.094,22.086,22.086,22.086,22.086,22.086,22.086,22.071,22.056,22.048,22.033,22.033,22.025,22.025,22.025,22.025,22.033,22.041,22.041,22.041,22.041,22.041,22.041,22.041,22.041,22.041,22.041,22.033,22.033,22.033,22.033,22.041,22.041,22.048,22.056,22.063,22.079,22.094,22.109,22.117,22.125,22.132,22.147,22.147,22.155,22.155,22.163,22.170,22.186,22.193,22.201,22.209,22.209,22.216,22.239,22.277,22.323,22.353,22.376,22.384,22.369,22.353,22.346,22.346,22.346,22.353,22.346,22.346,22.338,22.338,22.338,22.338,22.338,22.338,22.338,22.338,22.338,22.338,22.330,22.323,22.323,22.315,22.300,22.292,22.285,22.285,22.270,22.254,22.239,22.231,22.209,22.193,22.178,22.163,22.147,22.140,22.132,22.132,22.132,22.132,22.132,22.140,22.155,22.163,22.170,22.178,22.201,22.216,22.231,22.254,22.277,22.308,22.338,22.361,22.391,22.422,22.445,22.468,22.498,22.521,22.544,22.574,22.612,22.642,22.665,22.688,22.711,22.733,22.764,22.809,22.847,22.870,22.870
,23.429,23.429,23.422,23.422,23.422,23.407,23.399,23.399,23.384,23.369,23.354,23.339,23.324,23.301,23.286,23.271,23.263,23.241,23.226,23.210,23.203,23.180,23.173,23.158,23.142,23.120,23.112,23.105,23.089,23.067,23.037,23.006,22.976,22.946,22.938,22.931,22.923,22.908,22.885,22.862,22.840,22.817,22.802,22.787,22.771,22.749,22.726,22.711,22.688,22.658,22.612,22.574,22.536,22.498,22.475,22.468,22.468,22.460,22.445,22.429,22.422,22.414,22.414,22.407,22.407,22.407,22.407,22.407,22.407,22.407,22.407,22.414,22.414,22.414,22.414,22.399,22.391,22.384,22.376,22.369,22.361,22.353,22.338,22.330,22.323,22.315,22.315,22.323,22.330,22.338,22.338,22.338,22.338,22.338,22.338,22.338,22.338,22.346,22.361,22.376,22.391,22.414,22.422,22.437,22.445,22.452,22.468,22.475,22.483,22.498,22.506,22.513,22.513,22.513,22.513,22.513,22.513,22.513,22.513,22.513,22.506,22.490,22.490,22.475,22.460,22.445,22.437,22.429,22.414,22.399,22.369,22.346,22.315,22.285,22.254,22.239,22.216,22.193,22.178,22.163,22.155,22.140,22.140,22.132,22.140,22.140,22.155,22.163,22.163,22.170,22.163,22.163,22.147,22.140,22.125,22.117,22.109,22.102,22.109,22.117,22.117,22.117,22.109,22.109,22.102,22.094,22.086,22.086,22.079,22.079,22.079,22.086,22.086,22.086,22.094,22.094,22.086,22.086,22.086,22.086,22.079,22.086,22.086,22.102,22.109,22.117,22.125,22.132,22.140,22.140,22.140,22.140,22.140,22.147,22.147,22.163,22.170,22.186,22.186,22.193,22.201,22.209,22.216,22.224,22.231,22.247,22.254,22.254,22.262,22.277,22.277,22.285,22.285,22.292,22.300,22.300,22.308,22.315,22.323,22.323,22.330,22.346,22.353,22.369,22.376,22.391,22.391,22.399,22.407,22.414,22.422,22.437,22.445,22.460,22.460,22.468,22.475,22.483,22.490,22.506,22.521,22.536,22.544,22.551,22.559,22.566,22.574,22.582,22.589,22.597,22.597,22.597,22.582,22.566,22.544,22.536,22.528,22.536,22.582,22.604,22.620,22.612,22.604,22.589,22.589,22.597,22.597,22.566,22.604,22.711,22.878,23.052,23.278,23.572,23.970,24.300,24.591,24.859,25.052,25.237,25.415,25.570,25.629,25.658,25.725,25.813,25.820,25.791,25.754,25.680,25.451,25.230,24.992,24.732,24.419,24.098,23.798,23.512,23.263,23.037,22.847,22.711,22.658,22.574,22.498,22.445,22.437,22.422,22.391,22.353,22.338,22.315,22.292,22.277,22.277,22.262,22.247,22.224,22.224,22.216,22.224,22.224,22.231,22.231,22.239,22.239,22.239,22.247,22.247,22.247,22.239,22.239,22.224,22.216,22.201,22.178,22.163,22.147,22.147,22.147,22.147,22.147,22.140,22.125,22.109,22.094,22.086,22.086,22.079,22.071,22.071,22.079,22.079,22.071,22.063,22.041,22.033,22.018,22.010,22.010,22.002,22.002,22.010,22.018,22.018,22.025,22.025,22.025,22.025,22.025,22.025,22.025,22.025,22.025,22.018,22.018,22.018,22.018,22.018,22.025,22.025,22.033,22.048,22.056,22.071,22.086,22.102,22.102,22.117,22.125,22.132,22.132,22.132,22.140,22.147,22.155,22.163,22.178,22.178,22.186,22.193,22.216,22.262,22.308,22.338,22.361,22.369,22.353,22.346,22.330,22.330,22.338,22.338,22.338,22.330,22.330,22.323,22.323,22.323,22.323,22.330,22.330,22.330,22.330,22.330,22.323,22.315,22.315,22.308,22.300,22.292,22.292,22.285,22.277,22.262,22.254,22.239,22.224,22.201,22.178,22.163,22.147,22.132,22.125,22.125,22.125,22.125,22.132,22.140,22.147,22.155,22.163,22.170,22.193,22.209,22.224,22.239,22.270,22.300,22.323,22.346,22.384,22.414,22.437,22.460,22.490,22.521,22.544,22.574,22.604,22.627,22.650,22.673,22.696,22.718,22.749,22.787,22.832,22.847,22.847
,23.414,23.414,23.414,23.414,23.407,23.399,23.392,23.384,23.376,23.361,23.346,23.331,23.316,23.301,23.286,23.278,23.263,23.248,23.233,23.218,23.203,23.188,23.173,23.158,23.142,23.127,23.112,23.105,23.089,23.067,23.037,23.006,22.984,22.953,22.938,22.931,22.915,22.900,22.878,22.855,22.832,22.809,22.794,22.779,22.764,22.741,22.718,22.703,22.688,22.658,22.612,22.582,22.544,22.506,22.483,22.468,22.460,22.445,22.429,22.422,22.414,22.414,22.407,22.407,22.407,22.407,22.407,22.407,22.407,22.407,22.407,22.414,22.414,22.414,22.407,22.399,22.391,22.384,22.376,22.369,22.369,22.353,22.346,22.346,22.338,22.330,22.330,22.338,22.338,22.338,22.338,22.338,22.338,22.338,22.338,22.338,22.338,22.346,22.353,22.369,22.384,22.399,22.414,22.422,22.437,22.452,22.460,22.468,22.475,22.490,22.498,22.506,22.513,22.513,22.513,22.513,22.513,22.513,22.513,22.513,22.506,22.490,22.483,22.468,22.460,22.437,22.429,22.414,22.407,22.384,22.353,22.338,22.315,22.285,22.254,22.231,22.209,22.186,22.170,22.155,22.147,22.140,22.132,22.132,22.132,22.132,22.140,22.147,22.147,22.147,22.147,22.140,22.132,22.125,22.109,22.094,22.086,22.079,22.079,22.086,22.094,22.094,22.094,22.086,22.086,22.086,22.079,22.071,22.071,22.071,22.079,22.079,22.086,22.086,22.086,22.079,22.079,22.079,22.079,22.071,22.071,22.079,22.086,22.086,22.094,22.109,22.117,22.125,22.132,22.140,22.140,22.140,22.140,22.147,22.147,22.163,22.170,22.178,22.186,22.193,22.193,22.209,22.216,22.224,22.231,22.247,22.247,22.254,22.262,22.277,22.277,22.285,22.292,22.300,22.300,22.308,22.315,22.323,22.323,22.330,22.338,22.353,22.361,22.369,22.376,22.391,22.399,22.407,22.414,22.422,22.429,22.445,22.452,22.460,22.460,22.468,22.468,22.475,22.483,22.498,22.513,22.528,22.544,22.559,22.566,22.574,22.589,22.597,22.604,22.604,22.604,22.597,22.582,22.559,22.559,22.544,22.559,22.597,22.627,22.627,22.627,22.612,22.597,22.589,22.589,22.589,22.559,22.604,22.733,22.908,23.059,23.301,23.625,24.000,24.330,24.628,24.873,25.067,25.237,25.451,25.592,25.643,25.673,25.754,25.806,25.813,25.783,25.776,25.688,25.503,25.281,25.044,24.777,24.471,24.143,23.843,23.565,23.309,23.082,22.878,22.749,22.673,22.604,22.544,22.490,22.452,22.437,22.422,22.399,22.369,22.338,22.308,22.292,22.277,22.270,22.254,22.239,22.224,22.216,22.216,22.216,22.224,22.224,22.224,22.231,22.231,22.231,22.231,22.231,22.231,22.224,22.216,22.209,22.201,22.186,22.170,22.155,22.147,22.140,22.140,22.147,22.140,22.132,22.117,22.102,22.086,22.079,22.071,22.063,22.063,22.063,22.063,22.063,22.063,22.048,22.033,22.018,22.010,21.995,21.995,21.995,21.995,21.995,22.002,22.002,22.002,22.002,22.002,22.002,22.002,22.002,22.002,22.002,22.002,22.002,22.002,22.002,22.002,22.002,22.002,22.010,22.018,22.025,22.033,22.048,22.056,22.063,22.071,22.079,22.086,22.102,22.109,22.117,22.125,22.140,22.147,22.163,22.178,22.186,22.193,22.201,22.224,22.262,22.308,22.338,22.361,22.361,22.346,22.330,22.323,22.323,22.323,22.330,22.330,22.323,22.315,22.315,22.315,22.315,22.315,22.315,22.315,22.323,22.323,22.323,22.315,22.308,22.300,22.292,22.285,22.277,22.270,22.262,22.254,22.247,22.239,22.231,22.209,22.186,22.163,22.140,22.125,22.109,22.102,22.102,22.102,22.109,22.117,22.125,22.132,22.140,22.147,22.155,22.170,22.193,22.209,22.239,22.262,22.285,22.308,22.338,22.369,22.399,22.422,22.452,22.483,22.521,22.536,22.566,22.589,22.612,22.635,22.658,22.680,22.703,22.741,22.779,22.817,22.840,22.847
,23.399,23.399,23.399,23.399,23.392,23.392,23.384,23.376,23.369,23.354,23.339,23.331,23.316,23.301,23.286,23.278,23.271,23.256,23.241,23.218,23.203,23.188,23.173,23.158,23.142,23.127,23.112,23.097,23.082,23.059,23.037,23.014,22.984,22.961,22.946,22.938,22.923,22.900,22.878,22.855,22.832,22.809,22.787,22.771,22.756,22.733,22.711,22.703,22.688,22.658,22.612,22.582,22.551,22.513,22.483,22.468,22.460,22.445,22.422,22.414,22.414,22.407,22.407,22.407,22.414,22.414,22.407,22.407,22.407,22.407,22.407,22.414,22.414,22.407,22.407,22.407,22.399,22.384,22.376,22.376,22.376,22.369,22.361,22.361,22.361,22.361,22.353,22.353,22.346,22.338,22.338,22.330,22.330,22.330,22.330,22.338,22.346,22.346,22.353,22.361,22.369,22.384,22.391,22.407,22.422,22.437,22.452,22.460,22.468,22.475,22.483,22.490,22.498,22.498,22.506,22.506,22.506,22.506,22.506,22.498,22.498,22.483,22.475,22.460,22.445,22.429,22.414,22.399,22.384,22.361,22.338,22.323,22.308,22.277,22.254,22.231,22.209,22.186,22.170,22.163,22.155,22.140,22.132,22.132,22.125,22.125,22.125,22.125,22.132,22.132,22.125,22.125,22.117,22.102,22.086,22.071,22.063,22.056,22.056,22.063,22.071,22.079,22.079,22.071,22.071,22.071,22.071,22.063,22.063,22.063,22.071,22.071,22.071,22.079,22.071,22.071,22.063,22.063,22.063,22.063,22.063,22.071,22.071,22.079,22.086,22.094,22.102,22.109,22.117,22.125,22.132,22.132,22.140,22.147,22.147,22.155,22.163,22.170,22.178,22.186,22.193,22.201,22.216,22.224,22.231,22.239,22.247,22.254,22.262,22.277,22.277,22.285,22.292,22.300,22.308,22.308,22.315,22.323,22.330,22.338,22.346,22.353,22.361,22.369,22.376,22.384,22.399,22.407,22.414,22.422,22.437,22.445,22.452,22.460,22.460,22.468,22.468,22.475,22.483,22.490,22.506,22.521,22.544,22.551,22.566,22.582,22.597,22.612,22.612,22.612,22.612,22.582,22.566,22.566,22.566,22.566,22.597,22.635,22.650,22.642,22.627,22.604,22.582,22.582,22.582,22.582,22.612,22.771,22.938,23.120,23.354,23.685,24.038,24.382,24.688,24.918,25.104,25.289,25.488,25.607,25.673,25.717,25.783,25.813,25.813,25.798,25.791,25.695,25.533,25.318,25.081,24.799,24.501,24.180,23.873,23.602,23.354,23.120,22.923,22.779,22.688,22.620,22.559,22.528,22.490,22.452,22.437,22.429,22.407,22.376,22.330,22.308,22.285,22.270,22.270,22.254,22.239,22.231,22.216,22.216,22.216,22.216,22.216,22.216,22.216,22.216,22.216,22.216,22.216,22.209,22.201,22.193,22.186,22.178,22.170,22.155,22.147,22.140,22.140,22.140,22.140,22.132,22.125,22.102,22.086,22.079,22.063,22.063,22.056,22.056,22.048,22.056,22.056,22.048,22.041,22.025,22.010,22.002,21.995,21.987,21.987,21.987,21.979,21.979,21.987,21.987,21.987,21.987,21.987,21.987,21.987,21.987,21.987,21.987,21.987,21.987,21.987,21.987,21.987,21.987,21.995,22.002,22.002,22.010,22.018,22.025,22.033,22.033,22.048,22.056,22.071,22.086,22.102,22.117,22.140,22.155,22.178,22.201,22.216,22.224,22.231,22.254,22.292,22.323,22.353,22.369,22.361,22.338,22.323,22.308,22.308,22.308,22.315,22.315,22.315,22.315,22.308,22.308,22.308,22.308,22.308,22.300,22.308,22.308,22.308,22.308,22.300,22.285,22.277,22.262,22.254,22.247,22.231,22.224,22.216,22.209,22.201,22.178,22.155,22.132,22.109,22.094,22.079,22.079,22.079,22.079,22.079,22.086,22.102,22.109,22.117,22.125,22.140,22.155,22.178,22.201,22.224,22.254,22.277,22.300,22.323,22.353,22.384,22.407,22.437,22.468,22.506,22.536,22.559,22.582,22.604,22.627,22.650,22.673,22.703,22.741,22.779,22.824,22.847,22.847
,23.376,23.376,23.384,23.384,23.384,23.376,23.369,23.361,23.354,23.346,23.331,23.324,23.309,23.293,23.286,23.286,23.278,23.256,23.241,23.226,23.203,23.180,23.165,23.158,23.150,23.135,23.112,23.097,23.082,23.059,23.037,23.014,22.991,22.968,22.946,22.938,22.923,22.900,22.878,22.855,22.824,22.802,22.787,22.764,22.749,22.733,22.711,22.703,22.680,22.658,22.612,22.582,22.551,22.513,22.483,22.468,22.452,22.437,22.422,22.407,22.399,22.399,22.399,22.407,22.414,22.414,22.414,22.407,22.407,22.407,22.407,22.407,22.407,22.407,22.407,22.407,22.399,22.384,22.384,22.384,22.376,22.376,22.376,22.376,22.376,22.376,22.369,22.361,22.353,22.346,22.338,22.330,22.330,22.330,22.338,22.346,22.346,22.353,22.353,22.353,22.361,22.369,22.384,22.391,22.407,22.422,22.437,22.445,22.452,22.460,22.475,22.475,22.483,22.490,22.498,22.498,22.498,22.498,22.498,22.498,22.483,22.475,22.460,22.452,22.437,22.414,22.399,22.384,22.361,22.346,22.323,22.315,22.292,22.277,22.247,22.231,22.209,22.186,22.170,22.163,22.155,22.140,22.132,22.125,22.117,22.117,22.109,22.109,22.109,22.109,22.102,22.102,22.094,22.086,22.071,22.048,22.033,22.033,22.033,22.041,22.048,22.056,22.056,22.056,22.056,22.056,22.056,22.056,22.056,22.056,22.056,22.063,22.063,22.063,22.063,22.056,22.048,22.048,22.048,22.048,22.056,22.056,22.063,22.063,22.071,22.086,22.086,22.094,22.102,22.117,22.125,22.125,22.132,22.140,22.147,22.155,22.155,22.163,22.170,22.178,22.186,22.193,22.209,22.216,22.224,22.231,22.247,22.254,22.262,22.270,22.277,22.285,22.292,22.300,22.308,22.308,22.315,22.330,22.330,22.338,22.346,22.353,22.361,22.369,22.376,22.384,22.391,22.407,22.414,22.429,22.437,22.445,22.452,22.460,22.460,22.460,22.468,22.475,22.483,22.490,22.498,22.521,22.536,22.551,22.566,22.589,22.612,22.620,22.620,22.612,22.589,22.574,22.566,22.574,22.574,22.597,22.627,22.658,22.658,22.650,22.620,22.589,22.582,22.589,22.597,22.620,22.764,22.968,23.180,23.407,23.730,24.098,24.434,24.740,24.992,25.170,25.348,25.525,25.658,25.710,25.761,25.813,25.864,25.842,25.813,25.783,25.725,25.555,25.341,25.111,24.836,24.524,24.210,23.903,23.625,23.384,23.158,22.961,22.817,22.718,22.635,22.574,22.544,22.521,22.483,22.445,22.437,22.429,22.414,22.376,22.330,22.300,22.277,22.270,22.270,22.254,22.247,22.239,22.224,22.216,22.209,22.209,22.209,22.209,22.209,22.209,22.209,22.209,22.201,22.193,22.186,22.178,22.163,22.155,22.155,22.140,22.140,22.132,22.132,22.132,22.125,22.117,22.109,22.094,22.079,22.063,22.056,22.048,22.048,22.048,22.041,22.041,22.041,22.041,22.025,22.018,22.002,21.995,21.987,21.987,21.979,21.979,21.972,21.972,21.972,21.972,21.972,21.972,21.972,21.972,21.972,21.972,21.972,21.972,21.972,21.972,21.972,21.972,21.972,21.972,21.979,21.979,21.979,21.987,21.995,22.002,22.002,22.002,22.010,22.025,22.041,22.063,22.086,22.109,22.140,22.163,22.193,22.216,22.239,22.247,22.254,22.277,22.308,22.338,22.353,22.361,22.353,22.330,22.308,22.292,22.292,22.300,22.300,22.308,22.308,22.308,22.300,22.300,22.300,22.300,22.292,22.292,22.292,22.292,22.300,22.300,22.285,22.277,22.262,22.247,22.231,22.224,22.209,22.193,22.186,22.178,22.170,22.155,22.132,22.109,22.086,22.071,22.056,22.056,22.056,22.056,22.063,22.071,22.079,22.094,22.102,22.109,22.125,22.147,22.170,22.193,22.216,22.254,22.277,22.292,22.308,22.338,22.369,22.391,22.422,22.460,22.498,22.528,22.551,22.582,22.604,22.620,22.642,22.665,22.696,22.733,22.779,22.817,22.840,22.840
,23.361,23.361,23.369,23.369,23.369,23.361,23.354,23.354,23.346,23.331,23.324,23.309,23.301,23.286,23.286,23.278,23.278,23.263,23.241,23.226,23.203,23.180,23.165,23.158,23.150,23.135,23.120,23.105,23.082,23.059,23.037,23.021,22.999,22.976,22.953,22.938,22.923,22.900,22.870,22.847,22.824,22.794,22.779,22.764,22.741,22.726,22.711,22.696,22.680,22.658,22.612,22.582,22.551,22.521,22.483,22.468,22.452,22.437,22.414,22.399,22.391,22.384,22.391,22.407,22.414,22.414,22.414,22.407,22.399,22.399,22.399,22.407,22.407,22.399,22.399,22.399,22.391,22.384,22.376,22.376,22.376,22.369,22.376,22.384,22.384,22.384,22.376,22.369,22.361,22.353,22.346,22.338,22.338,22.338,22.346,22.346,22.353,22.361,22.361,22.353,22.353,22.361,22.376,22.384,22.407,22.422,22.429,22.437,22.445,22.452,22.460,22.468,22.475,22.483,22.490,22.498,22.498,22.498,22.490,22.490,22.475,22.460,22.452,22.437,22.422,22.407,22.384,22.369,22.353,22.330,22.315,22.300,22.285,22.270,22.247,22.231,22.209,22.186,22.170,22.163,22.147,22.140,22.125,22.117,22.109,22.102,22.094,22.094,22.086,22.086,22.079,22.079,22.079,22.071,22.048,22.033,22.010,22.002,22.002,22.010,22.025,22.033,22.033,22.033,22.033,22.041,22.041,22.041,22.041,22.041,22.041,22.048,22.048,22.048,22.041,22.041,22.033,22.033,22.033,22.033,22.041,22.041,22.048,22.056,22.063,22.063,22.071,22.079,22.086,22.102,22.109,22.117,22.125,22.132,22.140,22.140,22.147,22.155,22.163,22.170,22.178,22.186,22.193,22.209,22.216,22.231,22.239,22.247,22.254,22.270,22.277,22.277,22.285,22.300,22.300,22.308,22.315,22.330,22.330,22.338,22.346,22.361,22.361,22.369,22.369,22.384,22.391,22.407,22.414,22.429,22.437,22.445,22.452,22.452,22.452,22.460,22.468,22.475,22.475,22.490,22.498,22.513,22.536,22.559,22.574,22.597,22.620,22.627,22.620,22.604,22.566,22.574,22.582,22.582,22.589,22.627,22.650,22.658,22.658,22.635,22.604,22.566,22.589,22.597,22.642,22.733,22.991,23.203,23.452,23.775,24.158,24.486,24.792,25.067,25.244,25.415,25.592,25.739,25.739,25.791,25.864,25.923,25.887,25.850,25.813,25.754,25.577,25.363,25.133,24.873,24.553,24.225,23.918,23.640,23.399,23.180,22.991,22.840,22.756,22.665,22.589,22.544,22.536,22.513,22.483,22.452,22.445,22.437,22.414,22.384,22.346,22.308,22.277,22.262,22.262,22.262,22.254,22.239,22.224,22.216,22.209,22.201,22.201,22.193,22.193,22.193,22.193,22.193,22.186,22.170,22.163,22.155,22.147,22.140,22.140,22.132,22.125,22.125,22.125,22.117,22.117,22.109,22.094,22.079,22.063,22.048,22.041,22.041,22.041,22.033,22.025,22.025,22.025,22.025,22.018,22.010,22.002,21.987,21.979,21.979,21.972,21.964,21.956,21.956,21.956,21.956,21.949,21.956,21.956,21.956,21.956,21.956,21.956,21.956,21.956,21.956,21.956,21.956,21.956,21.956,21.964,21.964,21.964,21.964,21.972,21.972,21.972,21.972,21.979,22.002,22.018,22.041,22.063,22.094,22.132,22.163,22.193,22.224,22.247,22.254,22.262,22.285,22.308,22.330,22.338,22.346,22.338,22.315,22.292,22.277,22.277,22.292,22.300,22.292,22.292,22.292,22.292,22.285,22.285,22.285,22.277,22.277,22.277,22.285,22.285,22.285,22.277,22.262,22.247,22.231,22.216,22.201,22.186,22.178,22.170,22.163,22.155,22.140,22.117,22.094,22.079,22.063,22.048,22.048,22.048,22.048,22.056,22.056,22.063,22.079,22.086,22.102,22.117,22.140,22.163,22.186,22.216,22.247,22.270,22.285,22.300,22.323,22.353,22.376,22.407,22.445,22.490,22.521,22.544,22.574,22.597,22.612,22.627,22.650,22.688,22.718,22.756,22.794,22.817,22.817
,23.361,23.361,23.361,23.361,23.354,23.354,23.354,23.346,23.339,23.324,23.316,23.301,23.293,23.286,23.278,23.278,23.271,23.256,23.241,23.218,23.195,23.173,23.165,23.158,23.150,23.135,23.120,23.105,23.082,23.059,23.044,23.029,23.006,22.984,22.961,22.946,22.923,22.893,22.862,22.840,22.817,22.787,22.771,22.756,22.741,22.726,22.703,22.688,22.673,22.650,22.612,22.582,22.544,22.513,22.483,22.468,22.452,22.437,22.407,22.391,22.376,22.376,22.384,22.399,22.407,22.414,22.414,22.399,22.391,22.391,22.391,22.391,22.391,22.391,22.391,22.384,22.376,22.376,22.376,22.369,22.369,22.369,22.369,22.369,22.376,22.376,22.376,22.369,22.361,22.361,22.353,22.353,22.353,22.353,22.353,22.353,22.361,22.361,22.361,22.361,22.369,22.376,22.384,22.391,22.399,22.414,22.422,22.437,22.445,22.460,22.468,22.475,22.483,22.490,22.498,22.498,22.498,22.498,22.490,22.475,22.468,22.452,22.437,22.429,22.414,22.391,22.376,22.361,22.346,22.323,22.315,22.300,22.285,22.270,22.247,22.224,22.201,22.178,22.163,22.147,22.140,22.125,22.109,22.109,22.102,22.094,22.086,22.079,22.071,22.071,22.063,22.063,22.056,22.048,22.025,22.010,21.995,21.987,21.979,21.987,21.995,22.002,22.010,22.010,22.010,22.018,22.018,22.018,22.018,22.025,22.025,22.033,22.033,22.033,22.033,22.025,22.018,22.018,22.018,22.018,22.025,22.025,22.033,22.041,22.048,22.056,22.063,22.071,22.079,22.086,22.102,22.109,22.117,22.125,22.132,22.140,22.140,22.147,22.155,22.155,22.163,22.170,22.186,22.193,22.209,22.216,22.231,22.239,22.247,22.254,22.270,22.270,22.277,22.292,22.300,22.308,22.315,22.323,22.330,22.338,22.346,22.361,22.361,22.369,22.376,22.384,22.391,22.407,22.414,22.429,22.429,22.437,22.445,22.452,22.452,22.460,22.460,22.475,22.475,22.490,22.506,22.521,22.544,22.566,22.589,22.612,22.620,22.627,22.604,22.566,22.574,22.582,22.582,22.589,22.635,22.650,22.658,22.665,22.658,22.604,22.582,22.597,22.612,22.635,22.771,23.006,23.195,23.474,23.820,24.217,24.531,24.836,25.089,25.289,25.503,25.673,25.754,25.754,25.820,25.916,25.953,25.923,25.879,25.857,25.761,25.584,25.370,25.155,24.888,24.568,24.247,23.933,23.655,23.414,23.188,23.006,22.878,22.794,22.703,22.620,22.566,22.551,22.528,22.506,22.475,22.460,22.445,22.437,22.422,22.399,22.361,22.323,22.285,22.262,22.262,22.262,22.254,22.239,22.224,22.209,22.201,22.201,22.193,22.193,22.186,22.186,22.186,22.178,22.170,22.163,22.155,22.147,22.140,22.140,22.132,22.132,22.125,22.125,22.117,22.117,22.109,22.094,22.086,22.071,22.056,22.041,22.033,22.033,22.025,22.025,22.025,22.018,22.018,22.018,22.002,21.995,21.987,21.979,21.972,21.964,21.956,21.956,21.949,21.949,21.949,21.949,21.941,21.941,21.941,21.949,21.941,21.941,21.941,21.941,21.941,21.941,21.941,21.941,21.941,21.941,21.949,21.949,21.949,21.949,21.949,21.956,21.956,21.956,21.972,21.979,22.002,22.018,22.048,22.079,22.109,22.140,22.170,22.201,22.224,22.239,22.254,22.262,22.285,22.300,22.315,22.315,22.308,22.300,22.285,22.277,22.277,22.292,22.300,22.292,22.292,22.285,22.277,22.277,22.270,22.262,22.262,22.262,22.270,22.277,22.285,22.277,22.270,22.254,22.247,22.224,22.209,22.201,22.193,22.178,22.178,22.170,22.170,22.163,22.140,22.117,22.094,22.079,22.063,22.063,22.056,22.056,22.056,22.063,22.071,22.086,22.094,22.109,22.125,22.140,22.163,22.186,22.209,22.239,22.254,22.270,22.292,22.315,22.346,22.376,22.407,22.445,22.483,22.513,22.544,22.566,22.582,22.582,22.589,22.612,22.650,22.680,22.711,22.733,22.749,22.749
,23.354,23.354,23.354,23.354,23.354,23.346,23.346,23.339,23.331,23.324,23.309,23.301,23.286,23.278,23.271,23.271,23.263,23.256,23.233,23.218,23.195,23.173,23.165,23.158,23.150,23.135,23.120,23.105,23.082,23.067,23.052,23.029,23.014,22.991,22.961,22.946,22.915,22.885,22.862,22.832,22.809,22.787,22.771,22.756,22.741,22.726,22.703,22.688,22.673,22.642,22.604,22.574,22.544,22.506,22.483,22.475,22.460,22.437,22.407,22.384,22.369,22.361,22.369,22.384,22.399,22.407,22.399,22.391,22.384,22.376,22.376,22.376,22.376,22.376,22.376,22.369,22.369,22.369,22.361,22.361,22.353,22.353,22.353,22.353,22.353,22.361,22.361,22.361,22.369,22.369,22.369,22.369,22.369,22.369,22.369,22.369,22.369,22.369,22.376,22.376,22.384,22.391,22.399,22.399,22.407,22.414,22.429,22.437,22.445,22.460,22.475,22.483,22.490,22.498,22.506,22.506,22.506,22.498,22.490,22.475,22.460,22.437,22.429,22.414,22.399,22.391,22.369,22.361,22.346,22.330,22.315,22.308,22.292,22.270,22.247,22.224,22.201,22.178,22.155,22.140,22.125,22.109,22.102,22.094,22.094,22.086,22.079,22.071,22.071,22.063,22.048,22.048,22.041,22.025,22.010,21.995,21.987,21.972,21.972,21.979,21.987,21.987,21.995,21.995,21.995,22.002,22.002,22.002,22.002,22.010,22.010,22.010,22.018,22.018,22.018,22.010,22.010,22.010,22.010,22.010,22.010,22.010,22.018,22.033,22.041,22.048,22.063,22.063,22.071,22.079,22.086,22.102,22.109,22.117,22.125,22.132,22.132,22.140,22.140,22.147,22.155,22.163,22.170,22.186,22.193,22.209,22.224,22.231,22.239,22.247,22.262,22.270,22.277,22.285,22.300,22.308,22.308,22.323,22.330,22.338,22.346,22.361,22.361,22.376,22.384,22.384,22.399,22.407,22.414,22.422,22.429,22.437,22.437,22.452,22.452,22.460,22.460,22.475,22.483,22.490,22.506,22.528,22.551,22.574,22.589,22.604,22.612,22.597,22.574,22.574,22.582,22.582,22.597,22.620,22.642,22.650,22.658,22.658,22.612,22.604,22.604,22.620,22.627,22.794,23.006,23.226,23.474,23.843,24.225,24.583,24.881,25.111,25.333,25.540,25.725,25.776,25.806,25.857,25.953,25.975,25.960,25.923,25.901,25.783,25.607,25.385,25.163,24.896,24.591,24.262,23.948,23.670,23.422,23.195,22.999,22.885,22.802,22.726,22.635,22.589,22.559,22.536,22.513,22.498,22.483,22.460,22.437,22.437,22.429,22.407,22.376,22.330,22.300,22.270,22.254,22.254,22.247,22.239,22.224,22.209,22.201,22.193,22.186,22.186,22.186,22.178,22.178,22.170,22.170,22.163,22.155,22.155,22.147,22.140,22.132,22.132,22.125,22.117,22.109,22.109,22.102,22.094,22.079,22.063,22.048,22.041,22.025,22.025,22.025,22.018,22.018,22.010,22.010,22.010,21.995,21.987,21.987,21.979,21.964,21.956,21.956,21.949,21.949,21.949,21.941,21.941,21.941,21.941,21.941,21.941,21.934,21.934,21.934,21.934,21.926,21.926,21.926,21.926,21.934,21.941,21.941,21.949,21.949,21.949,21.949,21.956,21.956,21.956,21.964,21.979,21.995,22.010,22.033,22.063,22.094,22.125,22.155,22.178,22.201,22.216,22.224,22.239,22.247,22.262,22.277,22.285,22.285,22.285,22.277,22.277,22.285,22.292,22.300,22.300,22.292,22.277,22.270,22.262,22.254,22.247,22.247,22.254,22.262,22.270,22.277,22.277,22.270,22.254,22.239,22.224,22.209,22.209,22.201,22.193,22.193,22.193,22.193,22.186,22.163,22.147,22.125,22.109,22.094,22.086,22.086,22.086,22.079,22.079,22.086,22.094,22.109,22.117,22.132,22.147,22.170,22.186,22.209,22.231,22.254,22.270,22.285,22.315,22.346,22.376,22.407,22.445,22.483,22.506,22.536,22.559,22.574,22.574,22.582,22.597,22.635,22.665,22.696,22.711,22.718,22.718
,23.354,23.346,23.346,23.346,23.339,23.339,23.339,23.331,23.324,23.316,23.301,23.293,23.278,23.271,23.263,23.263,23.256,23.241,23.226,23.210,23.195,23.173,23.165,23.158,23.150,23.135,23.120,23.105,23.089,23.067,23.052,23.037,23.014,22.991,22.961,22.938,22.915,22.885,22.855,22.832,22.809,22.787,22.771,22.756,22.749,22.726,22.703,22.688,22.665,22.635,22.597,22.566,22.536,22.506,22.483,22.475,22.468,22.445,22.414,22.384,22.361,22.346,22.353,22.376,22.391,22.399,22.391,22.384,22.376,22.361,22.361,22.361,22.361,22.361,22.361,22.361,22.361,22.361,22.353,22.353,22.346,22.338,22.338,22.338,22.338,22.346,22.353,22.361,22.369,22.376,22.384,22.384,22.384,22.391,22.384,22.384,22.376,22.376,22.384,22.391,22.399,22.407,22.407,22.407,22.407,22.422,22.429,22.437,22.452,22.468,22.483,22.490,22.498,22.506,22.513,22.513,22.506,22.498,22.483,22.468,22.445,22.429,22.414,22.407,22.391,22.376,22.369,22.361,22.353,22.338,22.323,22.308,22.292,22.270,22.247,22.231,22.209,22.178,22.155,22.132,22.117,22.102,22.086,22.086,22.086,22.086,22.071,22.071,22.063,22.056,22.041,22.033,22.025,22.010,21.995,21.987,21.972,21.964,21.964,21.964,21.972,21.972,21.972,21.972,21.972,21.979,21.979,21.987,21.987,21.987,21.995,21.995,21.995,21.995,21.995,21.995,21.995,21.995,21.995,21.995,21.995,22.002,22.010,22.018,22.033,22.041,22.056,22.056,22.063,22.071,22.079,22.086,22.094,22.102,22.117,22.117,22.125,22.132,22.132,22.140,22.140,22.147,22.163,22.170,22.186,22.201,22.216,22.216,22.231,22.239,22.254,22.254,22.270,22.277,22.292,22.300,22.308,22.315,22.330,22.338,22.346,22.353,22.361,22.376,22.384,22.391,22.399,22.407,22.414,22.414,22.429,22.429,22.437,22.445,22.452,22.452,22.460,22.475,22.483,22.490,22.506,22.528,22.559,22.574,22.589,22.589,22.574,22.566,22.566,22.582,22.582,22.589,22.612,22.642,22.642,22.650,22.642,22.627,22.597,22.612,22.620,22.642,22.756,22.999,23.248,23.482,23.828,24.232,24.606,24.926,25.170,25.378,25.570,25.747,25.835,25.850,25.894,25.975,26.019,25.990,25.960,25.923,25.850,25.651,25.422,25.178,24.918,24.606,24.277,23.963,23.678,23.429,23.203,22.999,22.862,22.787,22.726,22.650,22.597,22.566,22.544,22.513,22.498,22.490,22.475,22.452,22.429,22.429,22.422,22.414,22.384,22.338,22.300,22.270,22.254,22.247,22.247,22.239,22.224,22.209,22.201,22.186,22.186,22.178,22.178,22.170,22.170,22.163,22.163,22.155,22.155,22.155,22.147,22.140,22.132,22.125,22.117,22.109,22.102,22.102,22.094,22.079,22.071,22.056,22.041,22.033,22.018,22.018,22.010,22.010,22.010,22.002,22.002,22.002,21.987,21.987,21.979,21.972,21.956,21.956,21.949,21.941,21.941,21.941,21.941,21.934,21.934,21.934,21.934,21.934,21.926,21.926,21.926,21.926,21.918,21.918,21.918,21.918,21.926,21.926,21.934,21.941,21.941,21.941,21.949,21.949,21.956,21.956,21.964,21.979,21.995,22.002,22.025,22.048,22.079,22.102,22.132,22.155,22.170,22.186,22.193,22.209,22.216,22.231,22.239,22.247,22.254,22.262,22.270,22.270,22.285,22.292,22.300,22.300,22.285,22.270,22.254,22.239,22.239,22.239,22.247,22.254,22.254,22.270,22.277,22.277,22.262,22.247,22.231,22.224,22.216,22.216,22.209,22.209,22.201,22.209,22.209,22.201,22.186,22.163,22.147,22.132,22.117,22.109,22.109,22.102,22.094,22.094,22.094,22.102,22.109,22.125,22.140,22.155,22.178,22.193,22.209,22.231,22.247,22.262,22.277,22.308,22.338,22.369,22.407,22.437,22.475,22.498,22.521,22.544,22.559,22.566,22.574,22.589,22.627,22.658,22.688,22.703,22.703,22.703
,23.346,23.339,23.339,23.339,23.331,23.324,23.324,23.324,23.316,23.309,23.301,23.286,23.278,23.263,23.256,23.248,23.248,23.233,23.218,23.203,23.188,23.173,23.165,23.158,23.142,23.127,23.120,23.105,23.089,23.074,23.052,23.037,23.014,22.991,22.961,22.938,22.915,22.885,22.855,22.832,22.809,22.787,22.771,22.764,22.749,22.733,22.711,22.688,22.658,22.627,22.589,22.559,22.536,22.506,22.483,22.483,22.475,22.452,22.422,22.391,22.361,22.346,22.353,22.369,22.384,22.391,22.391,22.376,22.369,22.369,22.361,22.361,22.361,22.361,22.361,22.361,22.361,22.353,22.353,22.346,22.338,22.330,22.330,22.330,22.330,22.338,22.346,22.353,22.369,22.376,22.384,22.391,22.399,22.399,22.399,22.391,22.384,22.384,22.391,22.399,22.407,22.422,22.422,22.414,22.414,22.422,22.429,22.445,22.460,22.475,22.490,22.498,22.506,22.513,22.521,22.521,22.513,22.498,22.483,22.468,22.445,22.414,22.407,22.391,22.384,22.369,22.369,22.361,22.353,22.338,22.323,22.308,22.292,22.270,22.247,22.231,22.209,22.178,22.147,22.132,22.109,22.094,22.086,22.079,22.079,22.079,22.071,22.063,22.056,22.041,22.033,22.025,22.018,22.002,21.987,21.972,21.964,21.956,21.956,21.949,21.956,21.956,21.949,21.949,21.956,21.956,21.956,21.964,21.964,21.964,21.972,21.972,21.972,21.972,21.979,21.979,21.979,21.979,21.979,21.979,21.979,21.987,21.995,22.010,22.018,22.033,22.041,22.048,22.056,22.063,22.063,22.071,22.079,22.094,22.102,22.109,22.117,22.125,22.125,22.125,22.132,22.140,22.147,22.163,22.178,22.193,22.201,22.209,22.216,22.231,22.239,22.247,22.254,22.270,22.277,22.292,22.300,22.315,22.323,22.330,22.338,22.353,22.361,22.376,22.384,22.391,22.399,22.399,22.407,22.414,22.422,22.429,22.437,22.445,22.445,22.452,22.460,22.475,22.483,22.498,22.513,22.536,22.559,22.574,22.574,22.566,22.521,22.544,22.566,22.582,22.589,22.612,22.627,22.642,22.642,22.642,22.627,22.597,22.620,22.627,22.635,22.711,22.991,23.226,23.482,23.798,24.247,24.613,24.948,25.244,25.415,25.629,25.798,25.887,25.857,25.938,26.019,26.070,26.019,25.997,25.967,25.901,25.717,25.474,25.230,24.963,24.621,24.300,23.978,23.678,23.429,23.203,22.999,22.840,22.771,22.711,22.650,22.589,22.582,22.551,22.521,22.490,22.498,22.490,22.468,22.445,22.422,22.422,22.422,22.414,22.384,22.346,22.300,22.270,22.247,22.239,22.239,22.231,22.216,22.209,22.201,22.186,22.186,22.178,22.170,22.163,22.163,22.155,22.155,22.155,22.155,22.147,22.140,22.132,22.125,22.117,22.109,22.102,22.086,22.086,22.079,22.071,22.056,22.041,22.033,22.018,22.010,22.002,22.002,21.995,21.995,21.995,21.987,21.987,21.979,21.979,21.972,21.956,21.956,21.949,21.941,21.934,21.934,21.934,21.934,21.934,21.926,21.926,21.926,21.918,21.918,21.918,21.911,21.911,21.903,21.903,21.911,21.911,21.911,21.918,21.926,21.934,21.934,21.934,21.941,21.949,21.949,21.956,21.964,21.979,21.987,22.002,22.018,22.041,22.063,22.079,22.102,22.125,22.147,22.155,22.163,22.170,22.193,22.201,22.209,22.216,22.231,22.239,22.254,22.262,22.277,22.285,22.292,22.292,22.277,22.254,22.239,22.224,22.224,22.231,22.239,22.254,22.262,22.262,22.270,22.270,22.262,22.239,22.231,22.216,22.209,22.209,22.209,22.209,22.209,22.209,22.209,22.201,22.186,22.170,22.155,22.140,22.125,22.125,22.117,22.109,22.102,22.094,22.094,22.102,22.109,22.125,22.140,22.163,22.178,22.186,22.201,22.224,22.239,22.254,22.270,22.300,22.338,22.361,22.391,22.429,22.452,22.475,22.498,22.521,22.544,22.551,22.566,22.589,22.627,22.658,22.688,22.703,22.703,22.703
,23.339,23.339,23.339,23.324,23.316,23.316,23.309,23.309,23.301,23.301,23.286,23.278,23.271,23.256,23.248,23.241,23.233,23.218,23.203,23.195,23.180,23.165,23.158,23.158,23.150,23.135,23.120,23.112,23.097,23.074,23.052,23.037,23.014,22.984,22.953,22.938,22.915,22.885,22.855,22.840,22.817,22.794,22.779,22.771,22.756,22.733,22.703,22.680,22.650,22.620,22.582,22.559,22.528,22.498,22.490,22.483,22.483,22.468,22.429,22.399,22.376,22.353,22.353,22.369,22.384,22.391,22.391,22.384,22.376,22.369,22.369,22.361,22.361,22.361,22.361,22.361,22.361,22.353,22.353,22.346,22.338,22.330,22.330,22.330,22.338,22.346,22.346,22.353,22.361,22.369,22.376,22.384,22.391,22.391,22.391,22.391,22.391,22.391,22.399,22.407,22.414,22.422,22.422,22.414,22.414,22.422,22.429,22.445,22.460,22.475,22.490,22.506,22.513,22.521,22.521,22.521,22.521,22.506,22.483,22.468,22.445,22.422,22.407,22.391,22.384,22.369,22.361,22.361,22.346,22.330,22.323,22.308,22.285,22.262,22.239,22.224,22.201,22.178,22.147,22.132,22.109,22.094,22.079,22.079,22.071,22.071,22.056,22.048,22.041,22.033,22.018,22.010,22.002,21.987,21.979,21.972,21.964,21.956,21.949,21.949,21.949,21.949,21.941,21.941,21.934,21.934,21.934,21.941,21.941,21.941,21.949,21.949,21.949,21.949,21.956,21.964,21.964,21.972,21.972,21.964,21.964,21.972,21.987,21.995,22.010,22.025,22.033,22.041,22.041,22.056,22.063,22.063,22.071,22.079,22.094,22.102,22.109,22.117,22.125,22.125,22.125,22.132,22.140,22.163,22.170,22.186,22.193,22.201,22.209,22.216,22.231,22.239,22.247,22.262,22.270,22.277,22.292,22.300,22.315,22.315,22.330,22.338,22.353,22.361,22.369,22.384,22.391,22.391,22.399,22.414,22.414,22.429,22.437,22.445,22.452,22.452,22.460,22.475,22.490,22.506,22.521,22.544,22.566,22.574,22.559,22.521,22.536,22.559,22.574,22.589,22.612,22.635,22.642,22.635,22.650,22.620,22.604,22.612,22.635,22.627,22.733,22.961,23.195,23.452,23.805,24.247,24.606,24.977,25.259,25.466,25.710,25.857,25.901,25.894,25.982,26.056,26.078,26.041,26.026,26.019,25.945,25.776,25.540,25.296,25.000,24.650,24.322,24.000,23.700,23.437,23.210,22.999,22.847,22.771,22.711,22.635,22.589,22.589,22.566,22.521,22.506,22.506,22.506,22.490,22.468,22.445,22.429,22.429,22.429,22.422,22.391,22.346,22.308,22.277,22.247,22.239,22.231,22.216,22.209,22.201,22.193,22.186,22.178,22.170,22.163,22.163,22.155,22.155,22.155,22.155,22.147,22.132,22.125,22.125,22.109,22.102,22.094,22.086,22.079,22.071,22.063,22.056,22.041,22.033,22.018,22.010,21.995,21.995,21.995,21.995,21.987,21.979,21.972,21.972,21.964,21.964,21.956,21.956,21.949,21.941,21.934,21.934,21.926,21.926,21.926,21.926,21.926,21.918,21.918,21.918,21.911,21.911,21.903,21.903,21.903,21.903,21.903,21.903,21.911,21.911,21.918,21.926,21.934,21.934,21.934,21.941,21.949,21.949,21.956,21.972,21.979,21.995,22.010,22.025,22.048,22.063,22.079,22.102,22.117,22.125,22.140,22.147,22.170,22.178,22.193,22.201,22.216,22.224,22.239,22.247,22.262,22.270,22.277,22.277,22.262,22.239,22.224,22.216,22.224,22.239,22.247,22.262,22.262,22.262,22.262,22.262,22.247,22.231,22.216,22.209,22.209,22.209,22.209,22.209,22.201,22.193,22.186,22.178,22.163,22.147,22.132,22.125,22.109,22.102,22.102,22.102,22.086,22.079,22.071,22.079,22.094,22.109,22.132,22.155,22.170,22.178,22.193,22.209,22.224,22.247,22.270,22.292,22.323,22.346,22.376,22.407,22.429,22.452,22.475,22.498,22.521,22.536,22.551,22.582,22.627,22.658,22.688,22.703,22.703,22.703
,23.339,23.331,23.331,23.324,23.309,23.301,23.301,23.293,23.293,23.286,23.278,23.271,23.263,23.256,23.241,23.233,23.226,23.218,23.195,23.188,23.173,23.165,23.158,23.158,23.150,23.135,23.120,23.112,23.097,23.074,23.052,23.029,23.006,22.976,22.946,22.931,22.908,22.885,22.862,22.840,22.824,22.802,22.787,22.779,22.764,22.733,22.703,22.680,22.650,22.620,22.582,22.551,22.521,22.498,22.490,22.490,22.490,22.483,22.445,22.414,22.391,22.369,22.369,22.376,22.391,22.391,22.391,22.391,22.384,22.384,22.376,22.376,22.376,22.376,22.369,22.361,22.361,22.361,22.353,22.353,22.346,22.346,22.346,22.346,22.353,22.353,22.353,22.353,22.353,22.353,22.361,22.369,22.369,22.376,22.384,22.391,22.399,22.399,22.407,22.407,22.414,22.414,22.414,22.414,22.414,22.422,22.429,22.445,22.460,22.475,22.490,22.506,22.513,22.521,22.528,22.528,22.521,22.506,22.490,22.468,22.452,22.429,22.414,22.399,22.391,22.376,22.361,22.361,22.346,22.330,22.315,22.300,22.277,22.254,22.231,22.216,22.201,22.178,22.155,22.132,22.117,22.102,22.086,22.079,22.071,22.063,22.048,22.041,22.033,22.025,22.018,22.010,22.002,21.987,21.979,21.979,21.964,21.956,21.949,21.949,21.941,21.941,21.934,21.934,21.934,21.926,21.918,21.918,21.926,21.926,21.934,21.934,21.934,21.934,21.941,21.949,21.956,21.956,21.956,21.956,21.956,21.964,21.979,21.987,22.002,22.018,22.033,22.033,22.041,22.048,22.056,22.063,22.063,22.071,22.086,22.094,22.102,22.117,22.117,22.125,22.132,22.132,22.147,22.155,22.170,22.178,22.193,22.201,22.201,22.216,22.224,22.231,22.247,22.254,22.270,22.277,22.285,22.292,22.300,22.308,22.323,22.330,22.346,22.353,22.361,22.369,22.384,22.391,22.399,22.407,22.414,22.429,22.437,22.445,22.452,22.460,22.460,22.475,22.490,22.506,22.528,22.551,22.574,22.559,22.551,22.536,22.551,22.566,22.589,22.612,22.635,22.635,22.642,22.642,22.620,22.604,22.612,22.627,22.627,22.749,22.931,23.158,23.392,23.790,24.210,24.621,24.985,25.267,25.518,25.747,25.931,25.945,25.960,25.997,26.063,26.070,26.063,26.048,26.056,25.967,25.820,25.607,25.355,25.044,24.702,24.352,24.023,23.730,23.467,23.226,23.006,22.870,22.779,22.711,22.627,22.597,22.589,22.574,22.536,22.521,22.513,22.513,22.506,22.490,22.475,22.460,22.445,22.445,22.445,22.437,22.399,22.353,22.308,22.277,22.247,22.231,22.224,22.216,22.209,22.201,22.193,22.186,22.178,22.170,22.163,22.155,22.155,22.155,22.155,22.147,22.140,22.132,22.117,22.102,22.094,22.094,22.086,22.079,22.063,22.063,22.056,22.041,22.033,22.018,22.010,21.995,21.987,21.987,21.987,21.987,21.972,21.972,21.964,21.956,21.949,21.956,21.956,21.949,21.941,21.934,21.934,21.926,21.926,21.926,21.918,21.918,21.918,21.918,21.911,21.911,21.911,21.903,21.903,21.903,21.903,21.903,21.903,21.903,21.903,21.911,21.918,21.926,21.926,21.934,21.934,21.941,21.941,21.949,21.956,21.964,21.979,21.995,22.010,22.025,22.041,22.056,22.063,22.079,22.094,22.109,22.125,22.140,22.155,22.170,22.186,22.201,22.216,22.216,22.224,22.231,22.239,22.254,22.262,22.254,22.247,22.231,22.216,22.216,22.224,22.247,22.262,22.270,22.270,22.262,22.254,22.247,22.239,22.224,22.209,22.201,22.193,22.201,22.201,22.193,22.178,22.170,22.155,22.140,22.125,22.117,22.102,22.094,22.086,22.079,22.079,22.071,22.063,22.048,22.048,22.056,22.071,22.102,22.125,22.147,22.163,22.170,22.178,22.201,22.216,22.239,22.262,22.285,22.315,22.330,22.353,22.384,22.407,22.429,22.452,22.483,22.506,22.521,22.536,22.566,22.620,22.658,22.680,22.703,22.711,22.711
,23.331,23.331,23.324,23.316,23.301,23.293,23.286,23.286,23.278,23.278,23.271,23.263,23.256,23.248,23.233,23.226,23.218,23.203,23.188,23.180,23.173,23.158,23.158,23.150,23.150,23.135,23.127,23.112,23.097,23.074,23.052,23.029,22.999,22.968,22.946,22.923,22.908,22.885,22.862,22.847,22.824,22.809,22.787,22.779,22.764,22.741,22.711,22.680,22.650,22.620,22.574,22.544,22.521,22.498,22.490,22.498,22.506,22.490,22.460,22.429,22.407,22.384,22.376,22.384,22.391,22.399,22.399,22.391,22.391,22.391,22.391,22.384,22.384,22.384,22.376,22.369,22.369,22.361,22.361,22.361,22.361,22.353,22.353,22.361,22.361,22.361,22.361,22.353,22.346,22.346,22.346,22.353,22.353,22.361,22.376,22.391,22.399,22.407,22.414,22.414,22.414,22.414,22.414,22.414,22.414,22.422,22.437,22.452,22.468,22.483,22.498,22.506,22.513,22.521,22.528,22.528,22.521,22.506,22.490,22.475,22.452,22.429,22.414,22.407,22.399,22.384,22.369,22.361,22.346,22.330,22.315,22.292,22.277,22.254,22.231,22.216,22.201,22.178,22.155,22.140,22.125,22.109,22.086,22.079,22.071,22.056,22.048,22.041,22.033,22.018,22.010,22.010,22.002,21.995,21.987,21.979,21.972,21.964,21.956,21.949,21.941,21.934,21.926,21.926,21.918,21.918,21.911,21.911,21.903,21.911,21.911,21.911,21.918,21.926,21.934,21.934,21.941,21.949,21.949,21.949,21.956,21.964,21.972,21.987,21.995,22.010,22.025,22.033,22.041,22.048,22.056,22.056,22.063,22.071,22.079,22.094,22.102,22.117,22.117,22.125,22.132,22.140,22.147,22.155,22.163,22.178,22.186,22.193,22.201,22.216,22.224,22.231,22.239,22.254,22.262,22.270,22.277,22.292,22.292,22.308,22.315,22.323,22.338,22.346,22.353,22.369,22.376,22.384,22.391,22.407,22.414,22.429,22.437,22.452,22.452,22.460,22.468,22.483,22.490,22.506,22.521,22.544,22.566,22.559,22.551,22.559,22.559,22.574,22.597,22.627,22.642,22.635,22.635,22.635,22.612,22.612,22.612,22.635,22.718,22.915,23.127,23.369,23.730,24.180,24.613,24.985,25.296,25.540,25.769,25.982,26.034,26.012,26.026,26.078,26.078,26.056,26.056,26.063,26.012,25.857,25.651,25.407,25.111,24.755,24.397,24.053,23.745,23.482,23.241,23.029,22.862,22.779,22.718,22.642,22.589,22.589,22.582,22.551,22.528,22.528,22.528,22.513,22.506,22.506,22.490,22.475,22.452,22.460,22.460,22.445,22.384,22.338,22.300,22.270,22.247,22.231,22.224,22.209,22.201,22.201,22.193,22.186,22.178,22.170,22.163,22.147,22.147,22.147,22.147,22.147,22.132,22.117,22.102,22.086,22.086,22.079,22.071,22.063,22.056,22.048,22.041,22.025,22.018,22.002,21.995,21.987,21.979,21.979,21.979,21.979,21.964,21.956,21.949,21.949,21.941,21.941,21.949,21.941,21.934,21.934,21.926,21.918,21.918,21.918,21.918,21.911,21.911,21.911,21.911,21.903,21.903,21.903,21.895,21.895,21.895,21.895,21.903,21.911,21.911,21.911,21.918,21.926,21.926,21.926,21.934,21.941,21.941,21.941,21.949,21.964,21.979,21.995,22.010,22.025,22.033,22.041,22.048,22.056,22.079,22.086,22.102,22.125,22.147,22.163,22.178,22.193,22.209,22.209,22.209,22.209,22.224,22.231,22.239,22.239,22.231,22.224,22.216,22.216,22.231,22.247,22.270,22.277,22.277,22.262,22.254,22.239,22.224,22.216,22.201,22.193,22.186,22.193,22.193,22.178,22.163,22.147,22.132,22.117,22.102,22.086,22.079,22.063,22.063,22.056,22.056,22.056,22.041,22.033,22.033,22.041,22.056,22.086,22.109,22.140,22.147,22.155,22.170,22.186,22.209,22.231,22.254,22.285,22.300,22.315,22.330,22.361,22.384,22.407,22.429,22.460,22.490,22.506,22.521,22.559,22.612,22.650,22.680,22.696,22.711,22.711
,23.324,23.324,23.316,23.301,23.293,23.278,23.278,23.271,23.271,23.263,23.256,23.256,23.248,23.233,23.226,23.218,23.210,23.195,23.188,23.173,23.165,23.158,23.158,23.150,23.142,23.135,23.127,23.120,23.105,23.082,23.052,23.029,22.999,22.968,22.938,22.923,22.908,22.885,22.862,22.847,22.832,22.809,22.794,22.787,22.771,22.741,22.711,22.680,22.650,22.620,22.574,22.544,22.521,22.498,22.498,22.506,22.506,22.498,22.475,22.445,22.414,22.391,22.391,22.391,22.399,22.391,22.391,22.391,22.399,22.399,22.399,22.399,22.391,22.391,22.384,22.376,22.369,22.369,22.369,22.369,22.369,22.369,22.369,22.369,22.369,22.361,22.361,22.353,22.346,22.346,22.346,22.346,22.346,22.361,22.369,22.391,22.399,22.414,22.422,22.414,22.414,22.414,22.414,22.414,22.422,22.429,22.445,22.460,22.475,22.490,22.498,22.513,22.521,22.521,22.521,22.521,22.521,22.506,22.490,22.475,22.452,22.429,22.422,22.407,22.399,22.384,22.369,22.361,22.346,22.330,22.308,22.292,22.277,22.254,22.231,22.216,22.201,22.178,22.163,22.147,22.132,22.109,22.094,22.079,22.071,22.056,22.048,22.033,22.025,22.018,22.010,22.002,22.002,21.995,21.987,21.979,21.972,21.964,21.956,21.949,21.941,21.934,21.926,21.918,21.911,21.903,21.895,21.895,21.888,21.888,21.895,21.895,21.903,21.911,21.918,21.926,21.934,21.941,21.941,21.941,21.949,21.964,21.972,21.979,21.987,22.010,22.018,22.025,22.033,22.041,22.048,22.056,22.063,22.071,22.079,22.094,22.102,22.117,22.117,22.125,22.132,22.140,22.147,22.155,22.163,22.178,22.186,22.193,22.201,22.216,22.224,22.231,22.239,22.254,22.262,22.270,22.277,22.292,22.300,22.308,22.315,22.323,22.330,22.346,22.353,22.369,22.376,22.384,22.391,22.407,22.414,22.429,22.437,22.452,22.452,22.460,22.468,22.483,22.490,22.498,22.513,22.528,22.551,22.559,22.566,22.559,22.566,22.582,22.612,22.642,22.642,22.635,22.627,22.620,22.620,22.620,22.627,22.680,22.908,23.105,23.339,23.655,24.188,24.598,24.977,25.333,25.548,25.791,26.004,26.129,26.048,26.078,26.107,26.092,26.034,26.048,26.063,26.041,25.887,25.688,25.451,25.163,24.792,24.434,24.090,23.760,23.497,23.263,23.037,22.847,22.779,22.726,22.658,22.582,22.589,22.582,22.559,22.528,22.544,22.544,22.521,22.506,22.513,22.513,22.498,22.475,22.452,22.460,22.460,22.437,22.361,22.323,22.292,22.262,22.247,22.231,22.216,22.201,22.201,22.193,22.193,22.186,22.178,22.163,22.155,22.147,22.147,22.147,22.147,22.132,22.117,22.102,22.086,22.071,22.063,22.063,22.056,22.048,22.041,22.033,22.025,22.010,21.995,21.987,21.979,21.972,21.964,21.964,21.964,21.964,21.956,21.949,21.941,21.934,21.926,21.934,21.934,21.934,21.926,21.926,21.918,21.911,21.911,21.911,21.911,21.903,21.903,21.903,21.903,21.895,21.895,21.895,21.888,21.888,21.888,21.895,21.903,21.903,21.903,21.911,21.918,21.918,21.918,21.926,21.934,21.934,21.934,21.934,21.941,21.956,21.972,21.987,22.002,22.018,22.025,22.025,22.033,22.033,22.056,22.063,22.086,22.109,22.132,22.155,22.170,22.186,22.193,22.193,22.186,22.186,22.201,22.209,22.224,22.224,22.216,22.209,22.209,22.216,22.231,22.254,22.270,22.277,22.277,22.262,22.247,22.231,22.224,22.209,22.201,22.186,22.186,22.186,22.186,22.170,22.155,22.140,22.117,22.102,22.086,22.071,22.063,22.056,22.048,22.048,22.048,22.048,22.033,22.025,22.025,22.033,22.048,22.071,22.094,22.117,22.140,22.140,22.147,22.170,22.201,22.224,22.247,22.277,22.292,22.300,22.315,22.338,22.361,22.384,22.414,22.445,22.475,22.490,22.513,22.544,22.597,22.642,22.673,22.688,22.703,22.703
,23.324,23.316,23.309,23.293,23.286,23.278,23.271,23.271,23.263,23.256,23.248,23.241,23.233,23.226,23.218,23.210,23.203,23.188,23.180,23.173,23.165,23.158,23.150,23.150,23.142,23.127,23.127,23.120,23.105,23.089,23.059,23.037,23.006,22.976,22.946,22.931,22.908,22.885,22.862,22.847,22.832,22.817,22.802,22.787,22.771,22.741,22.711,22.680,22.650,22.620,22.574,22.551,22.528,22.498,22.498,22.506,22.513,22.506,22.483,22.452,22.422,22.399,22.391,22.391,22.399,22.391,22.391,22.391,22.399,22.399,22.399,22.399,22.391,22.391,22.391,22.384,22.376,22.369,22.369,22.369,22.369,22.369,22.369,22.369,22.369,22.361,22.361,22.353,22.346,22.346,22.346,22.346,22.353,22.361,22.376,22.391,22.407,22.422,22.422,22.422,22.414,22.414,22.414,22.429,22.437,22.445,22.460,22.475,22.483,22.498,22.506,22.513,22.521,22.521,22.521,22.513,22.506,22.490,22.483,22.468,22.445,22.429,22.414,22.407,22.391,22.376,22.369,22.353,22.346,22.323,22.308,22.292,22.270,22.254,22.231,22.216,22.201,22.178,22.163,22.147,22.132,22.117,22.102,22.086,22.071,22.056,22.041,22.033,22.025,22.018,22.010,22.002,21.995,21.987,21.987,21.979,21.972,21.964,21.956,21.941,21.934,21.926,21.911,21.903,21.895,21.895,21.880,21.880,21.880,21.880,21.880,21.880,21.895,21.903,21.911,21.911,21.918,21.934,21.941,21.941,21.949,21.956,21.964,21.972,21.979,21.995,22.010,22.018,22.025,22.033,22.041,22.048,22.056,22.071,22.079,22.086,22.094,22.109,22.117,22.125,22.132,22.140,22.147,22.163,22.170,22.186,22.193,22.201,22.209,22.224,22.224,22.231,22.239,22.254,22.262,22.277,22.285,22.300,22.300,22.308,22.315,22.330,22.338,22.346,22.353,22.369,22.376,22.384,22.391,22.407,22.414,22.429,22.437,22.452,22.452,22.460,22.460,22.475,22.483,22.490,22.483,22.468,22.498,22.521,22.544,22.559,22.566,22.604,22.627,22.642,22.642,22.635,22.635,22.635,22.620,22.612,22.688,22.862,23.044,23.286,23.663,24.165,24.583,24.985,25.311,25.562,25.806,26.034,26.129,26.100,26.136,26.136,26.092,26.034,26.063,26.085,26.041,25.909,25.725,25.488,25.178,24.821,24.464,24.105,23.790,23.512,23.278,23.044,22.878,22.779,22.733,22.650,22.604,22.597,22.597,22.566,22.551,22.559,22.551,22.528,22.513,22.513,22.513,22.506,22.483,22.460,22.445,22.445,22.429,22.391,22.346,22.315,22.292,22.270,22.247,22.231,22.216,22.201,22.193,22.193,22.186,22.178,22.178,22.163,22.155,22.147,22.147,22.140,22.132,22.117,22.102,22.094,22.079,22.063,22.056,22.048,22.041,22.041,22.025,22.018,22.010,21.995,21.979,21.972,21.964,21.956,21.956,21.956,21.956,21.956,21.941,21.934,21.926,21.926,21.918,21.918,21.926,21.926,21.926,21.918,21.911,21.911,21.911,21.911,21.911,21.903,21.903,21.903,21.903,21.895,21.895,21.888,21.888,21.888,21.888,21.888,21.895,21.903,21.903,21.911,21.911,21.918,21.918,21.926,21.926,21.934,21.934,21.934,21.934,21.949,21.956,21.979,21.995,22.010,22.018,22.010,22.010,22.018,22.033,22.048,22.063,22.086,22.109,22.132,22.155,22.170,22.186,22.178,22.170,22.170,22.186,22.193,22.201,22.209,22.209,22.209,22.209,22.216,22.231,22.247,22.262,22.277,22.270,22.254,22.247,22.224,22.216,22.209,22.201,22.186,22.186,22.186,22.186,22.170,22.155,22.140,22.125,22.102,22.086,22.071,22.063,22.056,22.056,22.063,22.063,22.063,22.048,22.048,22.041,22.048,22.056,22.071,22.086,22.102,22.117,22.125,22.140,22.163,22.193,22.224,22.247,22.277,22.285,22.292,22.300,22.315,22.346,22.369,22.399,22.429,22.460,22.483,22.506,22.536,22.589,22.627,22.658,22.680,22.688,22.688
,23.316,23.316,23.309,23.293,23.278,23.271,23.263,23.263,23.256,23.248,23.241,23.233,23.226,23.210,23.203,23.203,23.195,23.188,23.180,23.173,23.165,23.158,23.150,23.142,23.135,23.127,23.127,23.120,23.112,23.097,23.067,23.044,23.014,22.984,22.953,22.931,22.908,22.885,22.862,22.847,22.832,22.817,22.802,22.787,22.771,22.741,22.711,22.688,22.658,22.620,22.582,22.551,22.528,22.506,22.498,22.513,22.513,22.506,22.475,22.452,22.422,22.399,22.391,22.391,22.391,22.391,22.391,22.391,22.391,22.391,22.391,22.391,22.391,22.391,22.391,22.384,22.376,22.369,22.369,22.369,22.369,22.369,22.369,22.369,22.361,22.361,22.361,22.353,22.353,22.361,22.361,22.361,22.361,22.369,22.384,22.399,22.407,22.422,22.422,22.422,22.422,22.422,22.429,22.437,22.452,22.460,22.475,22.483,22.490,22.498,22.506,22.513,22.513,22.506,22.506,22.506,22.498,22.483,22.475,22.460,22.445,22.429,22.414,22.399,22.391,22.376,22.361,22.353,22.338,22.323,22.308,22.292,22.270,22.254,22.239,22.216,22.201,22.186,22.170,22.155,22.140,22.125,22.102,22.086,22.071,22.056,22.041,22.041,22.033,22.018,22.010,22.002,21.995,21.987,21.987,21.979,21.972,21.964,21.949,21.941,21.926,21.918,21.903,21.895,21.895,21.888,21.872,21.872,21.872,21.872,21.872,21.880,21.888,21.903,21.903,21.911,21.918,21.934,21.934,21.941,21.949,21.956,21.964,21.972,21.979,21.987,22.002,22.010,22.018,22.033,22.041,22.048,22.056,22.071,22.079,22.094,22.102,22.109,22.117,22.125,22.125,22.140,22.147,22.163,22.170,22.186,22.201,22.209,22.216,22.224,22.239,22.239,22.247,22.254,22.270,22.277,22.292,22.300,22.315,22.315,22.330,22.338,22.353,22.353,22.361,22.369,22.384,22.391,22.399,22.407,22.414,22.429,22.437,22.452,22.452,22.452,22.460,22.468,22.483,22.475,22.468,22.468,22.475,22.513,22.544,22.566,22.589,22.620,22.635,22.642,22.642,22.642,22.635,22.612,22.604,22.673,22.787,22.953,23.210,23.648,24.113,24.561,24.977,25.311,25.584,25.820,26.056,26.122,26.151,26.166,26.188,26.129,26.085,26.078,26.107,26.063,25.953,25.783,25.533,25.222,24.873,24.494,24.135,23.820,23.535,23.293,23.059,22.900,22.794,22.733,22.658,22.627,22.612,22.604,22.574,22.559,22.566,22.566,22.544,22.528,22.521,22.513,22.513,22.506,22.490,22.468,22.437,22.422,22.407,22.376,22.338,22.315,22.300,22.277,22.254,22.231,22.216,22.201,22.193,22.193,22.186,22.178,22.178,22.170,22.163,22.147,22.140,22.132,22.125,22.109,22.094,22.079,22.063,22.048,22.041,22.041,22.041,22.033,22.018,22.010,22.002,21.987,21.972,21.964,21.956,21.949,21.941,21.941,21.941,21.941,21.934,21.926,21.918,21.918,21.918,21.918,21.918,21.918,21.918,21.911,21.911,21.903,21.903,21.903,21.903,21.903,21.903,21.903,21.895,21.895,21.888,21.888,21.880,21.880,21.880,21.888,21.895,21.903,21.903,21.903,21.911,21.918,21.918,21.918,21.926,21.926,21.926,21.934,21.934,21.941,21.956,21.972,21.987,22.002,22.002,22.002,22.002,22.010,22.025,22.041,22.056,22.079,22.102,22.125,22.147,22.163,22.170,22.170,22.163,22.163,22.170,22.186,22.193,22.201,22.201,22.209,22.216,22.216,22.231,22.247,22.254,22.262,22.254,22.247,22.239,22.224,22.216,22.209,22.201,22.193,22.186,22.186,22.186,22.170,22.155,22.147,22.132,22.117,22.102,22.094,22.079,22.071,22.071,22.079,22.086,22.086,22.079,22.071,22.071,22.071,22.071,22.071,22.079,22.094,22.102,22.117,22.132,22.163,22.193,22.224,22.254,22.277,22.292,22.292,22.300,22.315,22.338,22.369,22.399,22.429,22.460,22.475,22.498,22.536,22.582,22.620,22.650,22.665,22.673,22.673
,23.316,23.309,23.301,23.286,23.271,23.263,23.256,23.256,23.248,23.241,23.226,23.218,23.210,23.203,23.195,23.195,23.188,23.188,23.180,23.173,23.165,23.158,23.150,23.142,23.135,23.120,23.120,23.120,23.112,23.097,23.067,23.044,23.021,22.984,22.961,22.931,22.908,22.885,22.862,22.847,22.832,22.817,22.802,22.787,22.771,22.749,22.718,22.688,22.665,22.627,22.589,22.559,22.536,22.513,22.506,22.513,22.513,22.506,22.475,22.445,22.422,22.399,22.391,22.391,22.391,22.391,22.391,22.384,22.384,22.384,22.384,22.391,22.391,22.391,22.391,22.384,22.376,22.376,22.376,22.376,22.369,22.369,22.369,22.361,22.361,22.361,22.361,22.361,22.361,22.369,22.369,22.369,22.376,22.376,22.391,22.399,22.407,22.422,22.422,22.422,22.422,22.429,22.437,22.452,22.460,22.475,22.483,22.498,22.498,22.506,22.513,22.513,22.506,22.498,22.498,22.490,22.483,22.475,22.460,22.452,22.437,22.422,22.407,22.399,22.384,22.376,22.361,22.353,22.338,22.323,22.308,22.292,22.277,22.262,22.239,22.224,22.209,22.193,22.170,22.163,22.147,22.125,22.102,22.094,22.079,22.063,22.048,22.041,22.033,22.025,22.018,22.010,21.995,21.987,21.987,21.979,21.972,21.956,21.941,21.934,21.918,21.911,21.895,21.895,21.888,21.880,21.872,21.865,21.865,21.872,21.872,21.880,21.888,21.903,21.903,21.911,21.918,21.934,21.934,21.941,21.949,21.956,21.964,21.972,21.979,21.987,21.995,22.010,22.018,22.025,22.041,22.048,22.056,22.071,22.086,22.094,22.102,22.117,22.117,22.125,22.132,22.140,22.155,22.170,22.178,22.201,22.209,22.224,22.231,22.239,22.247,22.254,22.262,22.270,22.277,22.292,22.300,22.315,22.323,22.330,22.338,22.353,22.361,22.369,22.376,22.384,22.391,22.399,22.399,22.407,22.422,22.429,22.445,22.452,22.452,22.452,22.460,22.468,22.483,22.483,22.475,22.475,22.483,22.521,22.559,22.589,22.612,22.627,22.635,22.642,22.642,22.635,22.620,22.597,22.635,22.733,22.885,23.120,23.542,24.053,24.531,24.948,25.326,25.599,25.850,26.070,26.173,26.166,26.180,26.224,26.180,26.122,26.114,26.136,26.122,26.019,25.857,25.629,25.304,24.933,24.553,24.180,23.835,23.557,23.309,23.082,22.900,22.809,22.741,22.680,22.635,22.627,22.620,22.597,22.566,22.566,22.574,22.566,22.544,22.536,22.528,22.521,22.521,22.521,22.513,22.490,22.445,22.422,22.399,22.369,22.346,22.323,22.308,22.285,22.262,22.239,22.224,22.201,22.193,22.186,22.186,22.178,22.170,22.170,22.163,22.147,22.132,22.125,22.117,22.094,22.079,22.071,22.056,22.041,22.033,22.033,22.025,22.025,22.010,22.002,21.987,21.979,21.964,21.956,21.949,21.941,21.934,21.934,21.934,21.934,21.926,21.918,21.911,21.911,21.911,21.911,21.911,21.911,21.911,21.903,21.903,21.903,21.895,21.895,21.903,21.895,21.895,21.895,21.895,21.888,21.888,21.880,21.880,21.880,21.880,21.888,21.895,21.895,21.895,21.903,21.911,21.918,21.918,21.918,21.918,21.918,21.926,21.926,21.934,21.934,21.949,21.964,21.979,21.987,21.995,21.987,21.987,22.002,22.010,22.033,22.048,22.071,22.094,22.117,22.140,22.155,22.155,22.155,22.155,22.155,22.163,22.170,22.178,22.193,22.201,22.209,22.216,22.224,22.231,22.247,22.247,22.254,22.247,22.247,22.239,22.224,22.224,22.209,22.201,22.193,22.193,22.193,22.186,22.170,22.163,22.155,22.147,22.132,22.117,22.109,22.094,22.086,22.086,22.094,22.102,22.102,22.102,22.094,22.086,22.086,22.079,22.071,22.071,22.079,22.086,22.102,22.125,22.163,22.193,22.224,22.254,22.277,22.292,22.292,22.292,22.315,22.338,22.361,22.391,22.429,22.452,22.468,22.490,22.521,22.566,22.604,22.627,22.650,22.658,22.658
,23.301,23.301,23.293,23.278,23.271,23.256,23.248,23.241,23.233,23.226,23.218,23.210,23.203,23.195,23.195,23.188,23.180,23.173,23.173,23.173,23.165,23.158,23.150,23.142,23.135,23.120,23.120,23.112,23.112,23.097,23.074,23.052,23.021,22.991,22.961,22.938,22.915,22.893,22.870,22.855,22.832,22.817,22.802,22.787,22.771,22.749,22.718,22.696,22.673,22.635,22.604,22.574,22.544,22.513,22.513,22.513,22.513,22.506,22.475,22.445,22.422,22.399,22.391,22.391,22.399,22.391,22.391,22.384,22.376,22.376,22.376,22.384,22.384,22.384,22.384,22.384,22.376,22.376,22.376,22.376,22.376,22.369,22.369,22.361,22.361,22.361,22.361,22.361,22.369,22.376,22.376,22.384,22.384,22.391,22.391,22.399,22.407,22.422,22.422,22.429,22.429,22.437,22.445,22.460,22.475,22.483,22.498,22.506,22.513,22.513,22.513,22.513,22.506,22.490,22.490,22.483,22.475,22.460,22.452,22.437,22.429,22.414,22.407,22.391,22.384,22.369,22.361,22.353,22.338,22.323,22.308,22.300,22.285,22.262,22.247,22.231,22.216,22.193,22.178,22.163,22.147,22.132,22.109,22.094,22.079,22.063,22.056,22.048,22.041,22.033,22.025,22.010,22.002,21.987,21.987,21.979,21.972,21.956,21.941,21.926,21.918,21.903,21.895,21.888,21.880,21.872,21.872,21.865,21.865,21.872,21.872,21.880,21.888,21.903,21.903,21.911,21.918,21.934,21.934,21.941,21.949,21.964,21.964,21.972,21.979,21.987,21.995,22.002,22.010,22.025,22.033,22.048,22.063,22.079,22.086,22.094,22.102,22.117,22.117,22.125,22.132,22.147,22.163,22.178,22.193,22.209,22.224,22.231,22.239,22.254,22.262,22.270,22.277,22.285,22.300,22.308,22.323,22.330,22.346,22.353,22.361,22.369,22.384,22.391,22.391,22.399,22.407,22.407,22.407,22.414,22.429,22.437,22.445,22.460,22.460,22.460,22.460,22.475,22.483,22.490,22.490,22.483,22.506,22.544,22.582,22.612,22.635,22.627,22.627,22.642,22.650,22.612,22.589,22.612,22.711,22.802,23.021,23.414,24.008,24.464,24.911,25.341,25.621,25.879,26.107,26.261,26.173,26.202,26.232,26.232,26.136,26.151,26.173,26.173,26.078,25.945,25.732,25.422,25.029,24.628,24.232,23.873,23.572,23.331,23.097,22.900,22.817,22.764,22.703,22.642,22.650,22.642,22.612,22.574,22.574,22.582,22.574,22.559,22.559,22.544,22.528,22.521,22.528,22.544,22.536,22.513,22.460,22.429,22.407,22.376,22.346,22.330,22.315,22.292,22.262,22.247,22.224,22.201,22.193,22.186,22.178,22.170,22.170,22.163,22.163,22.147,22.132,22.117,22.102,22.086,22.071,22.056,22.041,22.025,22.018,22.018,22.018,22.010,21.995,21.987,21.979,21.964,21.956,21.941,21.934,21.926,21.918,21.918,21.918,21.918,21.911,21.903,21.895,21.895,21.895,21.903,21.903,21.903,21.895,21.895,21.895,21.888,21.888,21.895,21.895,21.895,21.895,21.888,21.888,21.880,21.880,21.880,21.872,21.872,21.872,21.880,21.888,21.895,21.895,21.903,21.911,21.918,21.918,21.911,21.911,21.911,21.918,21.918,21.926,21.934,21.941,21.956,21.964,21.972,21.979,21.979,21.979,21.987,22.002,22.018,22.041,22.063,22.086,22.102,22.117,22.132,22.140,22.140,22.140,22.140,22.147,22.155,22.163,22.178,22.193,22.201,22.209,22.224,22.231,22.239,22.239,22.239,22.239,22.239,22.231,22.231,22.224,22.216,22.209,22.193,22.193,22.186,22.186,22.170,22.163,22.163,22.155,22.140,22.125,22.109,22.102,22.094,22.094,22.102,22.109,22.109,22.109,22.109,22.102,22.094,22.086,22.071,22.063,22.063,22.071,22.094,22.117,22.147,22.178,22.209,22.239,22.262,22.285,22.285,22.285,22.308,22.330,22.353,22.384,22.422,22.445,22.452,22.475,22.506,22.544,22.582,22.604,22.620,22.627,22.627
,23.301,23.293,23.286,23.271,23.263,23.248,23.241,23.233,23.218,23.218,23.210,23.203,23.195,23.195,23.188,23.173,23.165,23.165,23.165,23.165,23.158,23.150,23.150,23.142,23.135,23.120,23.120,23.112,23.105,23.089,23.067,23.052,23.029,22.999,22.968,22.946,22.923,22.900,22.870,22.855,22.840,22.817,22.802,22.787,22.771,22.749,22.726,22.703,22.680,22.650,22.612,22.582,22.551,22.521,22.513,22.513,22.506,22.498,22.468,22.445,22.414,22.391,22.391,22.391,22.399,22.391,22.391,22.384,22.376,22.376,22.376,22.376,22.384,22.384,22.384,22.384,22.376,22.376,22.376,22.376,22.376,22.369,22.369,22.361,22.361,22.361,22.361,22.361,22.369,22.376,22.376,22.384,22.384,22.391,22.391,22.399,22.407,22.422,22.422,22.429,22.429,22.445,22.460,22.475,22.483,22.498,22.506,22.513,22.513,22.513,22.513,22.506,22.498,22.490,22.483,22.475,22.468,22.452,22.445,22.429,22.422,22.407,22.399,22.391,22.384,22.369,22.361,22.353,22.346,22.330,22.323,22.308,22.292,22.277,22.254,22.239,22.224,22.201,22.186,22.170,22.147,22.132,22.109,22.094,22.086,22.071,22.063,22.056,22.048,22.041,22.033,22.018,22.002,21.987,21.979,21.972,21.964,21.949,21.934,21.926,21.911,21.895,21.888,21.880,21.872,21.872,21.865,21.865,21.865,21.872,21.872,21.872,21.880,21.895,21.903,21.903,21.911,21.926,21.934,21.941,21.949,21.964,21.964,21.972,21.979,21.987,21.995,22.002,22.010,22.025,22.033,22.048,22.063,22.079,22.086,22.094,22.102,22.117,22.117,22.132,22.140,22.155,22.170,22.186,22.201,22.224,22.231,22.239,22.247,22.262,22.277,22.285,22.292,22.308,22.323,22.330,22.346,22.353,22.369,22.376,22.384,22.391,22.407,22.414,22.414,22.422,22.422,22.422,22.429,22.429,22.437,22.452,22.460,22.460,22.460,22.460,22.468,22.475,22.490,22.483,22.475,22.483,22.521,22.551,22.589,22.627,22.612,22.620,22.635,22.650,22.604,22.589,22.620,22.688,22.741,22.991,23.407,23.918,24.359,24.873,25.318,25.651,25.909,26.173,26.268,26.202,26.224,26.246,26.217,26.158,26.180,26.210,26.188,26.114,26.012,25.806,25.503,25.126,24.702,24.300,23.925,23.587,23.331,23.089,22.923,22.824,22.771,22.703,22.665,22.658,22.650,22.627,22.597,22.582,22.574,22.559,22.559,22.559,22.559,22.544,22.521,22.513,22.528,22.536,22.521,22.483,22.452,22.429,22.407,22.376,22.346,22.330,22.308,22.285,22.262,22.247,22.231,22.216,22.201,22.186,22.178,22.170,22.163,22.163,22.155,22.147,22.132,22.117,22.094,22.071,22.056,22.048,22.033,22.018,22.010,22.002,22.002,21.995,21.979,21.979,21.972,21.956,21.941,21.934,21.918,21.911,21.903,21.903,21.911,21.911,21.895,21.888,21.888,21.888,21.888,21.888,21.895,21.895,21.895,21.888,21.880,21.880,21.888,21.888,21.895,21.895,21.895,21.888,21.888,21.880,21.880,21.872,21.872,21.872,21.872,21.880,21.888,21.895,21.895,21.903,21.911,21.918,21.918,21.911,21.911,21.911,21.911,21.911,21.911,21.918,21.934,21.941,21.956,21.964,21.964,21.956,21.964,21.972,21.987,22.002,22.018,22.041,22.063,22.079,22.094,22.109,22.125,22.125,22.125,22.125,22.140,22.140,22.155,22.163,22.178,22.193,22.201,22.216,22.224,22.224,22.231,22.231,22.239,22.239,22.231,22.231,22.231,22.216,22.209,22.193,22.186,22.186,22.178,22.163,22.155,22.147,22.140,22.132,22.117,22.109,22.102,22.094,22.094,22.094,22.102,22.109,22.109,22.109,22.102,22.094,22.086,22.071,22.063,22.063,22.071,22.086,22.117,22.140,22.163,22.186,22.216,22.239,22.262,22.262,22.277,22.292,22.323,22.346,22.376,22.399,22.422,22.437,22.452,22.483,22.521,22.559,22.582,22.597,22.604,22.604
,23.293,23.293,23.286,23.271,23.256,23.241,23.233,23.218,23.210,23.203,23.203,23.203,23.195,23.195,23.188,23.173,23.158,23.150,23.150,23.158,23.158,23.150,23.150,23.142,23.135,23.120,23.120,23.112,23.105,23.082,23.059,23.044,23.029,22.999,22.976,22.953,22.931,22.908,22.878,22.855,22.840,22.817,22.802,22.787,22.771,22.749,22.733,22.711,22.688,22.658,22.627,22.589,22.559,22.528,22.513,22.506,22.498,22.490,22.460,22.429,22.407,22.391,22.384,22.391,22.391,22.391,22.384,22.376,22.376,22.369,22.369,22.369,22.369,22.376,22.376,22.376,22.376,22.376,22.376,22.376,22.369,22.369,22.369,22.361,22.361,22.361,22.361,22.361,22.369,22.376,22.376,22.376,22.376,22.384,22.391,22.399,22.407,22.422,22.422,22.429,22.437,22.452,22.468,22.475,22.490,22.498,22.513,22.521,22.521,22.513,22.513,22.506,22.490,22.483,22.475,22.468,22.460,22.452,22.437,22.429,22.414,22.407,22.391,22.384,22.376,22.369,22.361,22.353,22.346,22.338,22.323,22.315,22.300,22.285,22.262,22.247,22.231,22.209,22.186,22.170,22.147,22.132,22.109,22.102,22.086,22.071,22.063,22.063,22.056,22.048,22.033,22.018,22.002,21.987,21.979,21.972,21.964,21.949,21.934,21.918,21.911,21.895,21.888,21.872,21.872,21.865,21.865,21.865,21.872,21.872,21.872,21.872,21.880,21.888,21.895,21.903,21.911,21.926,21.934,21.941,21.949,21.964,21.964,21.972,21.979,21.987,21.995,22.002,22.010,22.025,22.041,22.048,22.063,22.079,22.086,22.094,22.102,22.109,22.125,22.132,22.140,22.163,22.178,22.186,22.201,22.224,22.239,22.247,22.254,22.270,22.285,22.300,22.315,22.330,22.346,22.353,22.361,22.376,22.391,22.399,22.414,22.422,22.429,22.429,22.437,22.437,22.437,22.437,22.437,22.445,22.452,22.460,22.468,22.468,22.468,22.475,22.475,22.468,22.468,22.452,22.452,22.475,22.506,22.559,22.597,22.597,22.589,22.620,22.627,22.604,22.574,22.620,22.680,22.779,22.999,23.414,23.850,24.292,24.829,25.281,25.651,25.938,26.195,26.261,26.254,26.217,26.239,26.202,26.180,26.180,26.239,26.210,26.144,26.048,25.864,25.562,25.200,24.784,24.367,23.970,23.625,23.331,23.089,22.938,22.832,22.771,22.718,22.680,22.658,22.650,22.627,22.612,22.597,22.574,22.551,22.544,22.551,22.559,22.551,22.536,22.513,22.506,22.513,22.521,22.506,22.475,22.445,22.422,22.399,22.369,22.346,22.323,22.300,22.277,22.262,22.254,22.239,22.224,22.209,22.186,22.178,22.163,22.155,22.155,22.155,22.147,22.125,22.109,22.094,22.071,22.048,22.041,22.025,22.018,22.002,21.995,21.987,21.979,21.972,21.964,21.964,21.956,21.934,21.918,21.903,21.895,21.888,21.895,21.895,21.895,21.888,21.880,21.880,21.872,21.880,21.888,21.888,21.888,21.880,21.880,21.872,21.872,21.880,21.888,21.888,21.888,21.888,21.888,21.880,21.880,21.880,21.872,21.872,21.872,21.872,21.880,21.888,21.895,21.903,21.911,21.911,21.918,21.918,21.911,21.903,21.903,21.903,21.903,21.903,21.911,21.926,21.934,21.949,21.956,21.956,21.949,21.949,21.964,21.972,21.995,22.010,22.033,22.048,22.063,22.079,22.094,22.102,22.109,22.109,22.117,22.125,22.132,22.140,22.155,22.163,22.178,22.193,22.201,22.209,22.216,22.216,22.224,22.231,22.239,22.239,22.239,22.231,22.216,22.209,22.193,22.186,22.178,22.170,22.163,22.147,22.140,22.132,22.125,22.109,22.102,22.094,22.086,22.086,22.094,22.094,22.094,22.094,22.094,22.094,22.094,22.079,22.063,22.063,22.063,22.071,22.086,22.109,22.132,22.147,22.163,22.186,22.209,22.231,22.247,22.270,22.292,22.315,22.338,22.361,22.391,22.407,22.422,22.437,22.460,22.498,22.536,22.559,22.574,22.582,22.582
,23.286,23.286,23.278,23.271,23.256,23.233,23.218,23.210,23.203,23.195,23.195,23.195,23.203,23.195,23.180,23.165,23.150,23.142,23.142,23.150,23.150,23.158,23.158,23.142,23.135,23.120,23.120,23.112,23.097,23.082,23.059,23.044,23.021,22.999,22.976,22.953,22.931,22.908,22.878,22.862,22.840,22.817,22.802,22.787,22.771,22.749,22.733,22.718,22.696,22.673,22.635,22.604,22.566,22.536,22.513,22.506,22.498,22.483,22.452,22.422,22.399,22.384,22.384,22.384,22.391,22.399,22.384,22.376,22.369,22.361,22.361,22.361,22.369,22.369,22.369,22.369,22.369,22.369,22.369,22.369,22.369,22.369,22.369,22.361,22.361,22.361,22.361,22.369,22.369,22.376,22.376,22.376,22.376,22.384,22.391,22.399,22.407,22.422,22.429,22.429,22.437,22.452,22.468,22.483,22.490,22.506,22.513,22.521,22.521,22.513,22.513,22.498,22.490,22.475,22.468,22.468,22.460,22.445,22.437,22.422,22.407,22.399,22.391,22.384,22.376,22.369,22.361,22.361,22.353,22.346,22.330,22.323,22.315,22.292,22.277,22.254,22.239,22.209,22.186,22.170,22.155,22.132,22.109,22.102,22.094,22.079,22.071,22.063,22.063,22.056,22.041,22.025,22.010,21.995,21.979,21.972,21.956,21.941,21.934,21.918,21.911,21.895,21.888,21.872,21.865,21.865,21.865,21.872,21.872,21.880,21.880,21.880,21.880,21.888,21.888,21.903,21.911,21.918,21.934,21.941,21.949,21.964,21.972,21.972,21.979,21.995,21.995,22.002,22.018,22.025,22.041,22.056,22.063,22.079,22.086,22.094,22.094,22.109,22.125,22.132,22.147,22.170,22.186,22.201,22.209,22.231,22.247,22.254,22.262,22.277,22.300,22.315,22.330,22.346,22.361,22.369,22.384,22.399,22.407,22.422,22.429,22.445,22.452,22.452,22.452,22.460,22.460,22.452,22.452,22.460,22.460,22.468,22.475,22.475,22.483,22.483,22.483,22.468,22.445,22.437,22.445,22.468,22.513,22.559,22.574,22.559,22.582,22.604,22.589,22.559,22.582,22.658,22.787,22.991,23.399,23.843,24.292,24.747,25.267,25.643,25.945,26.195,26.312,26.268,26.232,26.232,26.210,26.173,26.180,26.232,26.246,26.180,26.078,25.938,25.643,25.267,24.859,24.434,24.030,23.670,23.354,23.097,22.923,22.840,22.787,22.741,22.703,22.680,22.658,22.635,22.620,22.612,22.597,22.566,22.544,22.544,22.551,22.559,22.551,22.536,22.513,22.498,22.506,22.506,22.490,22.468,22.437,22.422,22.399,22.369,22.338,22.315,22.300,22.277,22.262,22.254,22.247,22.231,22.209,22.193,22.178,22.163,22.155,22.155,22.147,22.140,22.125,22.102,22.086,22.071,22.048,22.033,22.025,22.010,21.995,21.987,21.979,21.972,21.964,21.956,21.956,21.941,21.926,21.911,21.895,21.880,21.880,21.880,21.888,21.888,21.880,21.872,21.865,21.865,21.872,21.872,21.880,21.880,21.872,21.872,21.865,21.865,21.872,21.880,21.888,21.888,21.888,21.880,21.880,21.872,21.872,21.872,21.872,21.872,21.872,21.880,21.888,21.895,21.903,21.911,21.911,21.911,21.911,21.911,21.903,21.895,21.895,21.895,21.903,21.903,21.918,21.926,21.941,21.949,21.949,21.941,21.941,21.949,21.964,21.979,22.002,22.018,22.033,22.048,22.063,22.079,22.086,22.094,22.102,22.109,22.117,22.125,22.132,22.140,22.155,22.170,22.186,22.193,22.201,22.209,22.209,22.216,22.224,22.239,22.247,22.239,22.231,22.216,22.201,22.186,22.178,22.170,22.163,22.155,22.140,22.132,22.125,22.117,22.102,22.094,22.086,22.079,22.079,22.086,22.086,22.086,22.086,22.086,22.086,22.086,22.071,22.063,22.063,22.071,22.071,22.086,22.102,22.125,22.140,22.147,22.163,22.186,22.209,22.231,22.262,22.285,22.315,22.330,22.346,22.376,22.391,22.399,22.414,22.437,22.475,22.513,22.536,22.551,22.559,22.559
,23.278,23.271,23.263,23.256,23.241,23.226,23.218,23.203,23.195,23.180,23.188,23.195,23.195,23.195,23.180,23.165,23.142,23.135,23.135,23.142,23.150,23.150,23.150,23.142,23.135,23.120,23.120,23.105,23.097,23.074,23.059,23.044,23.021,22.999,22.976,22.961,22.938,22.908,22.885,22.870,22.847,22.824,22.802,22.787,22.771,22.749,22.733,22.718,22.703,22.680,22.642,22.612,22.582,22.544,22.521,22.513,22.498,22.475,22.445,22.422,22.399,22.384,22.384,22.391,22.399,22.407,22.391,22.384,22.369,22.369,22.361,22.361,22.369,22.361,22.361,22.361,22.369,22.369,22.369,22.369,22.369,22.369,22.369,22.369,22.369,22.369,22.369,22.369,22.376,22.376,22.376,22.376,22.384,22.391,22.399,22.407,22.414,22.422,22.429,22.437,22.437,22.452,22.468,22.483,22.498,22.513,22.513,22.521,22.521,22.513,22.513,22.498,22.483,22.468,22.468,22.468,22.460,22.445,22.437,22.422,22.407,22.391,22.391,22.384,22.376,22.376,22.369,22.361,22.353,22.346,22.338,22.330,22.323,22.300,22.285,22.270,22.247,22.216,22.193,22.178,22.163,22.140,22.117,22.109,22.102,22.094,22.079,22.079,22.071,22.056,22.048,22.033,22.018,21.995,21.979,21.972,21.956,21.941,21.934,21.918,21.911,21.895,21.888,21.872,21.872,21.872,21.872,21.872,21.880,21.888,21.888,21.880,21.880,21.888,21.888,21.895,21.903,21.918,21.926,21.941,21.949,21.964,21.972,21.972,21.979,21.995,21.995,22.010,22.018,22.033,22.041,22.056,22.063,22.079,22.086,22.086,22.094,22.109,22.125,22.140,22.155,22.178,22.193,22.209,22.224,22.239,22.247,22.262,22.277,22.285,22.308,22.330,22.346,22.361,22.376,22.384,22.391,22.407,22.422,22.437,22.445,22.460,22.460,22.468,22.475,22.475,22.475,22.468,22.468,22.475,22.475,22.475,22.483,22.483,22.498,22.498,22.490,22.475,22.445,22.445,22.452,22.475,22.551,22.551,22.536,22.528,22.597,22.566,22.536,22.536,22.612,22.726,22.968,23.361,23.865,24.255,24.732,25.274,25.651,25.953,26.210,26.371,26.246,26.232,26.239,26.224,26.151,26.173,26.224,26.268,26.202,26.129,25.990,25.754,25.348,24.926,24.501,24.083,23.708,23.392,23.127,22.915,22.855,22.802,22.764,22.741,22.733,22.703,22.658,22.627,22.635,22.627,22.604,22.566,22.566,22.566,22.566,22.566,22.566,22.544,22.513,22.498,22.506,22.506,22.490,22.460,22.437,22.422,22.399,22.369,22.338,22.315,22.292,22.270,22.262,22.254,22.247,22.239,22.216,22.201,22.178,22.155,22.155,22.147,22.147,22.132,22.117,22.102,22.079,22.063,22.048,22.033,22.018,22.002,21.987,21.979,21.972,21.956,21.949,21.949,21.941,21.934,21.918,21.895,21.888,21.872,21.872,21.872,21.880,21.880,21.872,21.865,21.857,21.849,21.857,21.865,21.872,21.872,21.872,21.865,21.857,21.857,21.857,21.872,21.880,21.880,21.880,21.880,21.872,21.865,21.865,21.865,21.865,21.872,21.872,21.880,21.888,21.895,21.895,21.903,21.911,21.911,21.903,21.903,21.895,21.888,21.888,21.888,21.895,21.895,21.903,21.918,21.926,21.934,21.934,21.934,21.934,21.941,21.956,21.972,21.987,22.010,22.025,22.041,22.048,22.063,22.071,22.079,22.086,22.094,22.102,22.117,22.125,22.132,22.147,22.163,22.170,22.186,22.193,22.201,22.201,22.216,22.224,22.239,22.239,22.239,22.231,22.216,22.201,22.186,22.178,22.170,22.163,22.147,22.140,22.125,22.117,22.109,22.102,22.086,22.079,22.079,22.079,22.079,22.071,22.071,22.071,22.071,22.071,22.071,22.063,22.063,22.063,22.071,22.071,22.086,22.102,22.117,22.125,22.125,22.140,22.163,22.193,22.224,22.247,22.277,22.308,22.323,22.338,22.361,22.376,22.384,22.399,22.422,22.460,22.483,22.513,22.528,22.536,22.536
,23.263,23.263,23.256,23.241,23.226,23.218,23.203,23.195,23.180,23.180,23.180,23.180,23.188,23.180,23.173,23.158,23.142,23.135,23.135,23.142,23.150,23.150,23.150,23.142,23.135,23.120,23.120,23.112,23.097,23.082,23.067,23.052,23.029,22.999,22.976,22.961,22.938,22.908,22.885,22.870,22.855,22.832,22.809,22.794,22.779,22.756,22.733,22.718,22.703,22.680,22.642,22.620,22.589,22.559,22.536,22.521,22.506,22.483,22.445,22.422,22.399,22.384,22.384,22.399,22.414,22.414,22.407,22.391,22.384,22.369,22.369,22.361,22.369,22.361,22.361,22.361,22.369,22.369,22.369,22.369,22.369,22.369,22.369,22.369,22.369,22.369,22.369,22.369,22.376,22.376,22.376,22.384,22.391,22.399,22.399,22.407,22.414,22.429,22.429,22.437,22.445,22.460,22.468,22.483,22.490,22.506,22.513,22.521,22.521,22.513,22.513,22.498,22.483,22.468,22.468,22.468,22.460,22.452,22.437,22.422,22.414,22.399,22.391,22.384,22.384,22.376,22.376,22.369,22.361,22.346,22.346,22.338,22.330,22.315,22.292,22.277,22.254,22.224,22.201,22.186,22.163,22.147,22.132,22.125,22.117,22.102,22.094,22.086,22.079,22.063,22.048,22.033,22.018,22.002,21.987,21.972,21.956,21.941,21.926,21.918,21.911,21.895,21.888,21.880,21.872,21.872,21.872,21.872,21.880,21.888,21.888,21.880,21.880,21.888,21.888,21.895,21.903,21.918,21.926,21.941,21.949,21.964,21.964,21.972,21.972,21.987,21.995,22.002,22.010,22.025,22.041,22.056,22.063,22.079,22.079,22.086,22.086,22.102,22.125,22.140,22.163,22.193,22.209,22.224,22.231,22.247,22.262,22.277,22.285,22.300,22.323,22.338,22.353,22.376,22.384,22.384,22.391,22.407,22.422,22.437,22.445,22.460,22.468,22.475,22.475,22.475,22.483,22.483,22.483,22.483,22.483,22.483,22.483,22.483,22.513,22.513,22.521,22.536,22.513,22.483,22.506,22.574,22.566,22.521,22.521,22.566,22.544,22.506,22.498,22.551,22.673,22.946,23.354,23.843,24.203,24.747,25.259,25.673,25.967,26.261,26.349,26.254,26.217,26.246,26.232,26.173,26.173,26.224,26.246,26.210,26.173,26.041,25.791,25.429,24.992,24.546,24.135,23.760,23.437,23.173,22.991,22.878,22.832,22.802,22.794,22.794,22.764,22.718,22.680,22.658,22.658,22.650,22.635,22.620,22.604,22.597,22.589,22.589,22.604,22.566,22.536,22.521,22.513,22.506,22.490,22.460,22.437,22.422,22.399,22.369,22.338,22.315,22.292,22.270,22.262,22.254,22.247,22.231,22.216,22.201,22.178,22.155,22.147,22.147,22.140,22.125,22.109,22.094,22.079,22.056,22.041,22.025,22.018,21.995,21.979,21.964,21.956,21.949,21.934,21.934,21.926,21.918,21.903,21.888,21.880,21.872,21.865,21.865,21.872,21.872,21.865,21.857,21.842,21.842,21.849,21.857,21.865,21.872,21.865,21.857,21.849,21.849,21.857,21.865,21.872,21.880,21.880,21.872,21.865,21.865,21.865,21.865,21.865,21.872,21.872,21.872,21.880,21.888,21.895,21.895,21.903,21.903,21.903,21.895,21.888,21.888,21.888,21.888,21.888,21.888,21.895,21.911,21.918,21.926,21.926,21.918,21.918,21.926,21.941,21.964,21.979,22.002,22.018,22.025,22.041,22.048,22.063,22.071,22.079,22.086,22.102,22.109,22.117,22.132,22.147,22.155,22.163,22.178,22.186,22.201,22.209,22.216,22.224,22.231,22.239,22.231,22.231,22.216,22.201,22.178,22.178,22.170,22.163,22.147,22.140,22.132,22.125,22.109,22.102,22.094,22.086,22.079,22.079,22.079,22.071,22.071,22.063,22.063,22.063,22.063,22.056,22.056,22.056,22.063,22.071,22.086,22.102,22.117,22.117,22.125,22.140,22.155,22.186,22.216,22.247,22.277,22.308,22.323,22.338,22.353,22.369,22.376,22.391,22.414,22.445,22.475,22.498,22.513,22.513,22.513
,23.256,23.248,23.241,23.226,23.218,23.203,23.195,23.180,23.180,23.173,23.173,23.180,23.180,23.180,23.165,23.150,23.142,23.135,23.135,23.142,23.150,23.150,23.142,23.135,23.127,23.120,23.120,23.112,23.105,23.089,23.074,23.052,23.029,22.999,22.968,22.953,22.931,22.900,22.885,22.870,22.855,22.840,22.817,22.794,22.779,22.756,22.733,22.718,22.696,22.673,22.642,22.620,22.597,22.566,22.544,22.536,22.513,22.490,22.460,22.429,22.407,22.391,22.399,22.414,22.422,22.429,22.429,22.414,22.399,22.384,22.376,22.369,22.369,22.361,22.361,22.361,22.361,22.369,22.369,22.369,22.369,22.376,22.376,22.376,22.376,22.376,22.376,22.376,22.376,22.384,22.384,22.391,22.399,22.399,22.414,22.414,22.422,22.429,22.437,22.437,22.445,22.460,22.468,22.475,22.483,22.498,22.506,22.513,22.521,22.513,22.513,22.498,22.490,22.475,22.468,22.468,22.468,22.452,22.437,22.429,22.414,22.407,22.391,22.391,22.391,22.384,22.376,22.369,22.361,22.346,22.346,22.338,22.330,22.315,22.292,22.277,22.254,22.231,22.209,22.186,22.170,22.155,22.140,22.132,22.117,22.109,22.094,22.086,22.079,22.063,22.048,22.033,22.025,22.010,21.995,21.972,21.956,21.941,21.926,21.918,21.911,21.895,21.888,21.880,21.872,21.872,21.872,21.880,21.880,21.888,21.888,21.880,21.880,21.888,21.888,21.895,21.903,21.918,21.926,21.941,21.949,21.964,21.964,21.972,21.972,21.979,21.995,22.002,22.010,22.025,22.041,22.056,22.063,22.079,22.079,22.079,22.086,22.094,22.125,22.147,22.170,22.201,22.216,22.231,22.239,22.254,22.270,22.277,22.292,22.308,22.323,22.338,22.353,22.369,22.384,22.384,22.384,22.399,22.407,22.422,22.437,22.452,22.460,22.468,22.468,22.475,22.483,22.490,22.490,22.490,22.490,22.483,22.483,22.490,22.506,22.528,22.551,22.566,22.521,22.559,22.589,22.604,22.544,22.536,22.528,22.521,22.460,22.452,22.521,22.673,22.908,23.354,23.783,24.180,24.725,25.230,25.651,25.997,26.320,26.356,26.298,26.239,26.261,26.239,26.210,26.195,26.232,26.239,26.217,26.166,26.078,25.835,25.481,25.059,24.598,24.180,23.805,23.482,23.226,23.044,22.931,22.855,22.832,22.824,22.817,22.809,22.787,22.741,22.703,22.673,22.665,22.665,22.658,22.650,22.627,22.612,22.604,22.604,22.612,22.566,22.536,22.521,22.513,22.498,22.483,22.452,22.429,22.414,22.399,22.376,22.346,22.323,22.300,22.277,22.262,22.254,22.247,22.231,22.209,22.193,22.178,22.163,22.147,22.147,22.140,22.125,22.109,22.094,22.079,22.056,22.041,22.025,22.010,21.995,21.979,21.964,21.949,21.934,21.926,21.918,21.918,21.911,21.895,21.888,21.880,21.865,21.865,21.872,21.872,21.872,21.857,21.849,21.842,21.834,21.842,21.849,21.857,21.865,21.865,21.857,21.849,21.849,21.857,21.865,21.872,21.872,21.872,21.865,21.865,21.857,21.857,21.857,21.865,21.865,21.865,21.872,21.872,21.872,21.880,21.888,21.888,21.888,21.888,21.888,21.888,21.880,21.880,21.880,21.880,21.888,21.895,21.903,21.911,21.918,21.918,21.918,21.918,21.926,21.941,21.956,21.979,21.995,22.018,22.025,22.033,22.048,22.056,22.063,22.071,22.086,22.102,22.117,22.125,22.132,22.147,22.155,22.163,22.178,22.193,22.201,22.216,22.216,22.224,22.231,22.231,22.231,22.216,22.209,22.193,22.178,22.178,22.170,22.163,22.155,22.140,22.140,22.125,22.117,22.102,22.094,22.086,22.079,22.079,22.079,22.071,22.063,22.063,22.056,22.048,22.048,22.048,22.048,22.048,22.063,22.071,22.086,22.102,22.117,22.125,22.132,22.140,22.163,22.193,22.216,22.247,22.285,22.308,22.323,22.338,22.361,22.376,22.384,22.391,22.414,22.445,22.468,22.490,22.498,22.506,22.506
,23.241,23.241,23.233,23.218,23.203,23.195,23.180,23.180,23.173,23.165,23.165,23.173,23.173,23.173,23.165,23.150,23.150,23.142,23.142,23.142,23.150,23.142,23.142,23.135,23.127,23.120,23.120,23.120,23.112,23.097,23.074,23.059,23.029,22.999,22.968,22.946,22.923,22.900,22.885,22.870,22.862,22.840,22.817,22.802,22.779,22.756,22.733,22.711,22.688,22.665,22.642,22.620,22.597,22.574,22.551,22.544,22.521,22.498,22.468,22.437,22.414,22.399,22.407,22.422,22.437,22.445,22.437,22.422,22.407,22.399,22.384,22.376,22.376,22.369,22.369,22.361,22.361,22.369,22.369,22.369,22.376,22.376,22.376,22.384,22.384,22.384,22.384,22.384,22.384,22.384,22.391,22.399,22.399,22.407,22.422,22.422,22.422,22.437,22.437,22.445,22.445,22.460,22.460,22.475,22.483,22.483,22.498,22.506,22.513,22.513,22.513,22.498,22.490,22.475,22.475,22.475,22.468,22.460,22.445,22.437,22.422,22.414,22.399,22.399,22.399,22.391,22.376,22.369,22.361,22.346,22.346,22.338,22.330,22.315,22.292,22.277,22.254,22.231,22.209,22.193,22.178,22.163,22.147,22.140,22.132,22.117,22.102,22.094,22.079,22.063,22.048,22.041,22.025,22.010,21.995,21.979,21.964,21.949,21.926,21.918,21.911,21.903,21.888,21.880,21.880,21.880,21.880,21.888,21.888,21.888,21.888,21.880,21.880,21.888,21.888,21.895,21.903,21.918,21.926,21.941,21.949,21.964,21.964,21.964,21.972,21.972,21.987,22.002,22.010,22.025,22.041,22.056,22.063,22.079,22.079,22.079,22.079,22.094,22.125,22.147,22.178,22.201,22.224,22.231,22.247,22.262,22.270,22.285,22.292,22.308,22.323,22.338,22.353,22.361,22.376,22.376,22.376,22.384,22.399,22.407,22.422,22.437,22.445,22.452,22.468,22.475,22.490,22.490,22.498,22.506,22.498,22.483,22.475,22.483,22.490,22.528,22.551,22.559,22.559,22.612,22.620,22.582,22.551,22.528,22.490,22.422,22.407,22.490,22.650,22.900,23.316,23.798,24.240,24.650,25.222,25.629,25.997,26.305,26.452,26.349,26.276,26.268,26.276,26.232,26.224,26.239,26.254,26.217,26.166,26.085,25.894,25.548,25.133,24.673,24.225,23.843,23.520,23.256,23.082,22.968,22.893,22.855,22.855,22.847,22.832,22.817,22.802,22.749,22.703,22.680,22.665,22.665,22.665,22.658,22.635,22.620,22.612,22.604,22.589,22.559,22.528,22.513,22.506,22.498,22.475,22.452,22.429,22.414,22.399,22.376,22.346,22.323,22.300,22.277,22.262,22.254,22.239,22.224,22.209,22.193,22.178,22.163,22.155,22.147,22.132,22.125,22.109,22.094,22.079,22.056,22.041,22.025,22.010,21.995,21.979,21.956,21.941,21.926,21.911,21.911,21.903,21.903,21.888,21.888,21.880,21.872,21.872,21.872,21.872,21.865,21.849,21.842,21.834,21.826,21.834,21.842,21.857,21.857,21.857,21.857,21.849,21.849,21.857,21.865,21.872,21.872,21.872,21.865,21.857,21.857,21.857,21.857,21.857,21.857,21.857,21.865,21.865,21.865,21.872,21.880,21.880,21.880,21.880,21.880,21.880,21.872,21.872,21.872,21.880,21.880,21.888,21.895,21.903,21.911,21.911,21.911,21.918,21.926,21.941,21.956,21.972,21.995,22.010,22.018,22.033,22.041,22.056,22.063,22.071,22.079,22.094,22.109,22.125,22.132,22.147,22.155,22.163,22.178,22.193,22.209,22.216,22.216,22.224,22.224,22.224,22.224,22.209,22.201,22.186,22.178,22.170,22.170,22.170,22.155,22.147,22.140,22.125,22.117,22.102,22.094,22.086,22.079,22.071,22.071,22.071,22.063,22.056,22.048,22.041,22.041,22.041,22.041,22.048,22.056,22.071,22.079,22.094,22.117,22.125,22.132,22.147,22.170,22.201,22.224,22.247,22.277,22.300,22.315,22.330,22.353,22.369,22.384,22.391,22.414,22.445,22.460,22.483,22.490,22.498,22.498
,23.233,23.226,23.226,23.210,23.195,23.180,23.180,23.173,23.165,23.165,23.165,23.165,23.165,23.165,23.165,23.158,23.150,23.150,23.150,23.150,23.142,23.142,23.142,23.127,23.120,23.112,23.112,23.112,23.112,23.097,23.082,23.059,23.029,22.999,22.968,22.946,22.923,22.900,22.885,22.878,22.862,22.847,22.824,22.809,22.787,22.756,22.726,22.711,22.688,22.665,22.635,22.620,22.597,22.574,22.559,22.544,22.528,22.506,22.475,22.452,22.429,22.414,22.422,22.429,22.445,22.445,22.437,22.422,22.414,22.399,22.391,22.384,22.376,22.376,22.369,22.369,22.369,22.369,22.369,22.369,22.376,22.384,22.384,22.384,22.384,22.391,22.391,22.391,22.391,22.391,22.399,22.399,22.407,22.422,22.429,22.429,22.429,22.437,22.445,22.445,22.452,22.460,22.460,22.468,22.475,22.483,22.490,22.506,22.513,22.513,22.513,22.498,22.490,22.475,22.475,22.475,22.468,22.460,22.452,22.437,22.429,22.422,22.414,22.407,22.399,22.391,22.384,22.369,22.361,22.346,22.346,22.338,22.330,22.315,22.300,22.285,22.262,22.239,22.216,22.209,22.193,22.170,22.155,22.147,22.140,22.125,22.109,22.094,22.086,22.063,22.056,22.041,22.033,22.018,21.995,21.979,21.964,21.949,21.934,21.918,21.911,21.903,21.895,21.895,21.895,21.895,21.895,21.895,21.895,21.903,21.895,21.888,21.888,21.895,21.895,21.895,21.903,21.918,21.926,21.941,21.949,21.964,21.964,21.964,21.964,21.972,21.979,21.995,22.010,22.025,22.041,22.056,22.063,22.079,22.079,22.079,22.079,22.094,22.117,22.147,22.178,22.209,22.224,22.231,22.239,22.262,22.270,22.285,22.292,22.308,22.323,22.338,22.346,22.361,22.361,22.361,22.369,22.376,22.384,22.391,22.407,22.422,22.437,22.452,22.468,22.483,22.498,22.506,22.521,22.521,22.513,22.490,22.468,22.460,22.475,22.513,22.528,22.536,22.620,22.627,22.589,22.544,22.574,22.498,22.399,22.330,22.429,22.620,22.885,23.248,23.828,24.255,24.725,25.252,25.636,25.967,26.290,26.532,26.364,26.305,26.305,26.312,26.239,26.232,26.254,26.276,26.224,26.173,26.092,25.938,25.607,25.207,24.755,24.277,23.873,23.535,23.271,23.089,22.991,22.923,22.885,22.862,22.885,22.862,22.832,22.817,22.809,22.756,22.711,22.673,22.658,22.658,22.658,22.642,22.627,22.612,22.604,22.589,22.551,22.536,22.528,22.513,22.506,22.490,22.475,22.452,22.429,22.414,22.399,22.376,22.346,22.323,22.300,22.277,22.254,22.247,22.231,22.216,22.201,22.193,22.178,22.163,22.155,22.140,22.132,22.117,22.102,22.086,22.071,22.048,22.041,22.025,22.010,21.995,21.972,21.956,21.934,21.918,21.911,21.903,21.895,21.888,21.888,21.880,21.872,21.872,21.865,21.865,21.865,21.857,21.849,21.834,21.826,21.826,21.826,21.842,21.849,21.849,21.849,21.849,21.842,21.842,21.849,21.865,21.865,21.865,21.865,21.865,21.857,21.849,21.849,21.849,21.849,21.857,21.857,21.857,21.857,21.857,21.865,21.865,21.865,21.865,21.865,21.865,21.865,21.865,21.865,21.865,21.872,21.880,21.880,21.888,21.895,21.903,21.903,21.903,21.911,21.926,21.934,21.949,21.964,21.987,22.002,22.018,22.025,22.041,22.048,22.056,22.063,22.071,22.086,22.102,22.117,22.132,22.147,22.155,22.163,22.178,22.193,22.201,22.209,22.209,22.216,22.216,22.216,22.209,22.201,22.193,22.186,22.170,22.170,22.163,22.163,22.155,22.140,22.132,22.125,22.109,22.102,22.094,22.086,22.071,22.071,22.071,22.063,22.056,22.056,22.041,22.033,22.025,22.025,22.033,22.041,22.048,22.056,22.071,22.086,22.102,22.117,22.125,22.140,22.163,22.186,22.216,22.239,22.262,22.285,22.300,22.308,22.330,22.353,22.369,22.384,22.407,22.437,22.452,22.468,22.483,22.483,22.483
,23.226,23.226,23.218,23.203,23.188,23.180,23.173,23.173,23.165,23.165,23.165,23.165,23.165,23.165,23.165,23.158,23.150,23.150,23.150,23.150,23.142,23.142,23.135,23.127,23.120,23.112,23.112,23.112,23.105,23.082,23.067,23.052,23.029,22.999,22.968,22.953,22.931,22.908,22.893,22.878,22.862,22.847,22.824,22.809,22.787,22.756,22.733,22.718,22.696,22.673,22.642,22.620,22.597,22.566,22.551,22.544,22.536,22.521,22.490,22.468,22.445,22.429,22.422,22.437,22.445,22.437,22.429,22.414,22.407,22.399,22.399,22.391,22.384,22.376,22.376,22.369,22.369,22.369,22.369,22.369,22.376,22.384,22.384,22.384,22.384,22.391,22.391,22.391,22.391,22.399,22.399,22.407,22.414,22.429,22.429,22.429,22.437,22.445,22.445,22.452,22.460,22.460,22.460,22.468,22.468,22.475,22.483,22.498,22.506,22.513,22.506,22.490,22.483,22.475,22.475,22.475,22.468,22.460,22.460,22.445,22.437,22.422,22.422,22.414,22.407,22.391,22.384,22.369,22.361,22.346,22.346,22.338,22.330,22.315,22.308,22.292,22.270,22.254,22.231,22.216,22.201,22.186,22.170,22.163,22.147,22.132,22.117,22.102,22.086,22.071,22.056,22.048,22.041,22.025,22.002,21.987,21.964,21.949,21.941,21.934,21.926,21.911,21.903,21.903,21.903,21.903,21.903,21.903,21.903,21.903,21.903,21.895,21.895,21.895,21.895,21.903,21.911,21.918,21.926,21.941,21.949,21.964,21.964,21.964,21.972,21.979,21.987,22.002,22.018,22.033,22.041,22.056,22.071,22.079,22.079,22.079,22.079,22.094,22.117,22.147,22.170,22.193,22.209,22.216,22.231,22.247,22.262,22.270,22.285,22.300,22.315,22.330,22.338,22.353,22.361,22.361,22.361,22.369,22.384,22.399,22.414,22.429,22.452,22.475,22.490,22.498,22.521,22.528,22.536,22.536,22.521,22.483,22.452,22.445,22.483,22.483,22.521,22.589,22.604,22.559,22.566,22.627,22.528,22.391,22.346,22.429,22.627,22.855,23.256,23.805,24.255,24.777,25.259,25.658,25.945,26.312,26.452,26.364,26.342,26.356,26.320,26.246,26.232,26.261,26.268,26.232,26.188,26.129,25.953,25.658,25.281,24.821,24.359,23.925,23.542,23.278,23.097,22.999,22.946,22.908,22.908,22.931,22.908,22.870,22.847,22.840,22.824,22.771,22.718,22.673,22.665,22.665,22.658,22.642,22.635,22.620,22.597,22.582,22.559,22.544,22.536,22.521,22.513,22.498,22.475,22.452,22.429,22.414,22.399,22.369,22.338,22.323,22.300,22.270,22.254,22.239,22.231,22.216,22.201,22.193,22.186,22.170,22.155,22.140,22.125,22.102,22.086,22.079,22.063,22.041,22.025,22.018,22.010,21.987,21.964,21.949,21.934,21.918,21.903,21.895,21.888,21.888,21.880,21.872,21.865,21.865,21.865,21.865,21.857,21.849,21.842,21.826,21.819,21.819,21.826,21.834,21.842,21.849,21.849,21.842,21.834,21.834,21.842,21.857,21.865,21.865,21.865,21.857,21.849,21.849,21.849,21.849,21.849,21.857,21.857,21.857,21.857,21.857,21.857,21.857,21.865,21.865,21.865,21.865,21.865,21.865,21.865,21.865,21.872,21.872,21.880,21.880,21.888,21.895,21.903,21.903,21.903,21.918,21.926,21.941,21.956,21.972,21.987,22.010,22.018,22.033,22.041,22.041,22.048,22.056,22.071,22.086,22.102,22.125,22.132,22.147,22.155,22.170,22.178,22.193,22.201,22.209,22.209,22.209,22.201,22.201,22.193,22.186,22.178,22.170,22.163,22.155,22.147,22.140,22.125,22.117,22.109,22.102,22.086,22.079,22.071,22.071,22.071,22.071,22.063,22.063,22.056,22.041,22.033,22.025,22.025,22.025,22.025,22.033,22.048,22.056,22.063,22.079,22.102,22.109,22.117,22.140,22.163,22.193,22.216,22.239,22.262,22.270,22.285,22.308,22.330,22.338,22.361,22.391,22.414,22.437,22.460,22.475,22.483,22.483
,23.226,23.218,23.218,23.203,23.195,23.180,23.173,23.173,23.165,23.165,23.165,23.165,23.165,23.165,23.165,23.158,23.150,23.150,23.150,23.142,23.142,23.135,23.135,23.127,23.120,23.112,23.105,23.097,23.089,23.074,23.059,23.037,23.021,22.999,22.976,22.961,22.938,22.915,22.900,22.878,22.862,22.840,22.817,22.802,22.779,22.756,22.741,22.726,22.703,22.680,22.650,22.612,22.582,22.559,22.544,22.544,22.536,22.528,22.498,22.483,22.460,22.445,22.429,22.429,22.429,22.422,22.414,22.407,22.399,22.391,22.391,22.391,22.384,22.384,22.376,22.376,22.376,22.369,22.369,22.376,22.376,22.384,22.384,22.384,22.384,22.391,22.391,22.391,22.399,22.399,22.407,22.414,22.422,22.429,22.429,22.437,22.445,22.445,22.452,22.460,22.468,22.468,22.468,22.468,22.468,22.468,22.475,22.490,22.498,22.506,22.498,22.490,22.483,22.475,22.475,22.475,22.468,22.468,22.460,22.452,22.437,22.429,22.422,22.414,22.407,22.391,22.384,22.369,22.361,22.346,22.338,22.338,22.330,22.315,22.308,22.292,22.277,22.262,22.239,22.231,22.209,22.193,22.178,22.170,22.155,22.140,22.125,22.109,22.094,22.079,22.063,22.056,22.041,22.025,22.010,21.987,21.972,21.956,21.941,21.941,21.934,21.926,21.918,21.918,21.918,21.911,21.911,21.911,21.911,21.911,21.911,21.903,21.903,21.903,21.903,21.911,21.918,21.918,21.926,21.941,21.949,21.964,21.964,21.972,21.979,21.979,21.995,22.002,22.018,22.033,22.048,22.056,22.071,22.086,22.086,22.086,22.086,22.094,22.117,22.140,22.163,22.186,22.201,22.209,22.216,22.231,22.247,22.262,22.270,22.292,22.308,22.323,22.338,22.346,22.353,22.361,22.361,22.369,22.384,22.407,22.422,22.445,22.468,22.483,22.498,22.506,22.521,22.528,22.528,22.528,22.506,22.468,22.445,22.452,22.468,22.506,22.544,22.551,22.528,22.574,22.597,22.559,22.422,22.422,22.521,22.680,22.855,23.271,23.775,24.300,24.777,25.252,25.658,25.982,26.312,26.393,26.378,26.342,26.378,26.342,26.283,26.239,26.254,26.261,26.246,26.217,26.166,25.990,25.717,25.341,24.896,24.434,23.985,23.587,23.271,23.097,22.999,22.953,22.923,22.938,22.953,22.961,22.931,22.893,22.870,22.862,22.855,22.817,22.771,22.718,22.703,22.703,22.696,22.680,22.658,22.635,22.612,22.589,22.574,22.559,22.544,22.528,22.513,22.498,22.483,22.460,22.437,22.414,22.399,22.369,22.338,22.315,22.292,22.270,22.247,22.239,22.224,22.216,22.201,22.193,22.186,22.170,22.155,22.140,22.117,22.102,22.079,22.071,22.056,22.041,22.018,22.010,21.995,21.979,21.964,21.949,21.934,21.918,21.903,21.903,21.895,21.880,21.872,21.865,21.865,21.857,21.849,21.849,21.849,21.849,21.834,21.826,21.819,21.819,21.819,21.834,21.849,21.849,21.849,21.834,21.834,21.826,21.842,21.849,21.857,21.865,21.865,21.857,21.849,21.849,21.849,21.849,21.849,21.849,21.849,21.857,21.857,21.857,21.857,21.857,21.857,21.857,21.857,21.857,21.857,21.857,21.857,21.865,21.872,21.872,21.872,21.880,21.888,21.888,21.895,21.895,21.903,21.918,21.926,21.941,21.956,21.972,21.987,22.002,22.018,22.025,22.033,22.033,22.033,22.048,22.063,22.079,22.094,22.109,22.125,22.140,22.155,22.163,22.178,22.186,22.186,22.193,22.193,22.201,22.201,22.193,22.186,22.178,22.170,22.155,22.147,22.140,22.132,22.117,22.109,22.102,22.094,22.086,22.079,22.071,22.071,22.071,22.071,22.071,22.071,22.063,22.056,22.048,22.041,22.025,22.025,22.018,22.018,22.018,22.025,22.033,22.048,22.056,22.071,22.079,22.102,22.125,22.147,22.170,22.193,22.216,22.231,22.239,22.254,22.270,22.292,22.315,22.338,22.369,22.407,22.429,22.452,22.468,22.475,22.475
,23.218,23.218,23.210,23.203,23.195,23.180,23.180,23.173,23.165,23.165,23.165,23.165,23.173,23.165,23.165,23.158,23.150,23.142,23.142,23.142,23.135,23.127,23.127,23.127,23.120,23.105,23.097,23.089,23.074,23.059,23.044,23.029,23.014,22.999,22.976,22.961,22.946,22.923,22.900,22.885,22.862,22.840,22.817,22.794,22.779,22.756,22.741,22.733,22.718,22.688,22.650,22.612,22.574,22.551,22.536,22.536,22.536,22.528,22.513,22.490,22.475,22.452,22.437,22.429,22.422,22.414,22.399,22.391,22.391,22.384,22.384,22.391,22.391,22.391,22.384,22.384,22.384,22.376,22.376,22.376,22.376,22.384,22.384,22.384,22.384,22.391,22.391,22.391,22.399,22.407,22.414,22.422,22.422,22.429,22.437,22.437,22.445,22.452,22.460,22.468,22.468,22.475,22.475,22.468,22.468,22.468,22.475,22.483,22.498,22.498,22.490,22.483,22.475,22.468,22.468,22.475,22.475,22.468,22.460,22.452,22.445,22.429,22.422,22.414,22.407,22.399,22.384,22.369,22.361,22.346,22.338,22.330,22.323,22.315,22.308,22.292,22.285,22.270,22.247,22.239,22.224,22.201,22.186,22.170,22.163,22.147,22.125,22.109,22.094,22.079,22.063,22.056,22.048,22.025,22.010,21.995,21.979,21.964,21.949,21.941,21.941,21.941,21.934,21.934,21.926,21.926,21.926,21.926,21.926,21.926,21.926,21.918,21.918,21.918,21.918,21.918,21.926,21.926,21.934,21.949,21.956,21.964,21.972,21.979,21.979,21.987,22.002,22.010,22.018,22.033,22.048,22.063,22.071,22.086,22.086,22.086,22.086,22.094,22.117,22.132,22.155,22.170,22.186,22.193,22.209,22.216,22.231,22.247,22.262,22.277,22.292,22.315,22.330,22.338,22.353,22.353,22.361,22.376,22.391,22.407,22.429,22.445,22.460,22.475,22.483,22.483,22.460,22.468,22.475,22.483,22.468,22.452,22.452,22.475,22.506,22.544,22.544,22.506,22.521,22.582,22.559,22.460,22.422,22.604,22.787,22.953,23.286,23.768,24.270,24.777,25.267,25.673,26.026,26.320,26.474,26.400,26.356,26.386,26.378,26.312,26.261,26.254,26.268,26.254,26.232,26.188,26.063,25.783,25.415,24.977,24.501,24.053,23.640,23.286,23.074,22.984,22.946,22.931,22.938,22.968,22.984,22.968,22.946,22.908,22.885,22.878,22.878,22.855,22.817,22.779,22.756,22.749,22.741,22.718,22.688,22.665,22.635,22.612,22.589,22.574,22.559,22.544,22.521,22.506,22.483,22.460,22.437,22.414,22.391,22.361,22.330,22.308,22.285,22.262,22.247,22.231,22.224,22.209,22.201,22.201,22.186,22.170,22.155,22.132,22.117,22.094,22.071,22.063,22.048,22.033,22.018,22.002,21.995,21.979,21.964,21.941,21.934,21.918,21.911,21.903,21.895,21.880,21.872,21.865,21.857,21.849,21.849,21.849,21.842,21.842,21.834,21.826,21.819,21.819,21.826,21.842,21.849,21.849,21.842,21.834,21.826,21.826,21.834,21.849,21.857,21.865,21.865,21.857,21.849,21.849,21.849,21.849,21.849,21.849,21.849,21.849,21.849,21.849,21.849,21.849,21.849,21.849,21.849,21.849,21.849,21.849,21.857,21.865,21.865,21.872,21.872,21.880,21.880,21.880,21.888,21.895,21.903,21.911,21.926,21.934,21.949,21.964,21.972,21.987,22.002,22.018,22.018,22.018,22.025,22.033,22.048,22.056,22.079,22.094,22.117,22.132,22.140,22.155,22.170,22.170,22.178,22.178,22.186,22.186,22.193,22.186,22.178,22.170,22.163,22.147,22.132,22.125,22.117,22.109,22.094,22.086,22.079,22.079,22.063,22.063,22.063,22.063,22.063,22.071,22.071,22.063,22.056,22.048,22.041,22.025,22.018,22.018,22.010,22.010,22.010,22.018,22.025,22.041,22.048,22.063,22.079,22.102,22.125,22.147,22.170,22.193,22.209,22.209,22.224,22.239,22.262,22.285,22.315,22.353,22.391,22.422,22.445,22.460,22.468,22.468
,23.210,23.210,23.210,23.203,23.195,23.180,23.180,23.173,23.165,23.165,23.165,23.165,23.165,23.165,23.165,23.158,23.150,23.150,23.142,23.142,23.135,23.127,23.127,23.127,23.120,23.105,23.097,23.082,23.067,23.044,23.037,23.021,23.006,22.991,22.976,22.968,22.953,22.931,22.908,22.885,22.862,22.840,22.809,22.794,22.771,22.756,22.741,22.733,22.726,22.696,22.650,22.604,22.566,22.536,22.528,22.536,22.544,22.536,22.521,22.506,22.490,22.468,22.445,22.429,22.414,22.399,22.391,22.384,22.384,22.384,22.384,22.391,22.399,22.399,22.399,22.391,22.384,22.384,22.384,22.384,22.384,22.384,22.384,22.384,22.384,22.391,22.399,22.399,22.399,22.407,22.414,22.422,22.429,22.437,22.437,22.445,22.445,22.460,22.460,22.475,22.483,22.483,22.483,22.475,22.468,22.468,22.468,22.483,22.490,22.490,22.490,22.483,22.475,22.468,22.468,22.475,22.475,22.468,22.468,22.452,22.445,22.429,22.429,22.422,22.414,22.399,22.384,22.369,22.361,22.346,22.338,22.330,22.323,22.308,22.308,22.292,22.285,22.270,22.254,22.239,22.231,22.209,22.193,22.178,22.163,22.147,22.132,22.117,22.102,22.079,22.071,22.063,22.048,22.033,22.010,21.995,21.979,21.964,21.956,21.956,21.956,21.956,21.949,21.949,21.941,21.941,21.941,21.941,21.941,21.949,21.941,21.934,21.934,21.934,21.934,21.934,21.934,21.941,21.949,21.956,21.972,21.979,21.987,21.987,21.987,21.995,22.002,22.010,22.018,22.033,22.048,22.063,22.079,22.094,22.094,22.086,22.094,22.102,22.109,22.125,22.147,22.170,22.178,22.186,22.193,22.209,22.224,22.239,22.247,22.270,22.285,22.300,22.315,22.338,22.346,22.353,22.361,22.376,22.391,22.407,22.414,22.422,22.422,22.422,22.429,22.422,22.369,22.376,22.391,22.414,22.422,22.452,22.475,22.506,22.589,22.582,22.528,22.475,22.574,22.536,22.445,22.376,22.536,22.855,23.089,23.278,23.858,24.277,24.740,25.267,25.702,26.048,26.371,26.613,26.430,26.400,26.422,26.444,26.342,26.290,26.276,26.276,26.261,26.246,26.210,26.122,25.864,25.496,25.059,24.576,24.105,23.685,23.331,23.067,22.968,22.938,22.923,22.923,22.984,22.991,22.984,22.968,22.946,22.915,22.893,22.885,22.885,22.878,22.855,22.832,22.809,22.802,22.779,22.749,22.711,22.680,22.658,22.627,22.604,22.589,22.574,22.551,22.528,22.513,22.490,22.468,22.437,22.414,22.391,22.361,22.330,22.300,22.277,22.254,22.239,22.231,22.224,22.209,22.201,22.201,22.186,22.170,22.155,22.132,22.109,22.086,22.063,22.056,22.041,22.025,22.010,22.002,21.987,21.972,21.956,21.941,21.934,21.918,21.911,21.903,21.895,21.880,21.872,21.865,21.857,21.849,21.849,21.849,21.842,21.834,21.834,21.826,21.819,21.826,21.826,21.842,21.849,21.849,21.842,21.826,21.826,21.826,21.826,21.842,21.857,21.865,21.865,21.857,21.849,21.842,21.842,21.849,21.849,21.849,21.849,21.849,21.849,21.842,21.842,21.842,21.842,21.842,21.842,21.842,21.842,21.849,21.849,21.857,21.865,21.865,21.865,21.872,21.872,21.880,21.880,21.888,21.895,21.903,21.911,21.918,21.934,21.941,21.964,21.972,21.987,21.995,22.002,22.002,22.002,22.010,22.025,22.041,22.063,22.086,22.102,22.117,22.125,22.140,22.155,22.155,22.163,22.170,22.170,22.178,22.178,22.178,22.170,22.163,22.155,22.140,22.132,22.117,22.109,22.094,22.086,22.079,22.071,22.063,22.063,22.063,22.063,22.063,22.063,22.063,22.063,22.063,22.056,22.048,22.041,22.025,22.018,22.010,22.002,21.995,21.995,22.002,22.010,22.025,22.033,22.048,22.063,22.086,22.109,22.132,22.155,22.178,22.186,22.186,22.193,22.209,22.239,22.262,22.292,22.330,22.369,22.399,22.422,22.445,22.452,22.452
,23.210,23.210,23.203,23.195,23.188,23.180,23.180,23.173,23.165,23.165,23.165,23.165,23.165,23.165,23.165,23.158,23.150,23.150,23.150,23.142,23.135,23.127,23.127,23.127,23.120,23.112,23.097,23.082,23.059,23.037,23.029,23.014,23.006,22.991,22.976,22.968,22.953,22.931,22.908,22.893,22.870,22.840,22.817,22.802,22.779,22.756,22.741,22.733,22.718,22.696,22.650,22.604,22.566,22.536,22.528,22.536,22.544,22.544,22.528,22.513,22.490,22.475,22.452,22.437,22.414,22.399,22.391,22.384,22.384,22.384,22.384,22.391,22.399,22.399,22.399,22.391,22.391,22.384,22.384,22.384,22.384,22.384,22.384,22.384,22.391,22.399,22.399,22.399,22.407,22.414,22.414,22.422,22.429,22.437,22.437,22.445,22.445,22.460,22.460,22.475,22.483,22.483,22.483,22.475,22.468,22.468,22.475,22.483,22.490,22.490,22.490,22.475,22.468,22.468,22.468,22.475,22.475,22.468,22.468,22.460,22.452,22.437,22.429,22.422,22.414,22.399,22.384,22.369,22.361,22.346,22.338,22.330,22.323,22.308,22.300,22.292,22.285,22.270,22.262,22.247,22.231,22.216,22.201,22.186,22.163,22.147,22.132,22.117,22.102,22.086,22.071,22.063,22.048,22.033,22.010,21.995,21.979,21.964,21.964,21.956,21.956,21.956,21.956,21.956,21.964,21.964,21.964,21.964,21.964,21.964,21.956,21.956,21.949,21.949,21.941,21.941,21.941,21.949,21.956,21.972,21.979,21.987,21.987,21.987,21.987,21.995,22.002,22.018,22.025,22.041,22.048,22.063,22.079,22.094,22.094,22.086,22.086,22.094,22.102,22.125,22.140,22.163,22.170,22.186,22.193,22.209,22.216,22.224,22.239,22.254,22.270,22.292,22.308,22.323,22.338,22.353,22.369,22.384,22.391,22.384,22.361,22.353,22.338,22.300,22.292,22.315,22.338,22.361,22.369,22.361,22.414,22.452,22.513,22.597,22.620,22.536,22.506,22.536,22.521,22.407,22.376,22.475,22.642,22.908,23.369,23.933,24.180,24.710,25.244,25.710,26.107,26.452,26.598,26.561,26.503,26.503,26.466,26.393,26.356,26.327,26.298,26.261,26.254,26.239,26.129,25.901,25.548,25.111,24.643,24.165,23.745,23.376,23.127,22.999,22.946,22.923,22.946,22.999,23.014,23.006,22.991,22.968,22.938,22.908,22.885,22.878,22.885,22.870,22.862,22.862,22.855,22.847,22.817,22.771,22.733,22.703,22.673,22.650,22.620,22.597,22.582,22.551,22.528,22.513,22.498,22.468,22.437,22.414,22.391,22.361,22.323,22.300,22.270,22.247,22.231,22.231,22.224,22.209,22.209,22.201,22.186,22.170,22.147,22.125,22.094,22.071,22.056,22.048,22.041,22.025,22.010,21.995,21.987,21.972,21.956,21.949,21.934,21.918,21.911,21.903,21.895,21.880,21.872,21.865,21.857,21.849,21.849,21.849,21.842,21.834,21.834,21.826,21.819,21.819,21.826,21.834,21.842,21.842,21.842,21.826,21.826,21.826,21.834,21.849,21.857,21.865,21.865,21.849,21.842,21.842,21.842,21.849,21.849,21.849,21.849,21.849,21.849,21.842,21.842,21.842,21.842,21.842,21.842,21.842,21.842,21.842,21.849,21.849,21.857,21.865,21.865,21.865,21.872,21.880,21.880,21.880,21.888,21.895,21.903,21.903,21.918,21.926,21.934,21.941,21.956,21.964,21.972,21.972,21.979,21.987,22.010,22.025,22.041,22.063,22.086,22.102,22.117,22.125,22.140,22.147,22.155,22.163,22.170,22.170,22.170,22.170,22.163,22.155,22.147,22.132,22.125,22.117,22.109,22.094,22.086,22.079,22.071,22.063,22.063,22.063,22.063,22.063,22.063,22.063,22.056,22.056,22.041,22.033,22.025,22.018,22.002,21.995,21.995,21.995,21.995,21.995,22.002,22.018,22.025,22.041,22.056,22.071,22.102,22.125,22.147,22.170,22.178,22.170,22.178,22.193,22.216,22.247,22.277,22.315,22.346,22.376,22.399,22.414,22.429,22.429
,23.203,23.203,23.195,23.195,23.188,23.180,23.180,23.173,23.165,23.165,23.165,23.165,23.165,23.165,23.165,23.158,23.158,23.150,23.150,23.142,23.135,23.135,23.135,23.127,23.127,23.112,23.097,23.082,23.059,23.037,23.029,23.014,23.006,22.991,22.976,22.961,22.953,22.931,22.908,22.893,22.870,22.847,22.824,22.802,22.779,22.756,22.741,22.733,22.718,22.688,22.642,22.604,22.566,22.536,22.528,22.536,22.544,22.544,22.528,22.513,22.490,22.475,22.452,22.437,22.422,22.407,22.391,22.384,22.384,22.384,22.384,22.391,22.399,22.399,22.399,22.399,22.391,22.391,22.391,22.391,22.391,22.391,22.391,22.391,22.399,22.399,22.399,22.407,22.407,22.414,22.414,22.422,22.429,22.437,22.437,22.445,22.445,22.452,22.460,22.475,22.483,22.490,22.490,22.483,22.475,22.468,22.475,22.490,22.490,22.490,22.490,22.475,22.468,22.460,22.460,22.468,22.475,22.475,22.468,22.460,22.452,22.437,22.429,22.422,22.414,22.399,22.384,22.369,22.361,22.346,22.338,22.323,22.315,22.308,22.300,22.292,22.285,22.270,22.262,22.247,22.231,22.216,22.201,22.186,22.163,22.147,22.125,22.117,22.102,22.086,22.071,22.056,22.048,22.025,22.010,21.995,21.987,21.972,21.964,21.964,21.964,21.964,21.964,21.972,21.972,21.979,21.979,21.979,21.979,21.979,21.979,21.972,21.964,21.964,21.956,21.956,21.956,21.956,21.972,21.979,21.995,22.002,21.995,21.995,21.995,21.995,22.002,22.018,22.025,22.041,22.056,22.071,22.079,22.094,22.094,22.079,22.079,22.086,22.102,22.117,22.140,22.163,22.178,22.186,22.193,22.209,22.224,22.224,22.231,22.247,22.270,22.285,22.300,22.315,22.346,22.361,22.369,22.369,22.369,22.353,22.330,22.300,22.270,22.262,22.270,22.308,22.338,22.353,22.369,22.391,22.429,22.506,22.574,22.620,22.551,22.536,22.521,22.490,22.391,22.384,22.468,22.620,22.824,23.324,23.813,24.232,24.695,25.215,25.702,26.144,26.481,26.620,26.649,26.605,26.576,26.510,26.444,26.393,26.371,26.334,26.298,26.283,26.261,26.129,25.901,25.570,25.155,24.710,24.262,23.828,23.437,23.188,23.044,22.984,22.953,22.968,23.006,23.044,23.044,23.014,22.991,22.968,22.938,22.908,22.893,22.885,22.885,22.878,22.870,22.870,22.862,22.847,22.824,22.779,22.741,22.711,22.688,22.665,22.620,22.604,22.582,22.551,22.528,22.513,22.498,22.468,22.437,22.414,22.391,22.361,22.323,22.292,22.270,22.247,22.231,22.231,22.224,22.209,22.209,22.201,22.186,22.170,22.140,22.117,22.086,22.063,22.048,22.041,22.033,22.025,22.010,21.995,21.987,21.972,21.956,21.949,21.941,21.926,21.911,21.895,21.888,21.880,21.872,21.865,21.865,21.865,21.857,21.849,21.849,21.842,21.834,21.826,21.819,21.819,21.819,21.834,21.842,21.842,21.842,21.834,21.826,21.826,21.842,21.849,21.865,21.865,21.865,21.857,21.849,21.842,21.842,21.842,21.849,21.849,21.849,21.849,21.842,21.842,21.842,21.842,21.842,21.834,21.834,21.834,21.834,21.834,21.842,21.842,21.849,21.849,21.857,21.865,21.865,21.872,21.872,21.880,21.880,21.880,21.888,21.888,21.895,21.903,21.911,21.918,21.926,21.941,21.949,21.949,21.956,21.972,21.995,22.010,22.033,22.056,22.079,22.086,22.102,22.117,22.132,22.140,22.147,22.155,22.163,22.170,22.170,22.163,22.155,22.147,22.140,22.132,22.125,22.117,22.109,22.102,22.086,22.086,22.079,22.071,22.071,22.063,22.063,22.056,22.056,22.056,22.048,22.041,22.033,22.025,22.018,22.002,21.995,21.987,21.987,21.987,21.987,21.995,22.002,22.018,22.025,22.041,22.056,22.079,22.109,22.132,22.155,22.170,22.178,22.178,22.178,22.186,22.216,22.239,22.270,22.300,22.338,22.361,22.384,22.391,22.399,22.399
,23.195,23.195,23.195,23.188,23.188,23.180,23.180,23.173,23.165,23.165,23.165,23.165,23.158,23.158,23.158,23.158,23.158,23.150,23.150,23.142,23.135,23.135,23.135,23.135,23.127,23.112,23.097,23.082,23.059,23.044,23.029,23.014,22.999,22.984,22.968,22.961,22.946,22.931,22.908,22.893,22.870,22.847,22.824,22.802,22.779,22.756,22.741,22.733,22.711,22.688,22.642,22.604,22.566,22.544,22.528,22.536,22.544,22.536,22.521,22.506,22.490,22.475,22.452,22.437,22.429,22.414,22.391,22.384,22.384,22.384,22.384,22.391,22.399,22.407,22.407,22.399,22.399,22.399,22.399,22.391,22.391,22.391,22.399,22.399,22.399,22.407,22.407,22.407,22.407,22.414,22.414,22.422,22.429,22.437,22.437,22.445,22.445,22.452,22.468,22.475,22.483,22.490,22.490,22.483,22.483,22.475,22.483,22.490,22.498,22.498,22.490,22.475,22.468,22.460,22.460,22.468,22.475,22.475,22.468,22.460,22.452,22.437,22.429,22.422,22.414,22.399,22.384,22.376,22.361,22.353,22.338,22.323,22.315,22.308,22.300,22.292,22.285,22.270,22.254,22.247,22.231,22.216,22.201,22.178,22.163,22.140,22.125,22.109,22.102,22.086,22.071,22.056,22.048,22.033,22.010,22.002,21.987,21.979,21.964,21.964,21.972,21.972,21.979,21.979,21.987,21.995,22.002,22.002,22.002,22.002,21.995,21.995,21.987,21.979,21.979,21.972,21.972,21.979,21.987,21.995,22.002,22.010,22.010,22.002,21.995,21.995,22.010,22.018,22.033,22.041,22.063,22.071,22.086,22.094,22.094,22.079,22.079,22.079,22.094,22.117,22.140,22.163,22.178,22.193,22.201,22.216,22.224,22.231,22.231,22.247,22.262,22.277,22.300,22.315,22.346,22.353,22.353,22.346,22.330,22.315,22.292,22.270,22.254,22.270,22.285,22.315,22.361,22.376,22.399,22.429,22.475,22.559,22.597,22.582,22.536,22.544,22.498,22.399,22.376,22.490,22.635,22.832,23.210,23.753,24.232,24.650,25.215,25.702,26.136,26.496,26.678,26.686,26.664,26.634,26.569,26.481,26.430,26.408,26.378,26.349,26.320,26.290,26.195,25.938,25.592,25.200,24.755,24.330,23.910,23.520,23.226,23.082,23.006,22.976,22.976,23.021,23.052,23.067,23.052,23.014,22.991,22.968,22.946,22.931,22.915,22.908,22.900,22.893,22.885,22.878,22.862,22.840,22.809,22.771,22.741,22.718,22.696,22.665,22.620,22.597,22.574,22.551,22.528,22.513,22.490,22.468,22.437,22.414,22.384,22.353,22.315,22.292,22.270,22.247,22.231,22.231,22.224,22.216,22.209,22.201,22.186,22.170,22.140,22.109,22.079,22.056,22.041,22.041,22.033,22.025,22.010,21.995,21.987,21.972,21.964,21.949,21.941,21.934,21.911,21.895,21.888,21.872,21.872,21.872,21.872,21.872,21.865,21.857,21.857,21.849,21.842,21.826,21.819,21.819,21.819,21.834,21.842,21.842,21.842,21.834,21.834,21.834,21.849,21.857,21.865,21.865,21.865,21.857,21.849,21.842,21.842,21.849,21.849,21.849,21.849,21.849,21.842,21.842,21.842,21.842,21.842,21.834,21.834,21.834,21.834,21.834,21.834,21.834,21.842,21.842,21.849,21.857,21.865,21.865,21.865,21.872,21.872,21.872,21.872,21.872,21.880,21.880,21.888,21.888,21.895,21.911,21.918,21.926,21.941,21.956,21.979,21.995,22.018,22.048,22.063,22.071,22.086,22.102,22.117,22.125,22.140,22.147,22.163,22.163,22.163,22.155,22.147,22.147,22.132,22.125,22.117,22.117,22.109,22.102,22.094,22.086,22.086,22.079,22.079,22.071,22.063,22.056,22.048,22.048,22.041,22.033,22.018,22.010,22.002,21.995,21.987,21.979,21.979,21.987,21.987,21.995,22.002,22.018,22.025,22.041,22.056,22.079,22.102,22.125,22.155,22.170,22.178,22.178,22.178,22.186,22.209,22.231,22.254,22.285,22.315,22.338,22.353,22.369,22.376,22.376
,23.195,23.195,23.195,23.188,23.180,23.173,23.173,23.173,23.165,23.158,23.158,23.158,23.158,23.158,23.158,23.150,23.150,23.150,23.150,23.142,23.135,23.135,23.135,23.135,23.127,23.112,23.097,23.082,23.059,23.044,23.029,23.014,22.999,22.984,22.968,22.961,22.946,22.923,22.908,22.893,22.878,22.855,22.824,22.809,22.787,22.756,22.733,22.726,22.711,22.688,22.642,22.604,22.574,22.544,22.536,22.536,22.536,22.536,22.521,22.506,22.483,22.468,22.452,22.437,22.429,22.414,22.399,22.391,22.384,22.384,22.384,22.391,22.399,22.407,22.407,22.407,22.407,22.399,22.399,22.399,22.399,22.399,22.407,22.407,22.407,22.414,22.414,22.414,22.414,22.414,22.422,22.422,22.429,22.437,22.445,22.445,22.445,22.460,22.468,22.483,22.490,22.498,22.498,22.490,22.490,22.490,22.498,22.498,22.506,22.506,22.498,22.483,22.468,22.468,22.468,22.475,22.483,22.483,22.475,22.460,22.452,22.437,22.429,22.422,22.414,22.399,22.391,22.376,22.369,22.353,22.338,22.330,22.323,22.308,22.300,22.292,22.277,22.262,22.254,22.247,22.231,22.216,22.193,22.178,22.155,22.140,22.125,22.117,22.102,22.086,22.071,22.056,22.048,22.033,22.018,22.010,21.995,21.987,21.979,21.979,21.979,21.987,21.995,22.002,22.010,22.018,22.025,22.025,22.025,22.025,22.025,22.018,22.018,22.010,22.002,22.002,22.002,22.002,22.010,22.018,22.018,22.025,22.025,22.018,22.010,22.010,22.018,22.025,22.033,22.048,22.063,22.079,22.086,22.094,22.094,22.079,22.079,22.079,22.094,22.117,22.140,22.163,22.178,22.193,22.209,22.224,22.231,22.231,22.231,22.239,22.262,22.285,22.300,22.323,22.346,22.353,22.338,22.315,22.292,22.277,22.270,22.270,22.292,22.308,22.323,22.346,22.391,22.429,22.452,22.460,22.536,22.589,22.574,22.521,22.574,22.528,22.422,22.330,22.513,22.680,22.878,23.158,23.745,24.143,24.635,25.237,25.702,26.158,26.525,26.751,26.722,26.707,26.678,26.620,26.503,26.452,26.437,26.430,26.386,26.371,26.342,26.268,26.026,25.658,25.237,24.799,24.359,23.978,23.602,23.256,23.105,23.029,22.984,22.976,23.014,23.059,23.074,23.067,23.044,23.014,22.991,22.976,22.968,22.968,22.961,22.953,22.946,22.931,22.908,22.885,22.855,22.824,22.802,22.771,22.741,22.718,22.696,22.665,22.620,22.597,22.574,22.551,22.528,22.513,22.490,22.468,22.437,22.414,22.384,22.353,22.315,22.292,22.270,22.247,22.231,22.231,22.224,22.216,22.209,22.201,22.186,22.163,22.132,22.102,22.079,22.048,22.041,22.041,22.033,22.025,22.010,22.002,21.987,21.972,21.964,21.956,21.949,21.934,21.918,21.903,21.888,21.880,21.880,21.880,21.880,21.880,21.872,21.865,21.857,21.849,21.842,21.826,21.819,21.819,21.819,21.834,21.842,21.849,21.849,21.849,21.849,21.849,21.857,21.865,21.872,21.872,21.872,21.857,21.857,21.857,21.857,21.857,21.857,21.857,21.857,21.849,21.849,21.849,21.842,21.842,21.842,21.842,21.834,21.834,21.826,21.826,21.826,21.826,21.834,21.842,21.842,21.849,21.857,21.857,21.857,21.857,21.857,21.857,21.857,21.857,21.857,21.857,21.865,21.865,21.872,21.880,21.895,21.903,21.918,21.941,21.964,21.987,22.010,22.033,22.048,22.056,22.063,22.086,22.102,22.117,22.132,22.147,22.147,22.147,22.147,22.147,22.140,22.140,22.132,22.117,22.117,22.109,22.109,22.102,22.102,22.094,22.086,22.079,22.079,22.071,22.063,22.056,22.048,22.041,22.033,22.018,22.010,22.002,21.995,21.979,21.979,21.979,21.979,21.987,21.987,21.995,22.002,22.018,22.025,22.033,22.048,22.071,22.094,22.117,22.147,22.163,22.170,22.170,22.170,22.178,22.201,22.224,22.247,22.270,22.300,22.315,22.330,22.338,22.346,22.346
,23.195,23.195,23.195,23.188,23.180,23.173,23.173,23.165,23.165,23.158,23.158,23.158,23.158,23.158,23.158,23.150,23.150,23.150,23.150,23.142,23.135,23.135,23.135,23.135,23.127,23.112,23.105,23.089,23.067,23.044,23.029,23.014,22.999,22.984,22.968,22.953,22.938,22.923,22.908,22.893,22.878,22.855,22.824,22.802,22.779,22.749,22.726,22.718,22.703,22.680,22.642,22.604,22.574,22.544,22.536,22.536,22.536,22.528,22.513,22.498,22.483,22.468,22.460,22.445,22.437,22.422,22.414,22.399,22.391,22.391,22.384,22.391,22.399,22.407,22.407,22.407,22.407,22.399,22.399,22.399,22.399,22.407,22.407,22.407,22.407,22.414,22.414,22.414,22.414,22.422,22.422,22.429,22.437,22.445,22.445,22.445,22.452,22.468,22.475,22.490,22.498,22.498,22.498,22.498,22.490,22.498,22.498,22.506,22.506,22.506,22.506,22.490,22.475,22.468,22.468,22.483,22.483,22.483,22.483,22.468,22.452,22.437,22.437,22.429,22.422,22.407,22.399,22.391,22.376,22.361,22.353,22.338,22.330,22.315,22.300,22.285,22.277,22.262,22.247,22.239,22.231,22.209,22.193,22.178,22.155,22.132,22.125,22.117,22.109,22.094,22.079,22.071,22.056,22.041,22.033,22.018,22.010,21.995,21.987,21.995,22.002,22.002,22.010,22.018,22.033,22.041,22.048,22.048,22.048,22.048,22.048,22.048,22.048,22.048,22.041,22.033,22.033,22.025,22.025,22.033,22.033,22.033,22.033,22.033,22.025,22.033,22.033,22.033,22.041,22.056,22.063,22.079,22.086,22.094,22.094,22.086,22.079,22.086,22.094,22.117,22.140,22.163,22.178,22.193,22.216,22.231,22.231,22.231,22.239,22.247,22.270,22.292,22.315,22.346,22.361,22.353,22.323,22.285,22.262,22.292,22.330,22.353,22.353,22.346,22.361,22.399,22.452,22.460,22.475,22.506,22.559,22.536,22.544,22.597,22.589,22.429,22.391,22.528,22.726,22.900,23.233,23.708,24.098,24.665,25.222,25.717,26.188,26.554,26.751,26.788,26.773,26.722,26.649,26.561,26.503,26.488,26.466,26.452,26.437,26.422,26.320,26.100,25.761,25.326,24.866,24.404,24.015,23.632,23.324,23.120,23.014,22.961,22.961,22.999,23.052,23.067,23.074,23.067,23.029,23.014,22.999,22.999,23.006,23.014,23.014,22.999,22.984,22.953,22.923,22.893,22.855,22.824,22.794,22.764,22.733,22.711,22.688,22.658,22.620,22.597,22.574,22.551,22.528,22.513,22.490,22.460,22.429,22.407,22.384,22.353,22.315,22.292,22.270,22.247,22.239,22.231,22.224,22.216,22.209,22.193,22.178,22.163,22.132,22.102,22.079,22.048,22.041,22.041,22.033,22.018,22.010,22.002,21.995,21.979,21.972,21.956,21.949,21.934,21.918,21.903,21.895,21.880,21.880,21.880,21.880,21.880,21.880,21.865,21.857,21.849,21.842,21.826,21.819,21.819,21.819,21.834,21.842,21.849,21.849,21.849,21.857,21.857,21.857,21.865,21.872,21.872,21.872,21.865,21.865,21.865,21.865,21.865,21.865,21.865,21.857,21.857,21.857,21.849,21.849,21.849,21.849,21.842,21.842,21.834,21.826,21.826,21.826,21.826,21.834,21.834,21.842,21.842,21.849,21.849,21.857,21.857,21.857,21.857,21.849,21.849,21.849,21.849,21.842,21.842,21.849,21.857,21.872,21.888,21.911,21.934,21.956,21.972,21.987,22.010,22.033,22.041,22.056,22.063,22.094,22.117,22.125,22.140,22.147,22.147,22.140,22.132,22.132,22.132,22.125,22.117,22.117,22.109,22.102,22.102,22.094,22.094,22.086,22.079,22.079,22.071,22.063,22.048,22.041,22.025,22.018,22.010,22.002,21.987,21.979,21.979,21.979,21.979,21.979,21.987,21.987,21.987,21.995,22.010,22.018,22.018,22.025,22.048,22.071,22.102,22.132,22.155,22.163,22.155,22.155,22.163,22.186,22.209,22.231,22.254,22.277,22.300,22.315,22.323,22.330,22.330
,23.195,23.195,23.195,23.188,23.180,23.173,23.173,23.165,23.158,23.158,23.158,23.158,23.158,23.158,23.158,23.150,23.142,23.142,23.142,23.142,23.135,23.135,23.135,23.135,23.127,23.112,23.105,23.089,23.067,23.052,23.037,23.014,22.999,22.984,22.968,22.953,22.938,22.923,22.908,22.893,22.878,22.855,22.824,22.802,22.771,22.741,22.726,22.718,22.703,22.680,22.642,22.612,22.574,22.551,22.536,22.536,22.536,22.528,22.513,22.498,22.483,22.468,22.460,22.445,22.437,22.422,22.414,22.407,22.407,22.399,22.399,22.399,22.399,22.407,22.407,22.399,22.399,22.407,22.407,22.407,22.407,22.407,22.407,22.414,22.414,22.414,22.414,22.414,22.422,22.422,22.429,22.429,22.437,22.445,22.452,22.460,22.460,22.468,22.483,22.490,22.506,22.506,22.506,22.506,22.498,22.498,22.506,22.513,22.513,22.513,22.506,22.498,22.483,22.475,22.483,22.490,22.490,22.490,22.483,22.468,22.460,22.445,22.437,22.437,22.429,22.422,22.407,22.399,22.384,22.376,22.361,22.353,22.338,22.323,22.308,22.292,22.277,22.262,22.239,22.231,22.216,22.201,22.186,22.170,22.155,22.132,22.125,22.117,22.109,22.102,22.086,22.079,22.063,22.056,22.041,22.033,22.018,22.010,22.010,22.010,22.010,22.018,22.025,22.033,22.048,22.056,22.063,22.063,22.063,22.063,22.063,22.071,22.071,22.071,22.063,22.056,22.056,22.048,22.041,22.041,22.041,22.041,22.041,22.048,22.048,22.056,22.048,22.048,22.048,22.056,22.063,22.079,22.094,22.102,22.102,22.086,22.086,22.086,22.102,22.117,22.140,22.163,22.186,22.201,22.216,22.239,22.247,22.239,22.247,22.254,22.277,22.308,22.338,22.361,22.384,22.376,22.361,22.346,22.353,22.384,22.414,22.422,22.407,22.407,22.429,22.468,22.490,22.506,22.521,22.536,22.528,22.551,22.582,22.589,22.468,22.445,22.544,22.726,22.915,23.263,23.685,24.143,24.665,25.207,25.725,26.180,26.547,26.773,26.861,26.831,26.773,26.693,26.627,26.569,26.547,26.525,26.510,26.496,26.481,26.356,26.151,25.857,25.437,24.940,24.464,24.030,23.648,23.346,23.142,23.014,22.946,22.938,22.984,23.037,23.074,23.082,23.082,23.074,23.052,23.037,23.037,23.044,23.052,23.052,23.044,23.029,23.006,22.968,22.931,22.900,22.855,22.824,22.794,22.764,22.726,22.696,22.673,22.650,22.612,22.589,22.566,22.544,22.521,22.506,22.483,22.452,22.429,22.399,22.376,22.353,22.315,22.292,22.277,22.254,22.239,22.239,22.231,22.216,22.201,22.193,22.178,22.155,22.132,22.109,22.079,22.056,22.041,22.041,22.033,22.018,22.010,22.002,21.995,21.979,21.972,21.964,21.949,21.941,21.926,21.911,21.895,21.888,21.880,21.880,21.888,21.880,21.872,21.865,21.857,21.849,21.834,21.826,21.819,21.819,21.819,21.834,21.842,21.849,21.857,21.865,21.865,21.865,21.865,21.865,21.865,21.865,21.865,21.872,21.872,21.880,21.880,21.872,21.872,21.872,21.872,21.865,21.865,21.865,21.857,21.857,21.857,21.849,21.842,21.834,21.826,21.826,21.826,21.826,21.826,21.834,21.834,21.834,21.834,21.842,21.842,21.849,21.849,21.849,21.849,21.842,21.842,21.834,21.826,21.826,21.834,21.842,21.857,21.888,21.911,21.941,21.956,21.964,21.979,22.002,22.018,22.033,22.041,22.063,22.086,22.109,22.125,22.140,22.140,22.140,22.132,22.125,22.125,22.125,22.125,22.117,22.117,22.102,22.102,22.094,22.086,22.086,22.086,22.079,22.071,22.063,22.056,22.048,22.033,22.025,22.018,22.010,21.995,21.987,21.979,21.979,21.979,21.979,21.979,21.987,21.987,21.987,21.987,21.995,22.002,22.002,22.010,22.033,22.063,22.086,22.117,22.140,22.155,22.147,22.147,22.155,22.178,22.201,22.224,22.247,22.270,22.292,22.308,22.315,22.315,22.315
,23.195,23.188,23.188,23.188,23.180,23.173,23.165,23.165,23.158,23.158,23.158,23.158,23.165,23.158,23.158,23.150,23.142,23.135,23.135,23.135,23.135,23.135,23.135,23.127,23.120,23.112,23.097,23.082,23.067,23.052,23.037,23.014,22.999,22.984,22.968,22.953,22.938,22.923,22.908,22.893,22.878,22.855,22.824,22.794,22.771,22.741,22.726,22.718,22.703,22.680,22.642,22.612,22.582,22.559,22.536,22.536,22.528,22.521,22.506,22.498,22.483,22.468,22.460,22.445,22.437,22.429,22.422,22.414,22.414,22.407,22.407,22.407,22.407,22.407,22.407,22.399,22.399,22.407,22.407,22.407,22.414,22.414,22.414,22.414,22.414,22.414,22.414,22.414,22.422,22.429,22.437,22.437,22.445,22.452,22.460,22.468,22.468,22.475,22.490,22.498,22.506,22.513,22.513,22.506,22.506,22.506,22.513,22.521,22.521,22.521,22.513,22.506,22.490,22.483,22.490,22.498,22.498,22.490,22.483,22.475,22.460,22.452,22.445,22.437,22.437,22.429,22.414,22.407,22.391,22.384,22.369,22.361,22.346,22.330,22.308,22.292,22.277,22.254,22.239,22.224,22.209,22.193,22.178,22.163,22.155,22.140,22.125,22.125,22.117,22.109,22.094,22.086,22.079,22.063,22.056,22.041,22.033,22.025,22.025,22.025,22.025,22.033,22.041,22.048,22.056,22.071,22.079,22.079,22.079,22.079,22.086,22.094,22.102,22.102,22.094,22.086,22.079,22.079,22.071,22.063,22.056,22.056,22.056,22.063,22.071,22.079,22.071,22.063,22.056,22.056,22.071,22.086,22.102,22.109,22.102,22.094,22.094,22.102,22.109,22.125,22.140,22.163,22.186,22.209,22.224,22.247,22.254,22.247,22.254,22.270,22.292,22.330,22.361,22.391,22.399,22.407,22.407,22.422,22.437,22.460,22.468,22.460,22.452,22.460,22.483,22.506,22.528,22.544,22.551,22.536,22.528,22.582,22.589,22.536,22.445,22.559,22.726,22.923,23.218,23.670,24.158,24.650,25.230,25.725,26.166,26.539,26.780,26.883,26.890,26.831,26.744,26.671,26.620,26.605,26.583,26.569,26.554,26.525,26.437,26.224,25.931,25.555,25.052,24.531,24.060,23.655,23.324,23.135,23.014,22.938,22.908,22.953,23.014,23.074,23.089,23.089,23.089,23.082,23.067,23.052,23.052,23.052,23.052,23.044,23.029,23.014,22.991,22.946,22.908,22.878,22.840,22.809,22.779,22.741,22.711,22.688,22.665,22.642,22.604,22.582,22.559,22.536,22.513,22.498,22.475,22.445,22.414,22.391,22.376,22.346,22.323,22.300,22.277,22.262,22.247,22.239,22.231,22.216,22.201,22.193,22.178,22.155,22.132,22.109,22.086,22.063,22.048,22.041,22.033,22.018,22.010,22.002,21.995,21.987,21.972,21.964,21.956,21.949,21.926,21.918,21.911,21.895,21.888,21.888,21.888,21.880,21.872,21.865,21.857,21.849,21.834,21.826,21.819,21.819,21.826,21.834,21.849,21.857,21.865,21.872,21.872,21.880,21.872,21.865,21.865,21.865,21.865,21.880,21.888,21.895,21.895,21.888,21.880,21.880,21.880,21.872,21.872,21.872,21.865,21.865,21.865,21.857,21.849,21.842,21.826,21.826,21.826,21.826,21.826,21.826,21.826,21.826,21.826,21.834,21.834,21.842,21.842,21.842,21.842,21.834,21.834,21.826,21.819,21.819,21.819,21.826,21.849,21.880,21.911,21.934,21.949,21.956,21.972,21.987,22.002,22.018,22.033,22.063,22.086,22.102,22.125,22.132,22.140,22.132,22.117,22.117,22.117,22.117,22.117,22.117,22.109,22.102,22.094,22.086,22.079,22.079,22.079,22.071,22.063,22.056,22.048,22.041,22.025,22.018,22.010,22.002,21.987,21.987,21.979,21.979,21.979,21.979,21.987,21.987,21.987,21.987,21.987,21.987,21.995,21.995,22.002,22.018,22.048,22.079,22.102,22.132,22.140,22.140,22.140,22.155,22.170,22.193,22.209,22.231,22.262,22.285,22.300,22.308,22.308,22.308
,23.188,23.188,23.188,23.180,23.173,23.165,23.165,23.158,23.158,23.158,23.158,23.158,23.165,23.158,23.158,23.142,23.135,23.127,23.127,23.127,23.127,23.127,23.127,23.127,23.120,23.105,23.097,23.082,23.067,23.052,23.029,23.014,22.999,22.976,22.961,22.946,22.931,22.915,22.908,22.893,22.878,22.855,22.824,22.794,22.771,22.741,22.718,22.718,22.703,22.680,22.642,22.620,22.589,22.559,22.544,22.536,22.528,22.521,22.506,22.490,22.483,22.468,22.460,22.452,22.445,22.437,22.429,22.422,22.422,22.414,22.414,22.414,22.407,22.407,22.407,22.407,22.407,22.407,22.407,22.414,22.414,22.422,22.422,22.414,22.414,22.414,22.414,22.422,22.422,22.437,22.437,22.445,22.445,22.460,22.468,22.468,22.475,22.483,22.498,22.506,22.513,22.528,22.528,22.513,22.513,22.513,22.521,22.521,22.528,22.528,22.521,22.506,22.498,22.498,22.498,22.498,22.498,22.490,22.490,22.475,22.468,22.460,22.452,22.452,22.445,22.429,22.422,22.414,22.399,22.384,22.376,22.361,22.346,22.330,22.315,22.300,22.277,22.254,22.231,22.216,22.209,22.186,22.178,22.163,22.155,22.140,22.132,22.125,22.117,22.109,22.102,22.094,22.086,22.071,22.063,22.048,22.041,22.041,22.041,22.041,22.048,22.056,22.063,22.071,22.079,22.086,22.094,22.094,22.102,22.102,22.117,22.125,22.125,22.132,22.125,22.125,22.117,22.109,22.094,22.086,22.079,22.071,22.079,22.086,22.094,22.102,22.094,22.086,22.071,22.071,22.079,22.094,22.109,22.117,22.117,22.109,22.102,22.109,22.125,22.132,22.147,22.170,22.193,22.216,22.231,22.254,22.262,22.254,22.254,22.277,22.315,22.353,22.384,22.414,22.422,22.437,22.452,22.468,22.475,22.490,22.483,22.475,22.483,22.506,22.521,22.536,22.566,22.574,22.559,22.528,22.574,22.597,22.551,22.468,22.559,22.741,22.931,23.165,23.640,24.105,24.650,25.252,25.747,26.188,26.532,26.780,26.904,26.904,26.853,26.780,26.707,26.656,26.642,26.642,26.620,26.605,26.583,26.503,26.298,26.019,25.651,25.185,24.613,24.120,23.678,23.293,23.082,22.999,22.938,22.893,22.923,22.999,23.059,23.089,23.097,23.097,23.097,23.089,23.067,23.052,23.037,23.029,23.014,22.984,22.961,22.946,22.931,22.893,22.855,22.832,22.802,22.779,22.749,22.711,22.680,22.673,22.658,22.642,22.597,22.574,22.551,22.528,22.506,22.483,22.460,22.437,22.407,22.391,22.369,22.346,22.323,22.300,22.277,22.262,22.247,22.239,22.231,22.216,22.201,22.186,22.170,22.155,22.132,22.109,22.086,22.071,22.056,22.041,22.033,22.018,22.010,22.002,21.995,21.987,21.979,21.972,21.964,21.949,21.934,21.926,21.918,21.911,21.903,21.895,21.888,21.880,21.880,21.872,21.865,21.849,21.842,21.826,21.826,21.826,21.834,21.842,21.849,21.865,21.872,21.880,21.888,21.895,21.880,21.865,21.865,21.865,21.872,21.888,21.903,21.911,21.911,21.903,21.888,21.888,21.888,21.888,21.888,21.888,21.880,21.880,21.872,21.872,21.857,21.849,21.834,21.826,21.826,21.826,21.826,21.819,21.819,21.819,21.819,21.819,21.826,21.826,21.834,21.834,21.826,21.826,21.819,21.819,21.811,21.803,21.811,21.819,21.842,21.865,21.895,21.926,21.941,21.941,21.949,21.972,21.987,22.002,22.025,22.056,22.079,22.094,22.109,22.117,22.125,22.117,22.109,22.102,22.102,22.109,22.109,22.102,22.094,22.094,22.079,22.071,22.071,22.071,22.071,22.063,22.056,22.048,22.041,22.025,22.018,22.010,22.002,21.995,21.987,21.979,21.979,21.972,21.972,21.979,21.979,21.979,21.979,21.979,21.979,21.979,21.979,21.979,21.987,22.002,22.033,22.056,22.086,22.109,22.125,22.125,22.132,22.147,22.163,22.178,22.201,22.224,22.254,22.270,22.285,22.292,22.300,22.300
,23.188,23.188,23.180,23.180,23.173,23.165,23.165,23.158,23.158,23.158,23.158,23.158,23.165,23.158,23.158,23.142,23.127,23.127,23.120,23.120,23.120,23.120,23.120,23.112,23.105,23.097,23.089,23.074,23.067,23.044,23.029,23.014,22.991,22.968,22.953,22.946,22.931,22.915,22.900,22.893,22.878,22.855,22.824,22.794,22.771,22.741,22.726,22.718,22.703,22.688,22.650,22.620,22.597,22.566,22.544,22.536,22.528,22.513,22.498,22.490,22.483,22.468,22.460,22.452,22.452,22.437,22.437,22.429,22.422,22.414,22.414,22.414,22.407,22.407,22.407,22.407,22.407,22.407,22.407,22.414,22.414,22.422,22.422,22.414,22.414,22.414,22.414,22.422,22.429,22.437,22.437,22.445,22.452,22.468,22.468,22.475,22.483,22.490,22.498,22.513,22.521,22.528,22.528,22.521,22.513,22.521,22.521,22.528,22.536,22.536,22.528,22.513,22.506,22.498,22.498,22.498,22.498,22.498,22.490,22.483,22.475,22.460,22.460,22.452,22.445,22.437,22.429,22.414,22.399,22.384,22.376,22.361,22.346,22.330,22.308,22.292,22.270,22.254,22.231,22.224,22.209,22.193,22.178,22.163,22.155,22.140,22.132,22.125,22.125,22.109,22.102,22.094,22.086,22.079,22.071,22.063,22.056,22.048,22.048,22.056,22.063,22.071,22.079,22.086,22.094,22.102,22.117,22.125,22.125,22.132,22.147,22.155,22.155,22.155,22.155,22.147,22.147,22.140,22.125,22.117,22.109,22.102,22.102,22.109,22.109,22.109,22.102,22.094,22.086,22.086,22.094,22.102,22.117,22.125,22.125,22.125,22.117,22.125,22.132,22.147,22.163,22.186,22.201,22.216,22.239,22.262,22.262,22.262,22.262,22.285,22.323,22.384,22.422,22.437,22.437,22.437,22.452,22.475,22.483,22.483,22.483,22.490,22.506,22.528,22.551,22.582,22.597,22.582,22.574,22.574,22.604,22.559,22.536,22.582,22.771,22.931,23.203,23.610,24.075,24.658,25.237,25.769,26.210,26.517,26.751,26.897,26.890,26.831,26.780,26.729,26.678,26.664,26.649,26.642,26.642,26.627,26.532,26.349,26.107,25.732,25.252,24.702,24.180,23.700,23.316,23.059,22.968,22.915,22.900,22.923,22.991,23.029,23.059,23.089,23.082,23.067,23.052,23.029,23.021,23.006,22.991,22.976,22.946,22.915,22.893,22.870,22.855,22.824,22.802,22.779,22.756,22.733,22.703,22.673,22.658,22.658,22.650,22.635,22.589,22.559,22.536,22.513,22.490,22.475,22.452,22.429,22.407,22.391,22.369,22.346,22.323,22.308,22.285,22.262,22.247,22.239,22.224,22.209,22.193,22.186,22.170,22.147,22.132,22.117,22.094,22.071,22.056,22.048,22.041,22.025,22.010,22.002,22.002,21.987,21.979,21.964,21.956,21.941,21.941,21.934,21.934,21.926,21.911,21.911,21.903,21.888,21.880,21.872,21.872,21.865,21.849,21.842,21.834,21.834,21.834,21.842,21.849,21.865,21.880,21.895,21.903,21.903,21.895,21.872,21.865,21.865,21.880,21.895,21.911,21.918,21.918,21.911,21.903,21.888,21.888,21.895,21.895,21.895,21.888,21.888,21.888,21.880,21.872,21.857,21.849,21.834,21.826,21.826,21.826,21.819,21.819,21.819,21.819,21.819,21.819,21.819,21.826,21.826,21.826,21.826,21.819,21.811,21.811,21.803,21.803,21.819,21.834,21.857,21.880,21.903,21.926,21.926,21.934,21.949,21.979,22.002,22.018,22.041,22.063,22.079,22.086,22.094,22.102,22.102,22.094,22.094,22.094,22.094,22.094,22.086,22.079,22.071,22.063,22.063,22.063,22.063,22.056,22.056,22.048,22.041,22.033,22.018,22.018,22.010,22.002,21.995,21.987,21.979,21.972,21.972,21.972,21.972,21.979,21.979,21.979,21.979,21.979,21.979,21.979,21.979,21.979,21.995,22.018,22.048,22.071,22.094,22.109,22.109,22.117,22.125,22.147,22.170,22.186,22.209,22.239,22.262,22.277,22.285,22.292,22.292
,23.180,23.180,23.173,23.173,23.173,23.165,23.165,23.158,23.158,23.158,23.158,23.165,23.165,23.158,23.150,23.135,23.127,23.120,23.112,23.112,23.112,23.105,23.105,23.105,23.097,23.089,23.082,23.067,23.052,23.037,23.021,23.006,22.991,22.968,22.953,22.938,22.931,22.915,22.900,22.885,22.870,22.847,22.824,22.802,22.771,22.749,22.733,22.726,22.711,22.688,22.658,22.627,22.597,22.574,22.551,22.536,22.528,22.513,22.498,22.490,22.483,22.468,22.460,22.460,22.452,22.445,22.437,22.429,22.422,22.414,22.414,22.414,22.414,22.414,22.414,22.414,22.414,22.414,22.414,22.414,22.422,22.422,22.422,22.422,22.422,22.422,22.422,22.422,22.429,22.437,22.437,22.445,22.452,22.468,22.475,22.475,22.483,22.490,22.506,22.513,22.528,22.528,22.528,22.528,22.521,22.521,22.521,22.536,22.536,22.536,22.528,22.521,22.513,22.506,22.506,22.506,22.498,22.498,22.490,22.483,22.475,22.468,22.460,22.452,22.445,22.437,22.422,22.414,22.399,22.384,22.369,22.361,22.346,22.323,22.300,22.285,22.270,22.254,22.239,22.231,22.216,22.201,22.186,22.170,22.155,22.147,22.132,22.132,22.125,22.117,22.102,22.102,22.094,22.079,22.071,22.063,22.056,22.056,22.056,22.063,22.071,22.079,22.094,22.094,22.109,22.117,22.132,22.140,22.147,22.155,22.163,22.170,22.170,22.170,22.170,22.170,22.163,22.155,22.147,22.140,22.132,22.125,22.117,22.125,22.125,22.117,22.109,22.102,22.102,22.102,22.109,22.125,22.132,22.140,22.140,22.140,22.132,22.140,22.147,22.163,22.178,22.193,22.209,22.224,22.239,22.262,22.270,22.262,22.270,22.292,22.338,22.399,22.445,22.445,22.437,22.437,22.452,22.475,22.483,22.490,22.506,22.521,22.544,22.566,22.582,22.604,22.612,22.597,22.589,22.597,22.589,22.582,22.642,22.794,22.984,23.256,23.625,24.090,24.658,25.230,25.754,26.202,26.525,26.751,26.875,26.897,26.831,26.780,26.744,26.715,26.686,26.671,26.664,26.664,26.664,26.569,26.393,26.151,25.820,25.333,24.792,24.255,23.753,23.361,23.097,22.953,22.893,22.885,22.923,22.976,22.999,23.021,23.037,23.052,23.052,23.029,23.006,22.991,22.991,22.984,22.968,22.946,22.915,22.885,22.862,22.840,22.817,22.787,22.764,22.749,22.726,22.711,22.680,22.650,22.642,22.642,22.635,22.620,22.574,22.551,22.528,22.498,22.483,22.460,22.445,22.422,22.399,22.384,22.369,22.346,22.323,22.300,22.285,22.262,22.239,22.231,22.224,22.209,22.193,22.178,22.170,22.155,22.132,22.117,22.094,22.079,22.063,22.056,22.041,22.025,22.010,22.010,22.002,21.987,21.972,21.964,21.949,21.941,21.941,21.949,21.949,21.941,21.934,21.918,21.903,21.888,21.880,21.880,21.880,21.872,21.857,21.849,21.842,21.834,21.834,21.849,21.857,21.865,21.880,21.895,21.911,21.911,21.903,21.888,21.872,21.872,21.888,21.903,21.926,21.934,21.926,21.918,21.903,21.895,21.895,21.903,21.903,21.903,21.903,21.903,21.895,21.895,21.880,21.865,21.849,21.842,21.826,21.826,21.826,21.819,21.819,21.811,21.811,21.811,21.811,21.819,21.819,21.826,21.826,21.826,21.819,21.819,21.811,21.811,21.811,21.819,21.834,21.849,21.872,21.895,21.903,21.911,21.926,21.949,21.972,21.995,22.018,22.041,22.056,22.063,22.071,22.071,22.079,22.086,22.086,22.079,22.079,22.079,22.079,22.071,22.063,22.056,22.056,22.048,22.048,22.048,22.041,22.041,22.033,22.033,22.025,22.018,22.010,22.010,22.002,21.995,21.987,21.979,21.972,21.972,21.972,21.972,21.972,21.972,21.972,21.972,21.972,21.979,21.979,21.979,21.979,22.002,22.018,22.041,22.063,22.086,22.094,22.094,22.102,22.117,22.140,22.163,22.178,22.209,22.231,22.254,22.270,22.285,22.285,22.292
,23.173,23.173,23.173,23.165,23.165,23.165,23.165,23.158,23.158,23.158,23.158,23.165,23.165,23.158,23.150,23.135,23.127,23.112,23.105,23.105,23.105,23.097,23.097,23.097,23.089,23.082,23.067,23.059,23.044,23.029,23.014,22.999,22.984,22.968,22.953,22.938,22.923,22.908,22.893,22.885,22.870,22.847,22.824,22.802,22.779,22.749,22.733,22.726,22.711,22.688,22.658,22.635,22.604,22.574,22.551,22.536,22.528,22.513,22.498,22.490,22.483,22.475,22.468,22.460,22.460,22.452,22.437,22.429,22.422,22.414,22.414,22.414,22.422,22.422,22.422,22.422,22.422,22.422,22.422,22.422,22.422,22.422,22.422,22.422,22.422,22.429,22.429,22.429,22.429,22.437,22.437,22.445,22.460,22.468,22.475,22.483,22.483,22.498,22.506,22.521,22.528,22.536,22.536,22.528,22.521,22.521,22.528,22.536,22.544,22.536,22.536,22.521,22.513,22.506,22.506,22.506,22.498,22.490,22.490,22.483,22.483,22.475,22.460,22.452,22.445,22.429,22.422,22.407,22.399,22.384,22.369,22.353,22.338,22.315,22.300,22.285,22.277,22.262,22.247,22.231,22.224,22.209,22.193,22.178,22.163,22.155,22.140,22.132,22.132,22.125,22.109,22.102,22.094,22.086,22.071,22.071,22.063,22.063,22.063,22.071,22.079,22.094,22.102,22.109,22.117,22.132,22.140,22.155,22.170,22.178,22.186,22.193,22.193,22.193,22.193,22.193,22.186,22.178,22.178,22.170,22.163,22.155,22.147,22.140,22.132,22.132,22.125,22.117,22.117,22.117,22.125,22.140,22.147,22.155,22.155,22.147,22.147,22.155,22.163,22.178,22.193,22.209,22.224,22.231,22.247,22.262,22.277,22.270,22.270,22.292,22.338,22.414,22.452,22.452,22.429,22.437,22.452,22.483,22.498,22.521,22.544,22.574,22.582,22.604,22.620,22.627,22.627,22.620,22.620,22.627,22.612,22.680,22.824,23.037,23.278,23.655,24.113,24.643,25.237,25.754,26.195,26.539,26.773,26.890,26.912,26.853,26.788,26.759,26.737,26.715,26.700,26.693,26.693,26.686,26.627,26.444,26.195,25.887,25.429,24.881,24.330,23.820,23.376,23.105,22.946,22.878,22.847,22.893,22.946,22.991,22.984,22.991,23.006,23.014,23.014,22.991,22.968,22.961,22.968,22.953,22.938,22.915,22.885,22.847,22.824,22.802,22.779,22.756,22.733,22.718,22.703,22.688,22.665,22.642,22.627,22.627,22.612,22.589,22.559,22.536,22.506,22.483,22.468,22.452,22.437,22.414,22.399,22.384,22.369,22.346,22.323,22.300,22.285,22.262,22.239,22.231,22.224,22.209,22.193,22.178,22.170,22.155,22.132,22.117,22.102,22.086,22.063,22.056,22.048,22.033,22.018,22.010,22.002,21.995,21.972,21.964,21.956,21.949,21.949,21.956,21.956,21.956,21.949,21.926,21.911,21.895,21.888,21.888,21.888,21.880,21.872,21.857,21.849,21.842,21.842,21.849,21.865,21.872,21.888,21.903,21.911,21.918,21.911,21.895,21.888,21.888,21.895,21.918,21.934,21.941,21.934,21.918,21.911,21.903,21.903,21.903,21.911,21.911,21.911,21.911,21.903,21.895,21.888,21.872,21.857,21.842,21.834,21.826,21.826,21.819,21.811,21.811,21.803,21.803,21.803,21.803,21.811,21.811,21.811,21.819,21.819,21.819,21.811,21.811,21.811,21.819,21.826,21.842,21.857,21.872,21.888,21.895,21.911,21.934,21.964,21.995,22.018,22.033,22.048,22.056,22.056,22.056,22.063,22.071,22.071,22.071,22.071,22.071,22.063,22.056,22.048,22.048,22.041,22.041,22.033,22.033,22.033,22.033,22.025,22.018,22.018,22.010,22.010,22.010,22.002,21.995,21.987,21.979,21.972,21.964,21.964,21.964,21.964,21.964,21.964,21.964,21.972,21.972,21.972,21.979,21.987,22.002,22.018,22.033,22.048,22.071,22.079,22.086,22.094,22.117,22.132,22.155,22.170,22.193,22.224,22.247,22.270,22.277,22.285,22.285
,23.173,23.173,23.173,23.165,23.165,23.165,23.165,23.165,23.158,23.158,23.158,23.158,23.158,23.150,23.150,23.135,23.127,23.112,23.105,23.097,23.097,23.089,23.089,23.082,23.082,23.067,23.059,23.052,23.037,23.021,23.006,22.991,22.976,22.961,22.946,22.931,22.915,22.900,22.893,22.878,22.862,22.847,22.824,22.802,22.779,22.749,22.733,22.726,22.711,22.688,22.658,22.635,22.612,22.582,22.551,22.536,22.528,22.513,22.498,22.490,22.483,22.483,22.475,22.468,22.460,22.452,22.445,22.429,22.422,22.414,22.414,22.414,22.422,22.429,22.429,22.429,22.429,22.422,22.422,22.422,22.422,22.422,22.422,22.422,22.429,22.437,22.437,22.429,22.429,22.437,22.437,22.452,22.460,22.475,22.475,22.483,22.490,22.498,22.506,22.521,22.528,22.536,22.536,22.528,22.528,22.528,22.528,22.536,22.544,22.544,22.536,22.521,22.513,22.513,22.506,22.506,22.498,22.498,22.498,22.490,22.483,22.475,22.468,22.460,22.445,22.429,22.422,22.407,22.391,22.376,22.361,22.346,22.330,22.315,22.300,22.292,22.277,22.262,22.254,22.239,22.231,22.216,22.201,22.186,22.170,22.155,22.147,22.140,22.132,22.125,22.117,22.102,22.094,22.094,22.086,22.079,22.079,22.079,22.079,22.086,22.094,22.109,22.117,22.125,22.132,22.147,22.163,22.170,22.186,22.201,22.209,22.216,22.216,22.216,22.216,22.216,22.216,22.209,22.201,22.201,22.193,22.186,22.170,22.163,22.155,22.147,22.140,22.140,22.140,22.140,22.147,22.155,22.163,22.170,22.170,22.163,22.163,22.170,22.178,22.193,22.201,22.216,22.224,22.239,22.254,22.270,22.285,22.277,22.277,22.300,22.346,22.414,22.452,22.445,22.429,22.445,22.468,22.506,22.528,22.559,22.589,22.620,22.620,22.642,22.658,22.665,22.642,22.650,22.665,22.680,22.688,22.847,23.059,23.316,23.670,24.113,24.643,25.237,25.776,26.202,26.539,26.788,26.948,26.941,26.875,26.802,26.773,26.751,26.737,26.729,26.722,26.715,26.715,26.693,26.510,26.254,25.931,25.525,24.940,24.404,23.880,23.399,23.082,22.938,22.847,22.802,22.824,22.908,22.961,22.968,22.946,22.938,22.953,22.976,22.968,22.953,22.938,22.931,22.923,22.908,22.885,22.855,22.832,22.794,22.771,22.756,22.741,22.718,22.696,22.680,22.673,22.658,22.642,22.620,22.604,22.597,22.582,22.559,22.536,22.513,22.490,22.468,22.452,22.437,22.422,22.407,22.391,22.376,22.361,22.346,22.323,22.308,22.285,22.262,22.239,22.231,22.216,22.201,22.193,22.178,22.170,22.155,22.140,22.125,22.109,22.086,22.071,22.063,22.048,22.033,22.025,22.018,22.010,21.995,21.979,21.972,21.964,21.956,21.956,21.964,21.972,21.964,21.956,21.941,21.926,21.911,21.895,21.895,21.895,21.888,21.880,21.872,21.865,21.857,21.857,21.865,21.872,21.880,21.888,21.903,21.918,21.918,21.918,21.903,21.895,21.895,21.911,21.926,21.934,21.941,21.934,21.918,21.911,21.895,21.895,21.903,21.903,21.903,21.903,21.903,21.895,21.888,21.880,21.872,21.857,21.842,21.834,21.826,21.819,21.811,21.803,21.803,21.796,21.788,21.788,21.796,21.796,21.796,21.796,21.803,21.803,21.803,21.803,21.803,21.803,21.803,21.811,21.819,21.834,21.849,21.872,21.880,21.903,21.926,21.964,21.987,22.010,22.033,22.041,22.041,22.048,22.048,22.048,22.056,22.063,22.063,22.063,22.056,22.048,22.041,22.041,22.041,22.033,22.025,22.025,22.025,22.018,22.018,22.018,22.010,22.010,22.002,22.002,22.002,22.002,21.995,21.987,21.979,21.972,21.964,21.964,21.956,21.956,21.956,21.956,21.956,21.964,21.972,21.972,21.979,21.987,22.002,22.010,22.025,22.041,22.056,22.063,22.071,22.086,22.109,22.125,22.140,22.163,22.186,22.216,22.239,22.254,22.270,22.277,22.277
,23.173,23.173,23.173,23.165,23.165,23.165,23.165,23.165,23.158,23.158,23.158,23.150,23.150,23.150,23.142,23.127,23.120,23.112,23.105,23.097,23.089,23.089,23.082,23.074,23.067,23.059,23.052,23.044,23.037,23.014,23.006,22.991,22.976,22.953,22.938,22.923,22.915,22.893,22.878,22.870,22.862,22.847,22.824,22.809,22.787,22.756,22.741,22.726,22.711,22.696,22.658,22.635,22.612,22.582,22.559,22.544,22.536,22.521,22.506,22.498,22.490,22.483,22.483,22.468,22.460,22.452,22.445,22.429,22.422,22.414,22.414,22.422,22.422,22.429,22.429,22.429,22.429,22.422,22.422,22.422,22.422,22.422,22.422,22.429,22.429,22.437,22.437,22.429,22.429,22.437,22.437,22.452,22.460,22.475,22.483,22.490,22.498,22.506,22.513,22.521,22.528,22.536,22.536,22.528,22.528,22.528,22.528,22.544,22.544,22.544,22.544,22.528,22.521,22.513,22.513,22.506,22.498,22.498,22.498,22.490,22.483,22.475,22.475,22.460,22.452,22.437,22.422,22.407,22.391,22.376,22.361,22.346,22.330,22.315,22.300,22.292,22.285,22.270,22.262,22.247,22.239,22.224,22.209,22.193,22.170,22.155,22.147,22.140,22.132,22.125,22.117,22.109,22.102,22.094,22.094,22.086,22.086,22.086,22.094,22.102,22.109,22.117,22.132,22.140,22.147,22.163,22.178,22.186,22.201,22.216,22.231,22.239,22.239,22.239,22.247,22.239,22.239,22.231,22.231,22.231,22.224,22.216,22.193,22.186,22.170,22.163,22.155,22.155,22.155,22.155,22.163,22.170,22.170,22.170,22.170,22.163,22.163,22.170,22.178,22.193,22.209,22.224,22.239,22.254,22.262,22.285,22.300,22.292,22.292,22.308,22.353,22.422,22.460,22.452,22.445,22.452,22.475,22.521,22.566,22.604,22.620,22.635,22.658,22.680,22.680,22.673,22.673,22.718,22.733,22.733,22.862,23.105,23.384,23.693,24.105,24.658,25.230,25.769,26.195,26.510,26.766,26.955,26.963,26.875,26.810,26.780,26.759,26.744,26.737,26.737,26.751,26.751,26.700,26.569,26.320,26.004,25.562,25.000,24.457,23.933,23.482,23.120,22.931,22.817,22.756,22.749,22.832,22.885,22.915,22.908,22.878,22.862,22.870,22.885,22.885,22.862,22.840,22.824,22.817,22.802,22.779,22.741,22.718,22.703,22.696,22.688,22.680,22.665,22.658,22.642,22.635,22.627,22.612,22.589,22.574,22.559,22.544,22.536,22.513,22.490,22.475,22.452,22.437,22.429,22.414,22.399,22.384,22.369,22.361,22.338,22.315,22.300,22.285,22.262,22.247,22.231,22.216,22.201,22.186,22.170,22.163,22.147,22.140,22.125,22.117,22.102,22.086,22.071,22.048,22.033,22.025,22.018,22.018,22.010,21.995,21.987,21.979,21.972,21.972,21.972,21.972,21.972,21.964,21.949,21.934,21.918,21.911,21.903,21.903,21.895,21.888,21.888,21.880,21.880,21.880,21.880,21.888,21.888,21.895,21.911,21.918,21.918,21.918,21.918,21.911,21.911,21.918,21.934,21.934,21.934,21.926,21.911,21.903,21.895,21.895,21.895,21.895,21.895,21.888,21.888,21.880,21.880,21.865,21.857,21.849,21.834,21.826,21.811,21.803,21.803,21.788,21.788,21.780,21.780,21.773,21.780,21.780,21.780,21.780,21.780,21.780,21.780,21.780,21.773,21.773,21.780,21.788,21.796,21.803,21.826,21.849,21.865,21.888,21.918,21.949,21.979,22.002,22.025,22.033,22.041,22.048,22.048,22.056,22.056,22.063,22.063,22.063,22.056,22.048,22.041,22.041,22.041,22.033,22.025,22.025,22.018,22.018,22.018,22.010,22.002,22.002,22.002,22.002,22.002,21.995,21.987,21.987,21.979,21.972,21.964,21.964,21.956,21.956,21.956,21.956,21.956,21.964,21.972,21.972,21.979,21.987,22.002,22.010,22.018,22.033,22.048,22.056,22.063,22.079,22.102,22.117,22.132,22.147,22.170,22.201,22.231,22.247,22.262,22.270,22.270
,23.173,23.173,23.173,23.173,23.165,23.165,23.165,23.158,23.158,23.150,23.142,23.142,23.142,23.135,23.127,23.127,23.120,23.112,23.105,23.097,23.089,23.082,23.074,23.067,23.067,23.059,23.052,23.037,23.029,23.014,23.006,22.991,22.976,22.953,22.931,22.923,22.908,22.885,22.870,22.870,22.862,22.847,22.824,22.809,22.787,22.764,22.741,22.733,22.718,22.696,22.658,22.635,22.604,22.582,22.559,22.551,22.536,22.528,22.513,22.506,22.498,22.490,22.483,22.468,22.460,22.452,22.445,22.437,22.429,22.422,22.422,22.422,22.429,22.429,22.429,22.429,22.429,22.429,22.429,22.429,22.429,22.429,22.429,22.429,22.437,22.437,22.437,22.437,22.437,22.437,22.437,22.445,22.460,22.468,22.483,22.490,22.498,22.506,22.521,22.521,22.528,22.536,22.536,22.536,22.536,22.536,22.536,22.544,22.551,22.544,22.544,22.536,22.528,22.521,22.513,22.513,22.506,22.498,22.498,22.490,22.483,22.475,22.475,22.468,22.452,22.437,22.422,22.407,22.391,22.376,22.361,22.346,22.330,22.315,22.300,22.300,22.285,22.277,22.262,22.254,22.239,22.231,22.209,22.193,22.178,22.155,22.147,22.140,22.140,22.125,22.117,22.117,22.109,22.102,22.094,22.094,22.094,22.102,22.109,22.109,22.125,22.132,22.147,22.147,22.163,22.170,22.186,22.193,22.209,22.224,22.239,22.247,22.254,22.262,22.262,22.262,22.254,22.247,22.247,22.247,22.239,22.231,22.216,22.201,22.186,22.178,22.170,22.170,22.170,22.170,22.170,22.178,22.178,22.178,22.170,22.163,22.163,22.163,22.178,22.193,22.209,22.224,22.247,22.262,22.277,22.300,22.308,22.308,22.300,22.315,22.361,22.422,22.460,22.460,22.445,22.460,22.498,22.551,22.604,22.620,22.642,22.665,22.688,22.696,22.696,22.703,22.749,22.756,22.794,22.908,23.142,23.414,23.730,24.128,24.658,25.215,25.732,26.173,26.488,26.751,26.912,26.963,26.890,26.839,26.795,26.766,26.744,26.737,26.751,26.773,26.766,26.707,26.576,26.371,26.078,25.629,25.096,24.524,24.008,23.550,23.195,22.946,22.794,22.718,22.703,22.741,22.794,22.824,22.832,22.817,22.771,22.749,22.749,22.764,22.756,22.733,22.711,22.703,22.696,22.688,22.673,22.650,22.642,22.635,22.627,22.627,22.620,22.612,22.604,22.589,22.582,22.582,22.574,22.559,22.544,22.528,22.521,22.506,22.490,22.475,22.460,22.445,22.429,22.422,22.407,22.399,22.376,22.369,22.353,22.330,22.315,22.308,22.292,22.270,22.254,22.231,22.216,22.201,22.178,22.170,22.163,22.147,22.140,22.132,22.125,22.109,22.086,22.071,22.048,22.033,22.025,22.025,22.025,22.025,22.018,22.010,21.995,21.987,21.987,21.979,21.979,21.972,21.956,21.949,21.941,21.934,21.918,21.911,21.903,21.895,21.895,21.895,21.895,21.895,21.895,21.895,21.895,21.903,21.903,21.911,21.918,21.926,21.926,21.926,21.926,21.926,21.926,21.934,21.934,21.926,21.918,21.903,21.903,21.895,21.888,21.880,21.880,21.880,21.872,21.872,21.865,21.857,21.849,21.842,21.834,21.819,21.811,21.803,21.796,21.788,21.780,21.773,21.773,21.765,21.757,21.757,21.765,21.765,21.757,21.757,21.757,21.757,21.750,21.750,21.750,21.757,21.757,21.765,21.780,21.803,21.826,21.849,21.872,21.903,21.941,21.964,21.987,22.018,22.033,22.048,22.056,22.063,22.071,22.063,22.063,22.063,22.063,22.056,22.056,22.048,22.048,22.041,22.041,22.033,22.025,22.025,22.018,22.010,22.002,22.002,21.995,21.995,21.995,21.995,21.995,21.987,21.987,21.979,21.972,21.964,21.964,21.956,21.956,21.956,21.956,21.956,21.964,21.972,21.979,21.987,21.995,22.002,22.010,22.018,22.033,22.048,22.056,22.071,22.079,22.102,22.117,22.125,22.140,22.170,22.193,22.224,22.239,22.254,22.262,22.262
,23.173,23.173,23.173,23.173,23.173,23.165,23.165,23.158,23.150,23.142,23.142,23.135,23.127,23.127,23.120,23.120,23.120,23.112,23.112,23.097,23.089,23.074,23.074,23.067,23.059,23.052,23.044,23.037,23.029,23.014,22.999,22.991,22.976,22.953,22.931,22.915,22.893,22.878,22.862,22.862,22.855,22.847,22.824,22.809,22.787,22.764,22.741,22.733,22.718,22.696,22.658,22.635,22.604,22.582,22.559,22.551,22.544,22.536,22.528,22.521,22.513,22.498,22.483,22.475,22.460,22.452,22.445,22.437,22.437,22.429,22.429,22.429,22.429,22.429,22.429,22.429,22.437,22.437,22.437,22.429,22.429,22.429,22.437,22.437,22.437,22.445,22.445,22.437,22.437,22.445,22.445,22.452,22.460,22.468,22.483,22.490,22.506,22.513,22.521,22.528,22.528,22.536,22.536,22.536,22.536,22.536,22.544,22.544,22.551,22.544,22.544,22.536,22.528,22.521,22.521,22.513,22.506,22.498,22.498,22.490,22.483,22.475,22.475,22.468,22.460,22.445,22.422,22.407,22.391,22.376,22.361,22.346,22.338,22.323,22.308,22.300,22.292,22.285,22.270,22.262,22.247,22.231,22.216,22.201,22.186,22.163,22.155,22.147,22.147,22.132,22.125,22.125,22.117,22.109,22.109,22.109,22.109,22.117,22.125,22.125,22.132,22.147,22.155,22.163,22.170,22.186,22.193,22.209,22.216,22.231,22.247,22.254,22.262,22.277,22.285,22.277,22.277,22.270,22.270,22.270,22.262,22.254,22.231,22.224,22.209,22.193,22.186,22.186,22.186,22.186,22.186,22.186,22.186,22.186,22.178,22.163,22.163,22.163,22.178,22.193,22.209,22.231,22.247,22.270,22.285,22.308,22.315,22.308,22.308,22.315,22.353,22.422,22.452,22.460,22.452,22.475,22.521,22.582,22.620,22.635,22.658,22.688,22.696,22.696,22.718,22.756,22.787,22.817,22.938,23.165,23.444,23.753,24.150,24.643,25.215,25.717,26.144,26.481,26.729,26.890,26.948,26.912,26.846,26.810,26.780,26.744,26.737,26.766,26.788,26.788,26.744,26.605,26.408,26.144,25.754,25.207,24.635,24.090,23.625,23.263,22.991,22.809,22.703,22.673,22.688,22.726,22.756,22.771,22.771,22.741,22.688,22.658,22.658,22.665,22.658,22.642,22.627,22.620,22.612,22.612,22.604,22.597,22.589,22.582,22.582,22.582,22.574,22.566,22.559,22.544,22.536,22.536,22.536,22.528,22.521,22.506,22.490,22.475,22.468,22.460,22.445,22.437,22.422,22.414,22.399,22.384,22.369,22.361,22.346,22.330,22.315,22.308,22.292,22.270,22.254,22.239,22.216,22.201,22.178,22.170,22.163,22.147,22.140,22.140,22.132,22.117,22.094,22.071,22.056,22.041,22.025,22.033,22.033,22.033,22.033,22.025,22.018,22.002,21.995,21.987,21.979,21.972,21.956,21.956,21.949,21.941,21.934,21.918,21.911,21.903,21.903,21.903,21.911,21.918,21.918,21.911,21.911,21.911,21.911,21.918,21.918,21.926,21.926,21.934,21.934,21.934,21.934,21.926,21.926,21.918,21.903,21.903,21.895,21.888,21.880,21.872,21.865,21.857,21.857,21.849,21.849,21.842,21.834,21.826,21.819,21.811,21.803,21.796,21.788,21.780,21.773,21.765,21.757,21.757,21.750,21.750,21.742,21.742,21.742,21.734,21.734,21.734,21.727,21.719,21.719,21.727,21.734,21.742,21.765,21.788,21.811,21.834,21.857,21.888,21.911,21.934,21.964,21.995,22.018,22.041,22.063,22.071,22.071,22.063,22.056,22.056,22.056,22.056,22.056,22.056,22.056,22.048,22.041,22.033,22.033,22.025,22.018,22.002,22.002,21.995,21.995,21.995,21.995,21.995,21.995,21.987,21.987,21.979,21.972,21.972,21.964,21.956,21.956,21.956,21.956,21.956,21.964,21.979,21.979,21.987,21.995,22.010,22.010,22.018,22.025,22.041,22.056,22.071,22.086,22.102,22.117,22.125,22.132,22.155,22.186,22.216,22.231,22.247,22.254,22.254
,23.180,23.173,23.173,23.173,23.165,23.165,23.158,23.158,23.150,23.142,23.142,23.127,23.120,23.112,23.112,23.120,23.120,23.112,23.112,23.097,23.089,23.074,23.074,23.067,23.059,23.044,23.044,23.037,23.029,23.014,22.999,22.984,22.968,22.946,22.923,22.908,22.885,22.870,22.862,22.855,22.855,22.840,22.824,22.809,22.787,22.764,22.749,22.733,22.718,22.696,22.658,22.635,22.612,22.582,22.566,22.559,22.551,22.544,22.536,22.528,22.521,22.506,22.490,22.475,22.468,22.452,22.445,22.445,22.437,22.437,22.429,22.429,22.429,22.429,22.429,22.429,22.437,22.445,22.445,22.437,22.437,22.437,22.437,22.445,22.445,22.452,22.452,22.445,22.445,22.452,22.452,22.452,22.460,22.475,22.483,22.498,22.506,22.521,22.521,22.528,22.536,22.536,22.544,22.544,22.544,22.544,22.544,22.551,22.551,22.544,22.544,22.544,22.536,22.528,22.521,22.513,22.506,22.506,22.498,22.498,22.490,22.475,22.475,22.468,22.460,22.445,22.429,22.414,22.399,22.376,22.361,22.346,22.338,22.323,22.315,22.308,22.300,22.285,22.277,22.262,22.254,22.239,22.224,22.209,22.193,22.178,22.163,22.163,22.163,22.155,22.140,22.132,22.132,22.125,22.125,22.125,22.125,22.132,22.140,22.140,22.155,22.163,22.170,22.178,22.186,22.201,22.216,22.216,22.231,22.239,22.262,22.270,22.285,22.292,22.308,22.300,22.300,22.300,22.292,22.292,22.285,22.277,22.254,22.247,22.231,22.224,22.209,22.209,22.201,22.201,22.201,22.201,22.201,22.201,22.186,22.178,22.170,22.170,22.186,22.201,22.216,22.239,22.254,22.270,22.285,22.300,22.315,22.308,22.300,22.308,22.346,22.407,22.445,22.452,22.460,22.498,22.544,22.597,22.620,22.650,22.673,22.688,22.680,22.711,22.756,22.809,22.794,22.931,23.173,23.482,23.745,24.135,24.635,25.207,25.725,26.136,26.452,26.700,26.912,26.934,26.897,26.846,26.839,26.788,26.751,26.737,26.751,26.810,26.824,26.773,26.664,26.459,26.210,25.887,25.348,24.769,24.210,23.708,23.324,23.052,22.847,22.703,22.665,22.680,22.688,22.703,22.726,22.741,22.733,22.688,22.635,22.612,22.604,22.612,22.612,22.597,22.589,22.582,22.582,22.582,22.582,22.574,22.566,22.559,22.551,22.544,22.536,22.528,22.521,22.513,22.506,22.506,22.506,22.506,22.490,22.475,22.460,22.452,22.445,22.445,22.429,22.422,22.414,22.407,22.391,22.376,22.369,22.353,22.338,22.323,22.315,22.308,22.292,22.277,22.254,22.239,22.216,22.201,22.186,22.170,22.163,22.147,22.147,22.140,22.140,22.125,22.102,22.079,22.063,22.048,22.041,22.041,22.048,22.048,22.048,22.041,22.033,22.018,22.010,21.995,21.987,21.979,21.972,21.964,21.956,21.949,21.941,21.926,21.918,21.918,21.918,21.918,21.926,21.934,21.934,21.926,21.926,21.926,21.926,21.926,21.926,21.926,21.934,21.941,21.941,21.941,21.941,21.926,21.918,21.903,21.903,21.895,21.888,21.880,21.880,21.865,21.857,21.842,21.834,21.834,21.834,21.826,21.819,21.819,21.803,21.796,21.788,21.788,21.773,21.765,21.757,21.757,21.750,21.742,21.734,21.734,21.727,21.727,21.719,21.719,21.711,21.704,21.696,21.696,21.696,21.704,21.711,21.727,21.742,21.765,21.788,21.811,21.842,21.865,21.880,21.903,21.934,21.964,21.995,22.033,22.056,22.071,22.071,22.063,22.048,22.041,22.048,22.056,22.056,22.056,22.048,22.048,22.041,22.033,22.033,22.025,22.018,22.002,22.002,21.995,21.995,21.995,21.995,21.987,21.987,21.987,21.987,21.979,21.979,21.972,21.964,21.956,21.956,21.956,21.956,21.956,21.964,21.979,21.979,21.987,21.995,22.010,22.010,22.018,22.025,22.041,22.056,22.071,22.086,22.102,22.109,22.117,22.132,22.147,22.186,22.209,22.224,22.239,22.239,22.239
,23.180,23.173,23.173,23.165,23.158,23.158,23.158,23.158,23.158,23.150,23.142,23.127,23.120,23.112,23.112,23.112,23.112,23.112,23.105,23.089,23.082,23.074,23.067,23.059,23.052,23.044,23.037,23.029,23.021,23.006,22.991,22.976,22.961,22.938,22.923,22.908,22.885,22.870,22.862,22.855,22.847,22.832,22.817,22.802,22.787,22.764,22.756,22.741,22.726,22.703,22.665,22.635,22.612,22.582,22.566,22.559,22.559,22.551,22.544,22.536,22.528,22.521,22.498,22.483,22.468,22.452,22.445,22.445,22.445,22.437,22.437,22.429,22.429,22.429,22.429,22.437,22.445,22.445,22.445,22.437,22.437,22.437,22.437,22.445,22.452,22.452,22.452,22.452,22.452,22.452,22.460,22.468,22.475,22.483,22.490,22.498,22.506,22.521,22.528,22.536,22.544,22.544,22.544,22.544,22.544,22.544,22.544,22.551,22.551,22.544,22.544,22.544,22.536,22.528,22.528,22.521,22.513,22.506,22.506,22.498,22.490,22.483,22.475,22.468,22.460,22.445,22.429,22.414,22.399,22.384,22.369,22.353,22.346,22.330,22.315,22.308,22.300,22.285,22.277,22.270,22.254,22.239,22.231,22.216,22.201,22.193,22.178,22.178,22.178,22.170,22.163,22.155,22.155,22.147,22.147,22.147,22.147,22.147,22.155,22.155,22.163,22.170,22.186,22.193,22.201,22.216,22.224,22.231,22.239,22.262,22.277,22.285,22.300,22.315,22.323,22.330,22.330,22.323,22.323,22.315,22.308,22.300,22.285,22.277,22.262,22.247,22.231,22.224,22.216,22.209,22.209,22.209,22.209,22.209,22.201,22.193,22.186,22.186,22.201,22.209,22.231,22.254,22.262,22.262,22.262,22.270,22.285,22.277,22.277,22.277,22.308,22.369,22.422,22.452,22.483,22.513,22.551,22.589,22.627,22.658,22.658,22.650,22.673,22.764,22.794,22.779,22.908,23.195,23.489,23.768,24.105,24.635,25.185,25.702,26.136,26.408,26.649,26.853,26.890,26.853,26.839,26.846,26.802,26.751,26.722,26.751,26.839,26.839,26.795,26.707,26.561,26.305,25.953,25.496,24.911,24.352,23.835,23.392,23.097,22.893,22.756,22.688,22.673,22.665,22.665,22.680,22.703,22.718,22.703,22.658,22.620,22.597,22.597,22.612,22.612,22.604,22.597,22.582,22.582,22.574,22.559,22.551,22.536,22.528,22.521,22.513,22.506,22.506,22.490,22.483,22.483,22.483,22.475,22.468,22.460,22.437,22.429,22.422,22.429,22.422,22.414,22.414,22.399,22.391,22.384,22.369,22.361,22.346,22.338,22.315,22.308,22.300,22.292,22.277,22.254,22.239,22.224,22.201,22.186,22.170,22.163,22.147,22.147,22.140,22.132,22.125,22.102,22.086,22.063,22.048,22.048,22.056,22.056,22.056,22.048,22.048,22.041,22.025,22.018,22.010,22.002,21.987,21.979,21.972,21.964,21.949,21.949,21.941,21.934,21.926,21.926,21.926,21.926,21.934,21.934,21.926,21.926,21.926,21.926,21.934,21.934,21.934,21.934,21.941,21.941,21.941,21.934,21.918,21.911,21.903,21.895,21.895,21.888,21.880,21.872,21.857,21.842,21.834,21.826,21.819,21.819,21.819,21.803,21.796,21.788,21.788,21.773,21.765,21.757,21.750,21.742,21.742,21.734,21.734,21.727,21.719,21.711,21.711,21.704,21.704,21.696,21.696,21.681,21.673,21.681,21.688,21.704,21.711,21.734,21.757,21.780,21.803,21.834,21.857,21.872,21.895,21.926,21.949,21.979,22.018,22.041,22.056,22.063,22.048,22.033,22.033,22.041,22.041,22.048,22.048,22.048,22.041,22.033,22.033,22.025,22.018,22.010,22.002,22.002,21.995,21.995,21.995,21.995,21.987,21.987,21.987,21.987,21.979,21.979,21.972,21.964,21.956,21.956,21.956,21.956,21.956,21.964,21.972,21.979,21.987,21.995,22.010,22.010,22.018,22.025,22.041,22.048,22.063,22.079,22.094,22.109,22.117,22.125,22.140,22.170,22.193,22.216,22.231,22.239,22.239
,23.180,23.173,23.165,23.158,23.150,23.142,23.150,23.158,23.165,23.165,23.150,23.135,23.127,23.112,23.112,23.112,23.112,23.105,23.097,23.089,23.082,23.074,23.067,23.059,23.052,23.044,23.037,23.029,23.021,23.006,22.984,22.976,22.961,22.938,22.915,22.900,22.885,22.870,22.862,22.847,22.840,22.832,22.817,22.802,22.787,22.771,22.756,22.741,22.726,22.703,22.673,22.642,22.612,22.589,22.574,22.566,22.559,22.551,22.544,22.544,22.536,22.528,22.506,22.483,22.468,22.452,22.445,22.445,22.445,22.445,22.437,22.437,22.437,22.437,22.437,22.437,22.445,22.445,22.445,22.445,22.445,22.445,22.445,22.445,22.452,22.460,22.460,22.460,22.460,22.468,22.475,22.475,22.483,22.490,22.498,22.498,22.506,22.513,22.528,22.544,22.551,22.559,22.559,22.559,22.559,22.551,22.551,22.551,22.551,22.544,22.544,22.544,22.536,22.528,22.528,22.521,22.521,22.513,22.506,22.498,22.490,22.483,22.475,22.468,22.460,22.445,22.429,22.422,22.407,22.391,22.376,22.361,22.346,22.330,22.315,22.315,22.300,22.292,22.277,22.270,22.262,22.247,22.231,22.224,22.216,22.209,22.201,22.201,22.193,22.186,22.186,22.178,22.178,22.170,22.163,22.163,22.163,22.163,22.163,22.170,22.178,22.186,22.193,22.201,22.216,22.224,22.239,22.239,22.254,22.270,22.285,22.300,22.315,22.330,22.338,22.346,22.346,22.338,22.338,22.338,22.330,22.315,22.308,22.300,22.285,22.270,22.254,22.239,22.224,22.216,22.216,22.224,22.224,22.224,22.209,22.201,22.201,22.193,22.209,22.224,22.239,22.254,22.262,22.262,22.270,22.277,22.285,22.285,22.292,22.300,22.323,22.376,22.429,22.475,22.498,22.521,22.551,22.597,22.627,22.620,22.620,22.650,22.741,22.756,22.802,22.915,23.210,23.497,23.798,24.143,24.635,25.163,25.673,26.114,26.393,26.620,26.773,26.839,26.802,26.810,26.817,26.802,26.744,26.722,26.751,26.817,26.839,26.810,26.751,26.642,26.393,26.026,25.570,25.044,24.471,23.948,23.489,23.127,22.893,22.779,22.711,22.665,22.635,22.620,22.627,22.642,22.650,22.665,22.650,22.620,22.574,22.566,22.574,22.589,22.582,22.566,22.551,22.536,22.528,22.513,22.506,22.498,22.490,22.483,22.475,22.475,22.475,22.468,22.460,22.452,22.452,22.452,22.445,22.437,22.429,22.422,22.422,22.414,22.414,22.414,22.407,22.399,22.391,22.384,22.376,22.369,22.353,22.346,22.330,22.315,22.308,22.300,22.292,22.270,22.254,22.239,22.224,22.209,22.193,22.178,22.163,22.147,22.140,22.140,22.132,22.125,22.102,22.086,22.071,22.063,22.063,22.063,22.071,22.071,22.056,22.048,22.033,22.025,22.018,22.018,22.010,22.002,21.987,21.972,21.964,21.949,21.941,21.941,21.941,21.941,21.934,21.934,21.926,21.926,21.926,21.926,21.934,21.934,21.941,21.941,21.949,21.949,21.941,21.941,21.934,21.926,21.918,21.911,21.903,21.895,21.895,21.895,21.888,21.880,21.865,21.849,21.834,21.819,21.811,21.811,21.811,21.803,21.796,21.788,21.780,21.773,21.765,21.750,21.742,21.734,21.727,21.734,21.734,21.727,21.719,21.719,21.711,21.704,21.696,21.696,21.696,21.688,21.681,21.673,21.673,21.681,21.696,21.711,21.727,21.742,21.765,21.796,21.819,21.842,21.865,21.888,21.911,21.934,21.964,21.995,22.018,22.041,22.048,22.033,22.025,22.018,22.025,22.033,22.033,22.041,22.033,22.033,22.025,22.018,22.018,22.010,22.010,22.002,22.002,21.995,21.995,21.995,21.995,21.987,21.987,21.979,21.979,21.979,21.972,21.972,21.964,21.964,21.956,21.956,21.956,21.956,21.956,21.964,21.972,21.979,21.995,22.002,22.010,22.018,22.025,22.041,22.048,22.063,22.079,22.094,22.109,22.109,22.125,22.140,22.163,22.186,22.209,22.224,22.231,22.231
,23.180,23.173,23.165,23.150,23.142,23.135,23.142,23.158,23.165,23.165,23.158,23.142,23.127,23.112,23.105,23.105,23.105,23.097,23.089,23.089,23.082,23.067,23.067,23.059,23.052,23.044,23.037,23.029,23.014,22.999,22.984,22.968,22.953,22.938,22.915,22.900,22.885,22.870,22.855,22.847,22.840,22.824,22.809,22.802,22.787,22.771,22.756,22.741,22.726,22.703,22.673,22.650,22.620,22.597,22.574,22.566,22.559,22.551,22.551,22.551,22.544,22.528,22.506,22.490,22.475,22.460,22.452,22.452,22.452,22.445,22.445,22.445,22.437,22.437,22.445,22.445,22.445,22.452,22.445,22.445,22.445,22.445,22.445,22.452,22.460,22.468,22.468,22.468,22.475,22.475,22.483,22.490,22.498,22.498,22.506,22.506,22.506,22.513,22.528,22.544,22.559,22.566,22.566,22.566,22.559,22.559,22.559,22.559,22.551,22.544,22.544,22.544,22.536,22.528,22.528,22.528,22.528,22.521,22.513,22.498,22.490,22.483,22.475,22.468,22.460,22.445,22.437,22.422,22.414,22.399,22.376,22.361,22.346,22.330,22.323,22.315,22.308,22.292,22.277,22.270,22.262,22.247,22.239,22.239,22.231,22.231,22.224,22.216,22.216,22.209,22.201,22.201,22.201,22.193,22.186,22.178,22.178,22.178,22.178,22.178,22.186,22.193,22.201,22.216,22.224,22.239,22.247,22.254,22.262,22.277,22.300,22.315,22.330,22.346,22.353,22.361,22.361,22.361,22.353,22.353,22.346,22.338,22.330,22.323,22.308,22.292,22.270,22.254,22.239,22.231,22.231,22.239,22.239,22.239,22.231,22.224,22.216,22.216,22.224,22.231,22.247,22.262,22.262,22.270,22.277,22.292,22.300,22.315,22.323,22.338,22.353,22.399,22.445,22.490,22.506,22.528,22.551,22.582,22.582,22.582,22.612,22.688,22.733,22.779,22.923,23.188,23.512,23.813,24.173,24.621,25.163,25.666,26.085,26.415,26.613,26.766,26.824,26.795,26.759,26.780,26.773,26.744,26.700,26.737,26.788,26.831,26.802,26.773,26.678,26.488,26.129,25.658,25.126,24.576,24.053,23.587,23.195,22.908,22.771,22.726,22.680,22.627,22.597,22.582,22.582,22.582,22.589,22.589,22.574,22.544,22.506,22.506,22.513,22.521,22.521,22.506,22.490,22.483,22.475,22.468,22.460,22.452,22.452,22.445,22.437,22.437,22.445,22.437,22.429,22.422,22.429,22.429,22.429,22.422,22.414,22.414,22.414,22.414,22.407,22.407,22.399,22.391,22.384,22.384,22.369,22.361,22.353,22.346,22.330,22.315,22.308,22.300,22.285,22.270,22.254,22.247,22.231,22.216,22.193,22.186,22.170,22.155,22.140,22.140,22.132,22.125,22.109,22.094,22.086,22.079,22.079,22.079,22.079,22.079,22.063,22.048,22.033,22.025,22.025,22.025,22.025,22.018,22.002,21.987,21.964,21.949,21.949,21.949,21.956,21.956,21.949,21.941,21.934,21.926,21.926,21.934,21.934,21.941,21.949,21.956,21.956,21.956,21.949,21.941,21.934,21.918,21.918,21.903,21.903,21.895,21.895,21.895,21.895,21.888,21.865,21.849,21.834,21.811,21.811,21.811,21.803,21.803,21.788,21.780,21.773,21.765,21.757,21.742,21.734,21.727,21.727,21.727,21.727,21.727,21.719,21.719,21.711,21.704,21.688,21.688,21.688,21.681,21.673,21.665,21.665,21.673,21.688,21.704,21.711,21.727,21.750,21.773,21.803,21.826,21.849,21.880,21.903,21.926,21.949,21.979,22.002,22.025,22.025,22.018,22.010,22.010,22.018,22.018,22.025,22.025,22.025,22.018,22.018,22.010,22.010,22.010,22.002,22.002,22.002,22.002,22.002,21.995,21.995,21.987,21.979,21.979,21.979,21.979,21.972,21.972,21.972,21.964,21.964,21.964,21.956,21.956,21.956,21.964,21.964,21.979,21.987,22.002,22.010,22.018,22.025,22.033,22.048,22.063,22.079,22.094,22.102,22.109,22.117,22.140,22.163,22.186,22.201,22.216,22.224,22.224
,23.180,23.173,23.165,23.150,23.142,23.135,23.142,23.158,23.165,23.165,23.165,23.150,23.127,23.112,23.105,23.105,23.097,23.089,23.089,23.082,23.074,23.067,23.067,23.059,23.052,23.044,23.037,23.021,23.006,22.991,22.976,22.961,22.946,22.931,22.915,22.900,22.885,22.870,22.855,22.847,22.832,22.817,22.809,22.794,22.779,22.764,22.756,22.741,22.726,22.703,22.673,22.650,22.627,22.597,22.582,22.574,22.566,22.551,22.551,22.551,22.544,22.536,22.513,22.498,22.483,22.468,22.460,22.460,22.452,22.452,22.452,22.445,22.445,22.445,22.445,22.452,22.452,22.460,22.452,22.452,22.452,22.452,22.452,22.452,22.460,22.475,22.475,22.475,22.483,22.490,22.498,22.498,22.506,22.513,22.513,22.513,22.513,22.513,22.528,22.544,22.559,22.574,22.574,22.574,22.566,22.559,22.559,22.559,22.551,22.551,22.551,22.544,22.536,22.536,22.536,22.536,22.528,22.521,22.513,22.506,22.498,22.483,22.475,22.468,22.460,22.445,22.437,22.429,22.414,22.399,22.384,22.369,22.346,22.330,22.323,22.315,22.308,22.292,22.277,22.270,22.262,22.247,22.247,22.247,22.247,22.247,22.247,22.239,22.239,22.231,22.231,22.224,22.224,22.216,22.209,22.201,22.201,22.193,22.193,22.193,22.201,22.209,22.224,22.224,22.239,22.254,22.270,22.270,22.277,22.292,22.315,22.338,22.353,22.361,22.376,22.384,22.384,22.384,22.384,22.384,22.376,22.369,22.353,22.346,22.338,22.323,22.300,22.285,22.270,22.254,22.254,22.262,22.262,22.262,22.254,22.247,22.239,22.239,22.247,22.254,22.254,22.262,22.277,22.285,22.300,22.315,22.338,22.353,22.361,22.376,22.391,22.429,22.468,22.498,22.521,22.536,22.551,22.551,22.528,22.566,22.650,22.726,22.696,22.885,23.188,23.535,23.805,24.173,24.643,25.178,25.658,26.100,26.415,26.613,26.810,26.839,26.802,26.759,26.759,26.751,26.722,26.686,26.707,26.780,26.810,26.780,26.751,26.715,26.539,26.202,25.761,25.200,24.650,24.128,23.663,23.271,22.961,22.741,22.741,22.703,22.642,22.582,22.566,22.551,22.536,22.521,22.521,22.513,22.490,22.468,22.445,22.437,22.437,22.437,22.445,22.445,22.437,22.429,22.429,22.429,22.429,22.429,22.429,22.422,22.414,22.414,22.422,22.422,22.422,22.414,22.429,22.437,22.429,22.407,22.407,22.407,22.407,22.407,22.407,22.399,22.391,22.384,22.384,22.376,22.369,22.353,22.353,22.338,22.330,22.315,22.308,22.300,22.285,22.270,22.262,22.247,22.239,22.216,22.201,22.193,22.178,22.163,22.147,22.140,22.132,22.132,22.117,22.109,22.109,22.102,22.102,22.102,22.094,22.086,22.071,22.063,22.048,22.033,22.041,22.048,22.048,22.041,22.018,22.002,21.979,21.964,21.964,21.972,21.972,21.979,21.964,21.956,21.949,21.941,21.934,21.934,21.941,21.949,21.956,21.964,21.964,21.964,21.956,21.941,21.934,21.926,21.918,21.911,21.903,21.903,21.903,21.903,21.903,21.895,21.872,21.857,21.834,21.819,21.811,21.811,21.811,21.811,21.796,21.788,21.780,21.773,21.757,21.750,21.742,21.734,21.727,21.727,21.734,21.734,21.727,21.719,21.711,21.696,21.688,21.681,21.673,21.665,21.658,21.658,21.658,21.665,21.681,21.688,21.696,21.704,21.727,21.750,21.780,21.811,21.842,21.865,21.895,21.918,21.934,21.956,21.987,22.010,22.010,22.002,21.995,22.002,22.002,22.010,22.010,22.010,22.010,22.010,22.010,22.002,22.002,22.002,22.002,22.002,22.002,22.002,22.002,21.995,21.995,21.987,21.979,21.972,21.972,21.972,21.972,21.972,21.972,21.972,21.972,21.964,21.964,21.956,21.956,21.964,21.964,21.972,21.987,22.002,22.002,22.010,22.018,22.033,22.048,22.063,22.079,22.094,22.102,22.109,22.117,22.132,22.163,22.186,22.201,22.216,22.216,22.216
,23.180,23.173,23.165,23.150,23.142,23.142,23.142,23.158,23.165,23.165,23.158,23.142,23.127,23.105,23.105,23.105,23.097,23.089,23.089,23.082,23.074,23.067,23.067,23.059,23.052,23.037,23.029,23.014,23.006,22.984,22.976,22.961,22.946,22.931,22.915,22.900,22.885,22.870,22.855,22.840,22.832,22.817,22.802,22.794,22.779,22.764,22.749,22.733,22.718,22.703,22.673,22.658,22.635,22.612,22.589,22.582,22.574,22.559,22.551,22.551,22.544,22.528,22.521,22.506,22.490,22.483,22.468,22.460,22.452,22.452,22.452,22.445,22.445,22.445,22.445,22.452,22.460,22.460,22.460,22.460,22.452,22.452,22.460,22.468,22.475,22.475,22.475,22.483,22.490,22.498,22.498,22.513,22.521,22.521,22.513,22.513,22.513,22.521,22.528,22.544,22.559,22.574,22.574,22.566,22.559,22.559,22.559,22.559,22.551,22.551,22.551,22.544,22.536,22.536,22.536,22.536,22.528,22.521,22.521,22.513,22.506,22.490,22.483,22.475,22.468,22.452,22.445,22.429,22.414,22.399,22.384,22.369,22.346,22.330,22.315,22.308,22.300,22.285,22.270,22.262,22.254,22.247,22.247,22.254,22.254,22.254,22.254,22.254,22.254,22.247,22.247,22.247,22.239,22.239,22.224,22.224,22.216,22.209,22.209,22.209,22.216,22.224,22.231,22.239,22.254,22.270,22.277,22.285,22.292,22.308,22.330,22.346,22.369,22.384,22.399,22.407,22.407,22.407,22.414,22.414,22.407,22.399,22.384,22.376,22.361,22.346,22.330,22.323,22.308,22.300,22.292,22.292,22.292,22.285,22.277,22.277,22.277,22.285,22.285,22.277,22.277,22.277,22.292,22.308,22.323,22.346,22.361,22.376,22.384,22.407,22.437,22.468,22.498,22.528,22.551,22.544,22.521,22.490,22.536,22.642,22.665,22.658,22.862,23.203,23.527,23.813,24.195,24.688,25.185,25.673,26.129,26.393,26.620,26.817,26.853,26.817,26.780,26.766,26.744,26.707,26.686,26.700,26.766,26.751,26.729,26.707,26.707,26.517,26.224,25.835,25.296,24.732,24.203,23.745,23.354,23.021,22.817,22.741,22.718,22.658,22.620,22.612,22.559,22.528,22.513,22.506,22.490,22.475,22.460,22.445,22.429,22.422,22.422,22.422,22.422,22.429,22.429,22.429,22.429,22.429,22.429,22.429,22.429,22.429,22.429,22.429,22.429,22.437,22.437,22.445,22.452,22.452,22.437,22.407,22.399,22.399,22.407,22.407,22.407,22.399,22.391,22.384,22.376,22.369,22.361,22.353,22.346,22.338,22.330,22.315,22.308,22.300,22.292,22.277,22.262,22.254,22.239,22.224,22.216,22.201,22.186,22.170,22.163,22.155,22.147,22.140,22.132,22.125,22.125,22.117,22.117,22.117,22.109,22.102,22.086,22.079,22.063,22.056,22.056,22.063,22.063,22.063,22.041,22.025,22.002,21.987,21.987,21.995,21.995,21.995,21.987,21.979,21.972,21.964,21.956,21.956,21.949,21.956,21.956,21.964,21.964,21.964,21.964,21.956,21.949,21.941,21.926,21.926,21.918,21.903,21.911,21.918,21.918,21.918,21.895,21.872,21.857,21.834,21.826,21.834,21.834,21.826,21.819,21.811,21.811,21.803,21.780,21.773,21.757,21.742,21.742,21.742,21.742,21.742,21.734,21.719,21.711,21.696,21.681,21.673,21.658,21.658,21.642,21.642,21.642,21.650,21.650,21.658,21.665,21.681,21.704,21.734,21.765,21.796,21.819,21.849,21.872,21.895,21.918,21.949,21.979,22.002,22.002,21.995,21.995,21.995,22.002,22.002,22.002,22.002,22.002,22.002,22.002,22.002,22.002,22.002,22.002,22.002,22.002,22.002,22.002,21.995,21.995,21.979,21.979,21.972,21.972,21.972,21.972,21.972,21.972,21.972,21.972,21.964,21.964,21.956,21.956,21.964,21.964,21.972,21.979,21.995,22.002,22.010,22.018,22.033,22.041,22.056,22.071,22.086,22.102,22.109,22.117,22.132,22.163,22.186,22.201,22.216,22.216,22.216
,23.173,23.173,23.165,23.158,23.150,23.150,23.150,23.158,23.158,23.158,23.150,23.135,23.120,23.105,23.105,23.097,23.097,23.089,23.089,23.082,23.074,23.067,23.067,23.059,23.052,23.037,23.029,23.014,22.999,22.984,22.968,22.961,22.946,22.931,22.915,22.900,22.885,22.870,22.855,22.840,22.832,22.817,22.802,22.794,22.779,22.764,22.741,22.733,22.718,22.696,22.673,22.658,22.642,22.620,22.597,22.582,22.574,22.559,22.544,22.536,22.536,22.528,22.521,22.513,22.506,22.498,22.483,22.468,22.460,22.445,22.445,22.445,22.452,22.452,22.452,22.460,22.468,22.468,22.468,22.468,22.468,22.468,22.468,22.475,22.475,22.483,22.483,22.483,22.490,22.498,22.506,22.513,22.521,22.521,22.521,22.521,22.513,22.521,22.528,22.544,22.559,22.574,22.574,22.566,22.559,22.559,22.559,22.559,22.559,22.559,22.551,22.551,22.544,22.536,22.536,22.536,22.528,22.521,22.521,22.521,22.506,22.498,22.490,22.483,22.468,22.460,22.445,22.429,22.414,22.399,22.376,22.361,22.346,22.330,22.308,22.300,22.292,22.277,22.262,22.254,22.254,22.254,22.254,22.254,22.262,22.262,22.262,22.262,22.262,22.254,22.254,22.254,22.254,22.247,22.239,22.231,22.224,22.224,22.216,22.224,22.231,22.239,22.247,22.254,22.270,22.285,22.292,22.292,22.308,22.315,22.338,22.361,22.376,22.399,22.414,22.422,22.422,22.429,22.429,22.429,22.429,22.422,22.407,22.391,22.376,22.361,22.346,22.330,22.315,22.300,22.300,22.300,22.300,22.292,22.292,22.308,22.315,22.323,22.323,22.315,22.308,22.308,22.315,22.338,22.353,22.361,22.369,22.376,22.399,22.422,22.452,22.483,22.521,22.544,22.544,22.498,22.490,22.521,22.604,22.620,22.696,22.870,23.195,23.512,23.850,24.247,24.725,25.215,25.688,26.100,26.393,26.627,26.780,26.846,26.810,26.788,26.766,26.729,26.686,26.678,26.693,26.722,26.722,26.686,26.664,26.634,26.488,26.224,25.857,25.385,24.821,24.300,23.835,23.429,23.097,22.893,22.764,22.703,22.673,22.658,22.642,22.604,22.551,22.536,22.513,22.490,22.468,22.452,22.445,22.445,22.429,22.429,22.422,22.422,22.422,22.429,22.429,22.437,22.437,22.437,22.437,22.437,22.445,22.445,22.445,22.452,22.452,22.452,22.437,22.422,22.422,22.422,22.414,22.399,22.399,22.399,22.407,22.407,22.407,22.399,22.391,22.384,22.376,22.369,22.361,22.346,22.338,22.330,22.323,22.315,22.308,22.300,22.292,22.285,22.270,22.254,22.247,22.231,22.216,22.209,22.193,22.186,22.170,22.163,22.155,22.155,22.147,22.140,22.140,22.132,22.132,22.125,22.125,22.117,22.102,22.094,22.086,22.071,22.071,22.079,22.079,22.071,22.056,22.041,22.025,22.018,22.010,22.010,22.010,22.010,22.010,22.010,22.002,21.995,21.979,21.972,21.956,21.956,21.956,21.964,21.964,21.972,21.972,21.972,21.964,21.956,21.949,21.941,21.926,21.918,21.926,21.934,21.934,21.934,21.911,21.895,21.880,21.865,21.857,21.857,21.857,21.857,21.849,21.849,21.842,21.826,21.819,21.803,21.788,21.773,21.765,21.765,21.765,21.757,21.742,21.734,21.719,21.704,21.681,21.665,21.650,21.635,21.627,21.627,21.635,21.635,21.627,21.627,21.635,21.650,21.681,21.719,21.742,21.773,21.796,21.834,21.857,21.880,21.911,21.941,21.972,21.995,21.995,21.987,21.987,21.987,21.995,21.995,21.995,21.995,21.995,21.995,22.002,22.002,22.002,22.002,22.002,22.002,22.002,22.002,21.995,21.995,21.987,21.979,21.972,21.972,21.972,21.972,21.979,21.979,21.979,21.972,21.972,21.964,21.964,21.956,21.956,21.964,21.964,21.972,21.979,21.995,22.002,22.010,22.018,22.025,22.041,22.056,22.071,22.086,22.102,22.109,22.117,22.140,22.163,22.186,22.201,22.216,22.216,22.216
,23.173,23.173,23.173,23.165,23.165,23.158,23.158,23.158,23.150,23.150,23.135,23.127,23.120,23.105,23.105,23.097,23.089,23.089,23.082,23.082,23.074,23.067,23.067,23.059,23.052,23.037,23.021,23.014,22.999,22.976,22.961,22.953,22.946,22.931,22.915,22.900,22.885,22.870,22.855,22.840,22.832,22.817,22.802,22.794,22.779,22.764,22.741,22.726,22.711,22.696,22.673,22.658,22.642,22.620,22.604,22.589,22.574,22.559,22.544,22.536,22.528,22.521,22.521,22.521,22.521,22.513,22.490,22.475,22.460,22.445,22.445,22.445,22.452,22.460,22.460,22.468,22.468,22.475,22.475,22.475,22.475,22.475,22.475,22.483,22.483,22.483,22.490,22.490,22.490,22.498,22.513,22.521,22.521,22.528,22.528,22.521,22.521,22.521,22.536,22.551,22.559,22.566,22.566,22.566,22.559,22.559,22.559,22.559,22.566,22.559,22.559,22.551,22.544,22.536,22.536,22.536,22.528,22.528,22.528,22.521,22.513,22.506,22.498,22.490,22.475,22.460,22.445,22.429,22.414,22.391,22.376,22.361,22.346,22.330,22.308,22.292,22.285,22.270,22.262,22.254,22.254,22.254,22.254,22.262,22.270,22.270,22.270,22.270,22.270,22.262,22.262,22.262,22.262,22.262,22.254,22.239,22.239,22.239,22.231,22.239,22.247,22.254,22.262,22.270,22.285,22.300,22.308,22.308,22.323,22.330,22.353,22.376,22.391,22.414,22.429,22.437,22.437,22.445,22.452,22.452,22.452,22.445,22.429,22.414,22.399,22.384,22.361,22.330,22.308,22.292,22.300,22.300,22.300,22.300,22.300,22.323,22.338,22.346,22.346,22.338,22.338,22.330,22.338,22.361,22.369,22.369,22.369,22.391,22.414,22.445,22.475,22.506,22.528,22.536,22.498,22.475,22.498,22.559,22.604,22.673,22.862,23.173,23.505,23.843,24.255,24.747,25.252,25.710,26.100,26.415,26.627,26.780,26.839,26.817,26.780,26.759,26.729,26.686,26.656,26.671,26.700,26.707,26.656,26.620,26.561,26.459,26.210,25.872,25.437,24.926,24.389,23.918,23.505,23.173,22.946,22.824,22.733,22.673,22.665,22.673,22.650,22.597,22.566,22.551,22.521,22.490,22.468,22.460,22.452,22.452,22.445,22.437,22.437,22.437,22.429,22.437,22.437,22.437,22.437,22.437,22.429,22.437,22.437,22.445,22.452,22.452,22.452,22.445,22.422,22.399,22.399,22.399,22.399,22.399,22.399,22.407,22.407,22.407,22.407,22.407,22.399,22.391,22.384,22.369,22.361,22.346,22.338,22.330,22.323,22.315,22.308,22.308,22.300,22.292,22.277,22.262,22.247,22.239,22.224,22.216,22.209,22.193,22.186,22.178,22.170,22.170,22.163,22.163,22.155,22.155,22.147,22.140,22.132,22.125,22.117,22.109,22.102,22.094,22.094,22.094,22.094,22.086,22.071,22.063,22.056,22.041,22.033,22.033,22.033,22.033,22.025,22.033,22.033,22.025,22.010,21.987,21.972,21.964,21.956,21.964,21.964,21.972,21.979,21.979,21.979,21.979,21.972,21.956,21.941,21.934,21.934,21.949,21.949,21.949,21.934,21.918,21.903,21.888,21.880,21.888,21.888,21.888,21.880,21.880,21.865,21.857,21.842,21.826,21.811,21.796,21.788,21.788,21.780,21.773,21.757,21.742,21.727,21.704,21.681,21.658,21.642,21.627,21.619,21.619,21.619,21.619,21.604,21.596,21.604,21.619,21.665,21.696,21.727,21.750,21.780,21.811,21.842,21.865,21.888,21.918,21.956,21.979,21.987,21.979,21.979,21.979,21.987,21.987,21.987,21.987,21.987,21.995,21.995,22.002,22.002,22.002,22.002,21.995,21.995,21.995,21.995,21.987,21.979,21.979,21.972,21.972,21.972,21.972,21.979,21.979,21.979,21.972,21.972,21.964,21.964,21.964,21.964,21.964,21.964,21.972,21.979,21.995,21.995,22.002,22.010,22.018,22.033,22.048,22.063,22.079,22.094,22.102,22.117,22.140,22.163,22.186,22.201,22.216,22.216,22.224
,23.173,23.173,23.173,23.173,23.173,23.173,23.165,23.158,23.150,23.135,23.127,23.120,23.112,23.105,23.105,23.097,23.089,23.082,23.082,23.074,23.074,23.059,23.059,23.059,23.052,23.037,23.021,23.006,22.991,22.976,22.961,22.953,22.946,22.931,22.915,22.900,22.878,22.862,22.855,22.840,22.824,22.809,22.802,22.787,22.771,22.756,22.741,22.726,22.703,22.688,22.673,22.658,22.642,22.627,22.604,22.589,22.574,22.559,22.544,22.536,22.528,22.521,22.521,22.521,22.521,22.513,22.498,22.483,22.460,22.452,22.445,22.445,22.452,22.460,22.468,22.468,22.475,22.483,22.483,22.490,22.490,22.490,22.490,22.490,22.490,22.490,22.498,22.498,22.498,22.506,22.513,22.521,22.528,22.536,22.536,22.528,22.528,22.528,22.536,22.551,22.559,22.566,22.566,22.559,22.559,22.559,22.559,22.559,22.566,22.559,22.559,22.551,22.544,22.544,22.544,22.536,22.536,22.528,22.528,22.528,22.521,22.506,22.506,22.490,22.475,22.460,22.445,22.429,22.407,22.391,22.376,22.361,22.346,22.330,22.308,22.292,22.285,22.270,22.262,22.262,22.262,22.262,22.270,22.270,22.277,22.285,22.285,22.285,22.277,22.277,22.277,22.277,22.277,22.277,22.270,22.262,22.254,22.254,22.254,22.262,22.262,22.270,22.285,22.292,22.300,22.315,22.323,22.330,22.338,22.353,22.376,22.391,22.414,22.429,22.452,22.460,22.460,22.468,22.483,22.483,22.483,22.475,22.452,22.437,22.422,22.399,22.376,22.315,22.285,22.285,22.292,22.308,22.308,22.308,22.308,22.323,22.338,22.346,22.346,22.353,22.346,22.338,22.353,22.369,22.369,22.376,22.384,22.414,22.445,22.468,22.506,22.536,22.528,22.490,22.452,22.490,22.544,22.574,22.582,22.840,23.165,23.497,23.783,24.240,24.755,25.274,25.739,26.129,26.422,26.642,26.839,26.846,26.810,26.766,26.766,26.722,26.678,26.642,26.642,26.678,26.686,26.656,26.591,26.539,26.408,26.180,25.879,25.466,24.985,24.471,23.993,23.565,23.226,22.984,22.893,22.802,22.718,22.658,22.703,22.680,22.642,22.604,22.597,22.574,22.536,22.506,22.498,22.483,22.468,22.468,22.468,22.460,22.452,22.452,22.445,22.445,22.437,22.437,22.429,22.422,22.414,22.414,22.422,22.429,22.437,22.437,22.429,22.414,22.399,22.391,22.391,22.391,22.399,22.399,22.407,22.407,22.414,22.414,22.414,22.407,22.399,22.391,22.384,22.369,22.361,22.346,22.338,22.330,22.323,22.323,22.315,22.308,22.300,22.292,22.285,22.270,22.262,22.239,22.231,22.224,22.216,22.209,22.201,22.193,22.186,22.186,22.178,22.178,22.170,22.170,22.163,22.155,22.147,22.147,22.132,22.132,22.132,22.125,22.117,22.109,22.102,22.102,22.094,22.086,22.079,22.071,22.056,22.048,22.048,22.048,22.048,22.056,22.056,22.056,22.033,22.010,21.995,21.979,21.964,21.972,21.972,21.979,21.987,21.987,21.995,21.995,21.987,21.972,21.956,21.949,21.949,21.956,21.964,21.956,21.949,21.934,21.918,21.911,21.911,21.911,21.911,21.911,21.903,21.903,21.888,21.872,21.865,21.849,21.826,21.811,21.803,21.796,21.796,21.780,21.765,21.750,21.727,21.704,21.681,21.658,21.635,21.619,21.612,21.604,21.604,21.604,21.589,21.581,21.589,21.604,21.650,21.681,21.711,21.734,21.765,21.796,21.819,21.849,21.872,21.903,21.934,21.964,21.972,21.972,21.972,21.979,21.979,21.979,21.979,21.979,21.979,21.987,21.995,21.995,21.995,21.995,21.995,21.995,21.995,21.995,21.987,21.987,21.979,21.972,21.972,21.972,21.972,21.972,21.972,21.972,21.972,21.972,21.964,21.964,21.964,21.964,21.964,21.964,21.964,21.972,21.979,21.995,21.995,21.995,22.002,22.018,22.025,22.041,22.056,22.079,22.086,22.102,22.117,22.132,22.163,22.186,22.201,22.216,22.216,22.216
,23.173,23.173,23.173,23.180,23.180,23.173,23.173,23.158,23.142,23.127,23.127,23.120,23.112,23.105,23.105,23.097,23.089,23.082,23.082,23.074,23.067,23.059,23.059,23.052,23.044,23.029,23.021,23.006,22.991,22.968,22.961,22.953,22.938,22.923,22.908,22.893,22.878,22.855,22.847,22.832,22.824,22.809,22.794,22.787,22.771,22.756,22.741,22.726,22.711,22.688,22.673,22.658,22.642,22.620,22.604,22.589,22.574,22.559,22.551,22.544,22.536,22.521,22.521,22.521,22.521,22.513,22.498,22.483,22.468,22.452,22.452,22.452,22.460,22.468,22.468,22.475,22.483,22.483,22.483,22.490,22.490,22.490,22.490,22.498,22.498,22.498,22.498,22.498,22.506,22.513,22.513,22.528,22.536,22.536,22.536,22.536,22.536,22.536,22.544,22.551,22.559,22.566,22.566,22.559,22.559,22.559,22.559,22.559,22.566,22.559,22.559,22.551,22.544,22.544,22.544,22.536,22.536,22.528,22.528,22.528,22.521,22.506,22.498,22.483,22.475,22.452,22.437,22.422,22.407,22.391,22.376,22.361,22.346,22.330,22.315,22.300,22.292,22.277,22.270,22.270,22.270,22.270,22.277,22.285,22.292,22.292,22.292,22.292,22.292,22.292,22.292,22.292,22.292,22.292,22.277,22.277,22.270,22.270,22.270,22.277,22.285,22.292,22.300,22.308,22.315,22.330,22.338,22.346,22.361,22.376,22.399,22.414,22.437,22.452,22.468,22.475,22.483,22.483,22.506,22.513,22.513,22.498,22.475,22.468,22.445,22.422,22.399,22.315,22.277,22.277,22.292,22.323,22.338,22.338,22.338,22.353,22.369,22.376,22.361,22.369,22.361,22.353,22.361,22.376,22.391,22.407,22.437,22.452,22.483,22.521,22.544,22.521,22.483,22.452,22.490,22.528,22.536,22.574,22.847,23.165,23.467,23.768,24.217,24.755,25.274,25.754,26.129,26.415,26.671,26.861,26.861,26.795,26.766,26.766,26.722,26.678,26.642,26.627,26.642,26.649,26.634,26.591,26.525,26.371,26.151,25.857,25.459,24.992,24.516,24.060,23.602,23.256,23.029,22.923,22.862,22.787,22.733,22.726,22.718,22.680,22.658,22.650,22.642,22.604,22.566,22.536,22.551,22.528,22.513,22.498,22.483,22.483,22.468,22.460,22.452,22.445,22.437,22.429,22.422,22.414,22.407,22.407,22.414,22.422,22.429,22.437,22.429,22.414,22.399,22.391,22.391,22.391,22.399,22.407,22.407,22.407,22.414,22.414,22.414,22.407,22.399,22.391,22.384,22.369,22.361,22.346,22.346,22.338,22.330,22.323,22.323,22.315,22.308,22.292,22.285,22.277,22.262,22.247,22.239,22.239,22.231,22.216,22.209,22.209,22.201,22.193,22.186,22.186,22.186,22.186,22.170,22.170,22.163,22.155,22.147,22.155,22.155,22.147,22.132,22.132,22.117,22.109,22.102,22.102,22.102,22.094,22.086,22.079,22.063,22.056,22.063,22.071,22.071,22.071,22.056,22.033,22.010,21.995,21.987,21.987,21.987,21.987,21.987,21.995,21.995,21.995,21.995,21.979,21.972,21.964,21.956,21.956,21.964,21.956,21.949,21.934,21.926,21.918,21.911,21.918,21.918,21.911,21.911,21.903,21.888,21.872,21.865,21.849,21.826,21.811,21.803,21.796,21.788,21.773,21.757,21.742,21.719,21.696,21.673,21.658,21.635,21.619,21.604,21.596,21.589,21.589,21.573,21.566,21.581,21.612,21.642,21.673,21.704,21.727,21.750,21.780,21.811,21.834,21.849,21.888,21.918,21.949,21.964,21.964,21.964,21.972,21.979,21.979,21.979,21.979,21.979,21.987,21.987,21.995,21.995,21.995,21.995,21.995,21.995,21.995,21.987,21.987,21.987,21.979,21.972,21.972,21.972,21.972,21.972,21.972,21.972,21.964,21.964,21.964,21.964,21.964,21.964,21.964,21.964,21.972,21.979,21.987,21.995,21.995,21.995,22.010,22.018,22.033,22.056,22.071,22.086,22.094,22.109,22.125,22.155,22.178,22.193,22.209,22.216,22.216
,23.173,23.173,23.173,23.188,23.188,23.180,23.173,23.158,23.142,23.127,23.120,23.120,23.120,23.112,23.105,23.097,23.089,23.082,23.074,23.067,23.067,23.059,23.052,23.044,23.037,23.029,23.014,22.999,22.984,22.968,22.961,22.946,22.938,22.923,22.900,22.893,22.878,22.855,22.840,22.832,22.817,22.809,22.794,22.787,22.779,22.764,22.749,22.726,22.711,22.688,22.665,22.650,22.635,22.620,22.597,22.589,22.574,22.559,22.551,22.551,22.536,22.528,22.528,22.521,22.513,22.506,22.490,22.475,22.468,22.460,22.452,22.452,22.460,22.468,22.468,22.475,22.483,22.490,22.490,22.490,22.490,22.498,22.498,22.506,22.506,22.506,22.506,22.506,22.506,22.513,22.521,22.528,22.536,22.544,22.544,22.544,22.544,22.544,22.551,22.551,22.559,22.566,22.566,22.559,22.559,22.559,22.559,22.566,22.566,22.559,22.559,22.551,22.544,22.544,22.544,22.536,22.536,22.528,22.528,22.521,22.513,22.506,22.490,22.483,22.468,22.452,22.437,22.429,22.414,22.399,22.384,22.361,22.346,22.330,22.315,22.308,22.300,22.292,22.285,22.285,22.285,22.285,22.292,22.292,22.300,22.308,22.308,22.300,22.300,22.300,22.300,22.300,22.300,22.300,22.292,22.285,22.285,22.285,22.285,22.292,22.308,22.315,22.315,22.323,22.330,22.346,22.353,22.369,22.384,22.399,22.414,22.429,22.452,22.468,22.483,22.483,22.490,22.506,22.513,22.528,22.528,22.521,22.498,22.483,22.468,22.452,22.429,22.384,22.361,22.361,22.376,22.414,22.422,22.399,22.399,22.399,22.414,22.414,22.407,22.407,22.399,22.384,22.391,22.407,22.437,22.468,22.490,22.513,22.536,22.559,22.544,22.506,22.490,22.498,22.521,22.536,22.635,22.847,23.165,23.467,23.805,24.217,24.740,25.259,25.725,26.114,26.430,26.700,26.853,26.890,26.817,26.788,26.766,26.737,26.693,26.656,26.634,26.620,26.620,26.605,26.569,26.503,26.356,26.129,25.828,25.451,24.985,24.531,24.083,23.648,23.278,23.067,22.938,22.862,22.802,22.787,22.771,22.749,22.703,22.680,22.673,22.673,22.658,22.620,22.589,22.566,22.582,22.566,22.544,22.528,22.521,22.513,22.498,22.483,22.468,22.460,22.452,22.437,22.422,22.414,22.407,22.407,22.414,22.429,22.445,22.452,22.437,22.422,22.414,22.399,22.399,22.407,22.414,22.414,22.414,22.414,22.414,22.414,22.414,22.407,22.399,22.391,22.376,22.369,22.361,22.353,22.346,22.346,22.338,22.330,22.323,22.323,22.308,22.300,22.285,22.277,22.270,22.254,22.247,22.239,22.231,22.224,22.216,22.209,22.209,22.201,22.193,22.193,22.193,22.186,22.178,22.178,22.170,22.163,22.163,22.163,22.163,22.163,22.147,22.140,22.125,22.109,22.109,22.117,22.117,22.109,22.102,22.094,22.079,22.071,22.071,22.079,22.079,22.071,22.056,22.041,22.025,22.018,22.010,22.010,22.002,22.002,21.995,21.995,21.995,21.995,21.987,21.979,21.979,21.972,21.964,21.964,21.956,21.956,21.941,21.934,21.926,21.918,21.918,21.918,21.911,21.903,21.895,21.888,21.880,21.865,21.849,21.842,21.826,21.811,21.796,21.788,21.780,21.765,21.750,21.727,21.711,21.688,21.665,21.650,21.642,21.627,21.604,21.589,21.581,21.573,21.566,21.566,21.581,21.619,21.635,21.665,21.688,21.719,21.742,21.773,21.803,21.826,21.842,21.865,21.895,21.926,21.949,21.956,21.964,21.972,21.979,21.979,21.979,21.979,21.979,21.987,21.987,21.987,21.987,21.987,21.987,21.987,21.987,21.987,21.995,21.987,21.987,21.979,21.972,21.964,21.964,21.964,21.964,21.956,21.956,21.956,21.956,21.964,21.964,21.964,21.964,21.964,21.972,21.972,21.979,21.987,21.987,21.995,21.995,22.002,22.018,22.033,22.056,22.071,22.086,22.094,22.102,22.117,22.147,22.170,22.186,22.201,22.201,22.201
,23.173,23.173,23.180,23.188,23.188,23.188,23.173,23.158,23.135,23.120,23.120,23.120,23.120,23.112,23.105,23.097,23.089,23.082,23.074,23.067,23.059,23.052,23.044,23.044,23.037,23.029,23.014,22.999,22.984,22.968,22.961,22.946,22.938,22.923,22.900,22.885,22.870,22.855,22.840,22.824,22.817,22.802,22.794,22.787,22.779,22.764,22.749,22.733,22.711,22.688,22.665,22.650,22.627,22.612,22.597,22.582,22.574,22.566,22.559,22.551,22.544,22.536,22.528,22.513,22.506,22.498,22.483,22.475,22.468,22.468,22.460,22.460,22.460,22.468,22.475,22.483,22.483,22.490,22.490,22.498,22.498,22.498,22.498,22.506,22.513,22.513,22.513,22.513,22.513,22.513,22.521,22.528,22.536,22.544,22.551,22.551,22.551,22.551,22.559,22.559,22.559,22.566,22.566,22.566,22.566,22.566,22.566,22.566,22.566,22.559,22.559,22.551,22.544,22.544,22.544,22.544,22.536,22.528,22.528,22.521,22.506,22.498,22.483,22.475,22.460,22.445,22.437,22.429,22.414,22.399,22.384,22.369,22.353,22.338,22.330,22.315,22.308,22.308,22.300,22.300,22.300,22.300,22.308,22.308,22.315,22.315,22.315,22.315,22.308,22.308,22.308,22.308,22.308,22.308,22.308,22.300,22.300,22.300,22.308,22.315,22.323,22.330,22.338,22.338,22.346,22.361,22.376,22.384,22.399,22.414,22.437,22.452,22.468,22.483,22.490,22.498,22.506,22.521,22.528,22.544,22.544,22.536,22.513,22.506,22.490,22.483,22.468,22.445,22.437,22.429,22.452,22.475,22.483,22.460,22.452,22.452,22.460,22.460,22.460,22.445,22.437,22.429,22.429,22.452,22.490,22.521,22.544,22.574,22.582,22.574,22.544,22.528,22.521,22.536,22.551,22.658,22.870,23.180,23.489,23.828,24.247,24.747,25.267,25.717,26.122,26.459,26.729,26.897,26.948,26.897,26.817,26.780,26.751,26.715,26.686,26.656,26.627,26.605,26.576,26.539,26.474,26.342,26.114,25.813,25.437,24.992,24.524,24.090,23.670,23.301,23.067,22.946,22.855,22.794,22.787,22.809,22.794,22.749,22.696,22.680,22.680,22.680,22.665,22.635,22.604,22.582,22.589,22.574,22.559,22.551,22.544,22.536,22.528,22.513,22.490,22.475,22.460,22.445,22.437,22.422,22.414,22.414,22.422,22.445,22.452,22.460,22.452,22.437,22.429,22.414,22.414,22.422,22.422,22.422,22.422,22.422,22.422,22.422,22.414,22.407,22.399,22.384,22.376,22.369,22.361,22.353,22.353,22.346,22.346,22.338,22.330,22.323,22.315,22.300,22.292,22.285,22.277,22.262,22.254,22.247,22.239,22.231,22.224,22.216,22.216,22.209,22.201,22.201,22.201,22.193,22.186,22.186,22.178,22.178,22.178,22.178,22.178,22.170,22.163,22.147,22.132,22.117,22.117,22.125,22.125,22.125,22.117,22.102,22.094,22.079,22.079,22.086,22.086,22.079,22.063,22.056,22.048,22.041,22.033,22.025,22.018,22.010,22.002,21.995,21.987,21.987,21.987,21.987,21.979,21.979,21.972,21.964,21.956,21.949,21.934,21.934,21.926,21.918,21.918,21.911,21.903,21.895,21.888,21.880,21.865,21.849,21.834,21.834,21.819,21.803,21.796,21.788,21.773,21.757,21.742,21.719,21.704,21.681,21.665,21.650,21.642,21.627,21.604,21.589,21.573,21.566,21.558,21.558,21.581,21.604,21.627,21.642,21.665,21.688,21.719,21.750,21.780,21.803,21.826,21.842,21.872,21.911,21.941,21.949,21.964,21.964,21.979,21.979,21.987,21.987,21.987,21.979,21.979,21.979,21.979,21.979,21.979,21.979,21.979,21.987,21.987,21.987,21.987,21.979,21.972,21.964,21.956,21.956,21.956,21.949,21.949,21.949,21.956,21.956,21.956,21.956,21.964,21.964,21.972,21.972,21.979,21.979,21.987,21.987,21.995,22.002,22.018,22.033,22.048,22.063,22.079,22.086,22.094,22.109,22.132,22.155,22.178,22.193,22.193,22.193
,23.180,23.180,23.188,23.188,23.188,23.188,23.173,23.158,23.135,23.120,23.120,23.120,23.112,23.112,23.105,23.097,23.089,23.074,23.074,23.059,23.052,23.044,23.044,23.037,23.029,23.021,23.014,22.999,22.984,22.968,22.961,22.946,22.931,22.915,22.900,22.885,22.870,22.855,22.840,22.824,22.809,22.794,22.794,22.787,22.779,22.764,22.749,22.733,22.711,22.688,22.665,22.650,22.627,22.604,22.589,22.582,22.574,22.566,22.566,22.559,22.551,22.544,22.528,22.513,22.498,22.483,22.483,22.475,22.475,22.475,22.475,22.475,22.475,22.475,22.483,22.483,22.490,22.498,22.498,22.498,22.498,22.498,22.506,22.506,22.513,22.521,22.521,22.521,22.521,22.521,22.528,22.528,22.536,22.551,22.551,22.559,22.566,22.566,22.566,22.566,22.559,22.559,22.559,22.559,22.559,22.559,22.559,22.559,22.559,22.559,22.559,22.551,22.544,22.536,22.536,22.536,22.536,22.528,22.528,22.513,22.506,22.490,22.483,22.468,22.460,22.445,22.437,22.429,22.414,22.399,22.384,22.369,22.361,22.353,22.338,22.330,22.323,22.323,22.315,22.315,22.315,22.315,22.323,22.323,22.323,22.330,22.330,22.323,22.323,22.323,22.323,22.323,22.323,22.323,22.323,22.323,22.323,22.323,22.330,22.338,22.346,22.353,22.361,22.361,22.369,22.376,22.399,22.407,22.414,22.437,22.460,22.468,22.483,22.498,22.513,22.521,22.521,22.528,22.551,22.559,22.559,22.559,22.536,22.528,22.528,22.521,22.506,22.483,22.468,22.468,22.490,22.506,22.506,22.498,22.490,22.490,22.498,22.506,22.498,22.490,22.483,22.475,22.483,22.513,22.551,22.574,22.612,22.627,22.604,22.574,22.551,22.574,22.574,22.566,22.635,22.923,23.226,23.505,23.828,24.285,24.784,25.304,25.761,26.129,26.481,26.802,27.006,27.014,26.977,26.919,26.861,26.788,26.737,26.722,26.693,26.656,26.620,26.583,26.525,26.459,26.320,26.100,25.813,25.422,24.985,24.524,24.098,23.670,23.316,23.059,22.961,22.862,22.787,22.749,22.817,22.824,22.794,22.741,22.696,22.680,22.673,22.673,22.665,22.642,22.612,22.582,22.566,22.566,22.566,22.566,22.566,22.559,22.551,22.528,22.506,22.490,22.475,22.452,22.445,22.429,22.429,22.429,22.445,22.460,22.475,22.483,22.468,22.452,22.437,22.429,22.422,22.422,22.429,22.429,22.429,22.429,22.429,22.422,22.422,22.407,22.399,22.384,22.376,22.376,22.369,22.353,22.353,22.353,22.346,22.338,22.338,22.323,22.315,22.308,22.300,22.292,22.285,22.277,22.262,22.254,22.254,22.247,22.239,22.231,22.224,22.224,22.216,22.216,22.209,22.209,22.201,22.201,22.201,22.193,22.193,22.193,22.193,22.186,22.170,22.163,22.147,22.132,22.132,22.132,22.140,22.132,22.125,22.109,22.102,22.094,22.094,22.094,22.086,22.086,22.079,22.071,22.063,22.056,22.048,22.041,22.033,22.018,22.010,21.995,21.987,21.979,21.979,21.979,21.979,21.979,21.972,21.956,21.949,21.934,21.934,21.926,21.918,21.911,21.911,21.911,21.903,21.888,21.880,21.872,21.857,21.842,21.834,21.826,21.819,21.803,21.796,21.780,21.765,21.750,21.734,21.719,21.696,21.681,21.665,21.658,21.642,21.627,21.604,21.589,21.573,21.558,21.558,21.558,21.573,21.589,21.612,21.619,21.635,21.658,21.688,21.719,21.750,21.780,21.803,21.819,21.849,21.888,21.918,21.941,21.956,21.964,21.972,21.979,21.979,21.987,21.987,21.979,21.979,21.979,21.979,21.979,21.979,21.979,21.979,21.979,21.979,21.979,21.979,21.979,21.972,21.964,21.956,21.949,21.949,21.941,21.941,21.941,21.949,21.949,21.949,21.949,21.956,21.956,21.964,21.964,21.972,21.972,21.979,21.979,21.987,21.995,22.010,22.025,22.041,22.056,22.071,22.071,22.079,22.094,22.125,22.147,22.170,22.186,22.186,22.193
,23.180,23.188,23.188,23.188,23.188,23.180,23.173,23.158,23.142,23.127,23.120,23.120,23.112,23.105,23.105,23.097,23.089,23.074,23.067,23.059,23.052,23.044,23.037,23.029,23.021,23.014,23.006,22.991,22.984,22.968,22.961,22.946,22.931,22.915,22.900,22.885,22.870,22.855,22.840,22.824,22.817,22.802,22.794,22.787,22.787,22.771,22.749,22.733,22.711,22.688,22.665,22.650,22.627,22.612,22.597,22.589,22.582,22.566,22.566,22.566,22.566,22.559,22.536,22.521,22.498,22.483,22.483,22.475,22.475,22.475,22.475,22.475,22.483,22.483,22.483,22.483,22.490,22.498,22.498,22.498,22.498,22.506,22.506,22.513,22.513,22.521,22.521,22.521,22.521,22.528,22.528,22.536,22.544,22.551,22.559,22.566,22.566,22.566,22.566,22.566,22.559,22.559,22.551,22.551,22.551,22.551,22.559,22.559,22.559,22.559,22.559,22.551,22.544,22.536,22.536,22.536,22.528,22.528,22.521,22.513,22.506,22.490,22.483,22.468,22.460,22.445,22.437,22.429,22.422,22.407,22.391,22.376,22.369,22.361,22.353,22.346,22.338,22.338,22.330,22.330,22.330,22.330,22.330,22.338,22.338,22.338,22.338,22.338,22.338,22.338,22.338,22.338,22.338,22.338,22.338,22.338,22.338,22.346,22.353,22.361,22.361,22.369,22.376,22.384,22.391,22.399,22.414,22.422,22.437,22.460,22.475,22.490,22.506,22.521,22.536,22.536,22.544,22.551,22.566,22.574,22.574,22.574,22.566,22.559,22.544,22.536,22.513,22.483,22.468,22.475,22.483,22.498,22.513,22.513,22.506,22.506,22.513,22.513,22.513,22.513,22.513,22.521,22.544,22.574,22.604,22.635,22.658,22.635,22.604,22.597,22.620,22.604,22.597,22.673,22.968,23.248,23.542,23.880,24.330,24.844,25.341,25.791,26.144,26.525,26.853,27.065,27.072,27.086,27.072,26.999,26.868,26.802,26.766,26.744,26.700,26.656,26.605,26.539,26.466,26.305,26.085,25.798,25.422,24.977,24.531,24.098,23.670,23.324,23.097,22.976,22.878,22.771,22.749,22.809,22.832,22.809,22.779,22.749,22.703,22.673,22.665,22.673,22.665,22.642,22.620,22.589,22.566,22.566,22.566,22.566,22.566,22.559,22.551,22.536,22.521,22.498,22.475,22.460,22.452,22.445,22.437,22.445,22.452,22.468,22.483,22.490,22.483,22.460,22.445,22.429,22.429,22.422,22.429,22.429,22.429,22.429,22.429,22.429,22.422,22.414,22.407,22.391,22.384,22.376,22.369,22.353,22.353,22.353,22.346,22.338,22.338,22.323,22.315,22.308,22.308,22.300,22.292,22.285,22.277,22.277,22.270,22.262,22.247,22.247,22.239,22.231,22.231,22.231,22.224,22.224,22.216,22.216,22.216,22.216,22.209,22.209,22.201,22.186,22.178,22.170,22.163,22.155,22.147,22.147,22.147,22.140,22.132,22.117,22.109,22.094,22.094,22.094,22.094,22.094,22.086,22.079,22.071,22.056,22.056,22.048,22.041,22.025,22.018,22.002,21.995,21.979,21.979,21.979,21.972,21.972,21.956,21.949,21.941,21.934,21.926,21.926,21.918,21.911,21.911,21.903,21.895,21.888,21.880,21.872,21.865,21.849,21.842,21.834,21.819,21.803,21.796,21.780,21.765,21.742,21.727,21.711,21.696,21.681,21.665,21.650,21.635,21.612,21.596,21.581,21.566,21.558,21.550,21.550,21.566,21.581,21.596,21.604,21.612,21.635,21.665,21.688,21.727,21.757,21.780,21.803,21.826,21.857,21.911,21.934,21.941,21.956,21.964,21.972,21.979,21.987,21.987,21.979,21.979,21.979,21.979,21.979,21.979,21.979,21.979,21.979,21.972,21.972,21.972,21.972,21.964,21.956,21.956,21.949,21.941,21.941,21.941,21.941,21.941,21.941,21.941,21.941,21.949,21.949,21.956,21.956,21.956,21.964,21.964,21.964,21.972,21.979,21.995,22.010,22.025,22.041,22.056,22.056,22.063,22.079,22.109,22.140,22.163,22.186,22.186,22.193
,23.188,23.188,23.188,23.188,23.188,23.180,23.173,23.158,23.142,23.135,23.120,23.120,23.112,23.105,23.097,23.089,23.082,23.074,23.067,23.059,23.052,23.037,23.029,23.021,23.014,23.006,22.999,22.991,22.984,22.968,22.961,22.946,22.938,22.923,22.908,22.893,22.878,22.862,22.847,22.832,22.817,22.802,22.794,22.794,22.787,22.771,22.749,22.733,22.711,22.680,22.665,22.650,22.635,22.620,22.604,22.589,22.582,22.574,22.574,22.574,22.574,22.566,22.544,22.521,22.506,22.483,22.483,22.483,22.483,22.483,22.483,22.490,22.490,22.490,22.490,22.490,22.490,22.498,22.498,22.498,22.498,22.506,22.506,22.513,22.513,22.513,22.513,22.521,22.521,22.528,22.528,22.536,22.544,22.551,22.559,22.566,22.574,22.574,22.574,22.566,22.559,22.551,22.551,22.544,22.544,22.544,22.544,22.551,22.551,22.551,22.551,22.551,22.544,22.536,22.536,22.528,22.528,22.521,22.513,22.506,22.498,22.490,22.483,22.475,22.460,22.452,22.437,22.429,22.422,22.407,22.391,22.384,22.376,22.376,22.369,22.361,22.353,22.353,22.346,22.346,22.346,22.346,22.346,22.346,22.346,22.346,22.346,22.353,22.353,22.353,22.353,22.353,22.353,22.353,22.353,22.353,22.361,22.361,22.369,22.369,22.376,22.384,22.391,22.399,22.414,22.422,22.437,22.437,22.452,22.468,22.483,22.506,22.521,22.536,22.551,22.551,22.551,22.559,22.574,22.582,22.582,22.582,22.574,22.566,22.551,22.528,22.498,22.445,22.414,22.429,22.483,22.513,22.521,22.521,22.513,22.513,22.521,22.528,22.544,22.559,22.566,22.582,22.604,22.635,22.665,22.680,22.665,22.635,22.635,22.650,22.635,22.627,22.733,22.961,23.256,23.580,23.948,24.374,24.873,25.363,25.798,26.180,26.576,26.883,27.079,27.166,27.203,27.195,27.130,27.014,26.919,26.853,26.802,26.766,26.729,26.664,26.576,26.474,26.320,26.092,25.791,25.437,24.992,24.553,24.120,23.700,23.339,23.127,22.984,22.878,22.764,22.764,22.787,22.809,22.787,22.787,22.779,22.749,22.688,22.665,22.658,22.658,22.665,22.650,22.620,22.597,22.566,22.551,22.551,22.551,22.551,22.551,22.551,22.536,22.513,22.498,22.475,22.460,22.452,22.452,22.452,22.460,22.468,22.483,22.490,22.498,22.483,22.468,22.445,22.429,22.429,22.429,22.429,22.429,22.429,22.437,22.437,22.429,22.422,22.422,22.407,22.391,22.384,22.376,22.369,22.353,22.346,22.346,22.346,22.338,22.330,22.323,22.323,22.315,22.308,22.308,22.300,22.300,22.292,22.292,22.285,22.277,22.270,22.254,22.247,22.247,22.239,22.239,22.239,22.239,22.231,22.231,22.231,22.231,22.216,22.209,22.201,22.186,22.186,22.178,22.170,22.170,22.163,22.155,22.155,22.140,22.132,22.117,22.109,22.102,22.102,22.102,22.102,22.094,22.086,22.071,22.063,22.056,22.048,22.048,22.041,22.025,22.018,22.010,21.995,21.979,21.972,21.964,21.956,21.949,21.941,21.934,21.934,21.934,21.926,21.918,21.911,21.903,21.895,21.895,21.895,21.888,21.880,21.872,21.865,21.857,21.842,21.834,21.819,21.803,21.796,21.780,21.765,21.742,21.727,21.719,21.704,21.688,21.665,21.642,21.627,21.604,21.589,21.573,21.566,21.566,21.558,21.558,21.566,21.581,21.589,21.604,21.612,21.635,21.650,21.688,21.727,21.757,21.780,21.803,21.819,21.842,21.903,21.926,21.941,21.949,21.964,21.972,21.979,21.979,21.979,21.979,21.979,21.979,21.979,21.979,21.979,21.972,21.972,21.964,21.964,21.956,21.956,21.956,21.956,21.949,21.949,21.941,21.941,21.934,21.934,21.934,21.934,21.926,21.926,21.926,21.934,21.934,21.941,21.941,21.941,21.949,21.949,21.956,21.964,21.972,21.987,21.995,22.010,22.025,22.033,22.033,22.048,22.063,22.102,22.132,22.155,22.178,22.186,22.186
,23.195,23.195,23.195,23.188,23.180,23.173,23.165,23.158,23.150,23.142,23.127,23.120,23.105,23.097,23.089,23.082,23.082,23.074,23.067,23.059,23.052,23.037,23.029,23.021,23.014,22.999,22.991,22.991,22.984,22.968,22.961,22.946,22.938,22.923,22.908,22.893,22.878,22.862,22.847,22.840,22.824,22.809,22.802,22.802,22.787,22.771,22.749,22.726,22.703,22.680,22.665,22.650,22.642,22.627,22.612,22.597,22.589,22.582,22.574,22.574,22.574,22.566,22.544,22.528,22.506,22.490,22.483,22.483,22.483,22.490,22.490,22.498,22.498,22.498,22.498,22.498,22.498,22.498,22.498,22.498,22.506,22.506,22.506,22.506,22.506,22.513,22.513,22.521,22.521,22.528,22.536,22.544,22.544,22.559,22.566,22.574,22.574,22.574,22.574,22.566,22.559,22.551,22.551,22.544,22.544,22.544,22.544,22.544,22.551,22.551,22.551,22.551,22.551,22.544,22.536,22.528,22.528,22.521,22.513,22.506,22.498,22.490,22.483,22.475,22.468,22.460,22.445,22.429,22.422,22.414,22.399,22.399,22.391,22.391,22.384,22.376,22.369,22.369,22.369,22.369,22.369,22.369,22.361,22.361,22.361,22.361,22.353,22.361,22.361,22.361,22.361,22.361,22.369,22.369,22.376,22.376,22.376,22.384,22.384,22.384,22.391,22.399,22.407,22.422,22.437,22.452,22.460,22.460,22.468,22.475,22.498,22.521,22.536,22.551,22.559,22.566,22.566,22.566,22.582,22.589,22.589,22.582,22.582,22.574,22.559,22.536,22.468,22.437,22.437,22.460,22.521,22.544,22.544,22.536,22.528,22.536,22.544,22.559,22.582,22.604,22.627,22.635,22.658,22.680,22.696,22.688,22.658,22.658,22.665,22.665,22.650,22.749,22.961,23.271,23.587,23.978,24.412,24.896,25.385,25.813,26.202,26.569,26.934,27.116,27.217,27.261,27.297,27.254,27.166,27.050,26.970,26.904,26.853,26.810,26.751,26.649,26.525,26.364,26.129,25.835,25.459,25.029,24.576,24.150,23.738,23.361,23.112,22.984,22.878,22.779,22.741,22.779,22.794,22.779,22.764,22.779,22.764,22.726,22.673,22.650,22.650,22.658,22.658,22.650,22.635,22.612,22.566,22.551,22.544,22.536,22.544,22.544,22.544,22.536,22.513,22.498,22.483,22.468,22.460,22.468,22.468,22.475,22.483,22.498,22.498,22.506,22.490,22.468,22.452,22.437,22.437,22.437,22.437,22.437,22.437,22.437,22.437,22.437,22.429,22.422,22.414,22.399,22.384,22.376,22.369,22.353,22.346,22.346,22.338,22.330,22.330,22.330,22.323,22.315,22.315,22.315,22.315,22.308,22.308,22.308,22.300,22.292,22.285,22.270,22.262,22.254,22.247,22.247,22.247,22.247,22.247,22.247,22.247,22.239,22.231,22.216,22.201,22.186,22.186,22.186,22.186,22.178,22.170,22.163,22.155,22.140,22.132,22.117,22.109,22.102,22.102,22.109,22.109,22.102,22.086,22.079,22.063,22.048,22.048,22.048,22.041,22.033,22.018,22.010,21.995,21.979,21.964,21.956,21.941,21.934,21.926,21.926,21.926,21.926,21.918,21.911,21.903,21.895,21.888,21.888,21.888,21.880,21.880,21.872,21.865,21.857,21.849,21.842,21.826,21.811,21.796,21.780,21.765,21.742,21.734,21.719,21.711,21.688,21.665,21.642,21.619,21.596,21.581,21.573,21.573,21.573,21.566,21.566,21.573,21.581,21.596,21.604,21.627,21.650,21.673,21.704,21.742,21.780,21.803,21.819,21.826,21.849,21.895,21.918,21.934,21.941,21.956,21.964,21.972,21.972,21.979,21.972,21.972,21.972,21.972,21.972,21.972,21.972,21.964,21.956,21.949,21.949,21.949,21.949,21.949,21.941,21.941,21.941,21.934,21.934,21.926,21.926,21.926,21.918,21.918,21.918,21.918,21.926,21.926,21.926,21.926,21.934,21.941,21.949,21.956,21.964,21.979,21.979,21.995,22.010,22.018,22.018,22.033,22.056,22.094,22.125,22.155,22.170,22.178,22.178
,23.203,23.195,23.195,23.188,23.180,23.165,23.165,23.165,23.158,23.142,23.127,23.112,23.105,23.089,23.082,23.074,23.074,23.074,23.067,23.059,23.052,23.037,23.029,23.021,23.014,22.999,22.991,22.984,22.976,22.968,22.961,22.946,22.938,22.923,22.908,22.893,22.878,22.862,22.855,22.840,22.832,22.809,22.809,22.802,22.787,22.771,22.749,22.726,22.703,22.680,22.665,22.658,22.642,22.627,22.620,22.604,22.597,22.589,22.582,22.582,22.574,22.566,22.544,22.528,22.513,22.498,22.490,22.490,22.490,22.490,22.490,22.498,22.506,22.506,22.506,22.498,22.498,22.498,22.498,22.498,22.506,22.506,22.506,22.506,22.506,22.513,22.513,22.521,22.528,22.536,22.544,22.544,22.551,22.559,22.566,22.574,22.582,22.582,22.582,22.574,22.566,22.559,22.559,22.551,22.551,22.551,22.551,22.551,22.551,22.559,22.559,22.559,22.551,22.551,22.544,22.536,22.528,22.528,22.513,22.513,22.506,22.490,22.490,22.483,22.475,22.460,22.445,22.437,22.429,22.422,22.414,22.407,22.407,22.407,22.399,22.391,22.391,22.391,22.384,22.384,22.384,22.384,22.376,22.376,22.376,22.376,22.369,22.369,22.376,22.376,22.376,22.376,22.376,22.384,22.391,22.391,22.391,22.399,22.399,22.407,22.407,22.414,22.429,22.445,22.460,22.475,22.483,22.483,22.490,22.498,22.521,22.536,22.559,22.574,22.582,22.582,22.582,22.582,22.589,22.589,22.589,22.589,22.597,22.597,22.582,22.551,22.445,22.490,22.544,22.566,22.582,22.589,22.582,22.566,22.566,22.574,22.589,22.612,22.635,22.650,22.665,22.680,22.696,22.711,22.696,22.665,22.665,22.703,22.696,22.658,22.741,22.991,23.271,23.580,23.993,24.457,24.933,25.407,25.850,26.217,26.591,26.955,27.174,27.232,27.297,27.370,27.341,27.268,27.188,27.116,27.014,26.948,26.904,26.853,26.744,26.605,26.430,26.202,25.894,25.525,25.089,24.613,24.188,23.775,23.399,23.105,22.984,22.878,22.771,22.703,22.787,22.794,22.771,22.741,22.771,22.764,22.741,22.696,22.658,22.642,22.642,22.658,22.658,22.658,22.642,22.627,22.574,22.551,22.536,22.528,22.528,22.536,22.544,22.536,22.521,22.498,22.483,22.475,22.475,22.475,22.483,22.490,22.498,22.506,22.513,22.506,22.490,22.468,22.452,22.437,22.429,22.429,22.437,22.445,22.445,22.445,22.445,22.445,22.437,22.429,22.422,22.399,22.391,22.376,22.361,22.346,22.346,22.346,22.338,22.338,22.330,22.330,22.323,22.323,22.323,22.323,22.323,22.323,22.323,22.323,22.315,22.308,22.300,22.292,22.277,22.270,22.262,22.262,22.262,22.262,22.262,22.262,22.262,22.254,22.239,22.216,22.201,22.193,22.186,22.193,22.201,22.193,22.186,22.170,22.155,22.140,22.132,22.117,22.109,22.109,22.109,22.109,22.109,22.102,22.094,22.079,22.071,22.056,22.048,22.048,22.041,22.033,22.025,22.010,21.995,21.979,21.964,21.949,21.934,21.926,21.926,21.926,21.926,21.918,21.918,21.911,21.903,21.895,21.888,21.888,21.888,21.880,21.880,21.880,21.872,21.865,21.857,21.842,21.834,21.811,21.796,21.780,21.765,21.742,21.734,21.727,21.711,21.696,21.665,21.642,21.619,21.596,21.581,21.581,21.573,21.573,21.573,21.566,21.573,21.589,21.596,21.612,21.635,21.665,21.704,21.734,21.773,21.811,21.834,21.842,21.849,21.865,21.888,21.903,21.918,21.926,21.941,21.949,21.956,21.964,21.964,21.964,21.964,21.964,21.964,21.964,21.964,21.964,21.964,21.949,21.941,21.941,21.941,21.934,21.934,21.934,21.934,21.934,21.934,21.926,21.926,21.926,21.918,21.918,21.918,21.918,21.918,21.918,21.918,21.918,21.918,21.926,21.926,21.941,21.949,21.964,21.964,21.972,21.979,21.995,22.002,22.010,22.025,22.048,22.094,22.125,22.147,22.170,22.170,22.170
,23.203,23.195,23.195,23.180,23.173,23.165,23.165,23.165,23.158,23.142,23.127,23.112,23.097,23.082,23.074,23.074,23.074,23.067,23.067,23.059,23.059,23.044,23.037,23.021,23.006,22.991,22.991,22.984,22.976,22.961,22.953,22.938,22.931,22.915,22.908,22.893,22.885,22.870,22.862,22.847,22.832,22.817,22.802,22.787,22.771,22.749,22.726,22.711,22.696,22.673,22.665,22.650,22.642,22.635,22.627,22.620,22.612,22.604,22.589,22.582,22.566,22.551,22.536,22.528,22.521,22.506,22.498,22.490,22.490,22.490,22.490,22.498,22.506,22.506,22.506,22.498,22.498,22.498,22.498,22.498,22.506,22.506,22.506,22.506,22.506,22.513,22.513,22.528,22.544,22.551,22.559,22.559,22.559,22.566,22.566,22.574,22.582,22.582,22.582,22.574,22.574,22.566,22.566,22.566,22.566,22.566,22.559,22.559,22.559,22.559,22.559,22.559,22.559,22.551,22.551,22.551,22.544,22.536,22.528,22.513,22.506,22.490,22.483,22.475,22.468,22.460,22.452,22.437,22.429,22.422,22.422,22.414,22.414,22.414,22.407,22.407,22.407,22.399,22.399,22.399,22.399,22.391,22.391,22.391,22.384,22.376,22.376,22.376,22.376,22.376,22.384,22.384,22.391,22.391,22.399,22.399,22.407,22.407,22.414,22.422,22.429,22.437,22.452,22.460,22.475,22.490,22.498,22.498,22.506,22.521,22.544,22.559,22.574,22.589,22.597,22.597,22.589,22.589,22.597,22.604,22.612,22.612,22.620,22.620,22.627,22.627,22.597,22.612,22.635,22.650,22.642,22.635,22.627,22.612,22.612,22.612,22.627,22.635,22.658,22.665,22.680,22.688,22.703,22.696,22.688,22.703,22.726,22.696,22.718,22.824,23.059,23.301,23.617,24.030,24.524,24.992,25.451,25.879,26.232,26.642,26.970,27.188,27.254,27.348,27.391,27.370,27.304,27.283,27.225,27.130,27.035,26.992,26.934,26.831,26.686,26.496,26.254,25.945,25.592,25.133,24.673,24.240,23.828,23.444,23.165,22.991,22.862,22.749,22.726,22.779,22.787,22.749,22.749,22.771,22.756,22.733,22.703,22.688,22.650,22.635,22.642,22.658,22.658,22.658,22.650,22.635,22.582,22.544,22.528,22.521,22.528,22.536,22.544,22.536,22.521,22.506,22.490,22.475,22.475,22.490,22.498,22.498,22.506,22.513,22.513,22.506,22.490,22.460,22.445,22.429,22.429,22.429,22.437,22.445,22.445,22.452,22.452,22.452,22.445,22.437,22.422,22.407,22.391,22.376,22.369,22.353,22.346,22.346,22.338,22.338,22.338,22.330,22.323,22.323,22.323,22.323,22.323,22.323,22.323,22.323,22.323,22.315,22.308,22.300,22.292,22.285,22.270,22.270,22.262,22.262,22.262,22.270,22.270,22.270,22.254,22.231,22.209,22.193,22.193,22.201,22.201,22.201,22.193,22.178,22.163,22.147,22.140,22.132,22.125,22.117,22.117,22.117,22.109,22.102,22.102,22.086,22.079,22.063,22.056,22.056,22.048,22.033,22.025,22.010,21.995,21.979,21.964,21.949,21.941,21.926,21.926,21.926,21.926,21.918,21.918,21.911,21.903,21.895,21.895,21.888,21.888,21.880,21.880,21.880,21.880,21.865,21.865,21.849,21.834,21.819,21.811,21.788,21.773,21.757,21.742,21.734,21.719,21.696,21.673,21.650,21.627,21.604,21.589,21.581,21.573,21.573,21.566,21.558,21.566,21.573,21.589,21.604,21.627,21.658,21.704,21.734,21.773,21.803,21.826,21.834,21.834,21.842,21.865,21.872,21.888,21.895,21.918,21.926,21.941,21.949,21.956,21.956,21.956,21.956,21.956,21.956,21.964,21.964,21.956,21.949,21.941,21.941,21.941,21.934,21.934,21.934,21.934,21.934,21.934,21.926,21.926,21.926,21.918,21.918,21.918,21.918,21.918,21.918,21.918,21.918,21.918,21.918,21.926,21.941,21.949,21.964,21.964,21.972,21.972,21.987,21.995,22.010,22.025,22.056,22.094,22.125,22.147,22.163,22.170,22.170
,23.203,23.203,23.195,23.180,23.173,23.165,23.165,23.165,23.158,23.142,23.127,23.105,23.089,23.074,23.067,23.067,23.074,23.067,23.067,23.067,23.067,23.059,23.044,23.029,23.014,22.999,22.984,22.976,22.968,22.961,22.946,22.931,22.923,22.915,22.900,22.893,22.885,22.878,22.862,22.855,22.840,22.824,22.794,22.779,22.756,22.733,22.711,22.703,22.688,22.673,22.665,22.650,22.642,22.635,22.635,22.635,22.627,22.620,22.597,22.582,22.566,22.544,22.528,22.528,22.521,22.513,22.498,22.498,22.490,22.490,22.490,22.498,22.498,22.498,22.498,22.506,22.506,22.513,22.506,22.506,22.498,22.498,22.498,22.498,22.498,22.513,22.521,22.544,22.559,22.566,22.574,22.566,22.566,22.566,22.566,22.574,22.574,22.574,22.574,22.582,22.582,22.582,22.582,22.582,22.582,22.582,22.582,22.582,22.574,22.574,22.574,22.566,22.566,22.559,22.559,22.559,22.559,22.551,22.536,22.521,22.506,22.490,22.475,22.475,22.468,22.460,22.452,22.445,22.437,22.429,22.429,22.429,22.429,22.422,22.422,22.414,22.414,22.414,22.407,22.407,22.407,22.399,22.399,22.399,22.391,22.384,22.384,22.384,22.384,22.384,22.384,22.391,22.399,22.399,22.407,22.407,22.414,22.414,22.429,22.429,22.445,22.452,22.468,22.475,22.490,22.498,22.513,22.513,22.521,22.528,22.551,22.574,22.589,22.597,22.604,22.604,22.597,22.597,22.612,22.620,22.627,22.627,22.635,22.658,22.673,22.688,22.680,22.673,22.673,22.680,22.673,22.658,22.642,22.635,22.635,22.642,22.658,22.673,22.680,22.696,22.703,22.696,22.696,22.703,22.726,22.756,22.718,22.771,22.908,23.135,23.376,23.685,24.083,24.561,25.059,25.511,25.916,26.283,26.671,26.985,27.188,27.297,27.384,27.413,27.391,27.348,27.341,27.297,27.239,27.166,27.101,27.014,26.912,26.780,26.605,26.327,26.019,25.673,25.230,24.755,24.307,23.895,23.512,23.226,23.021,22.870,22.749,22.726,22.749,22.764,22.741,22.749,22.756,22.756,22.718,22.703,22.696,22.673,22.642,22.642,22.650,22.650,22.650,22.650,22.650,22.635,22.574,22.544,22.521,22.506,22.521,22.528,22.536,22.536,22.521,22.506,22.490,22.483,22.483,22.490,22.498,22.506,22.506,22.513,22.513,22.498,22.483,22.460,22.437,22.414,22.414,22.422,22.429,22.445,22.445,22.460,22.460,22.468,22.452,22.445,22.429,22.407,22.391,22.384,22.369,22.361,22.346,22.346,22.346,22.338,22.338,22.330,22.330,22.323,22.323,22.323,22.330,22.330,22.330,22.330,22.330,22.323,22.315,22.308,22.300,22.292,22.285,22.277,22.270,22.270,22.270,22.277,22.277,22.270,22.254,22.239,22.224,22.209,22.201,22.209,22.209,22.201,22.193,22.178,22.163,22.155,22.147,22.140,22.132,22.132,22.125,22.125,22.117,22.102,22.102,22.094,22.086,22.079,22.071,22.063,22.048,22.041,22.025,22.010,21.995,21.979,21.964,21.956,21.949,21.941,21.926,21.926,21.926,21.918,21.918,21.911,21.911,21.911,21.903,21.903,21.895,21.895,21.888,21.888,21.880,21.872,21.865,21.857,21.849,21.834,21.819,21.803,21.788,21.765,21.750,21.734,21.719,21.704,21.681,21.658,21.635,21.619,21.596,21.589,21.581,21.566,21.558,21.550,21.550,21.566,21.573,21.589,21.612,21.650,21.688,21.719,21.757,21.788,21.811,21.811,21.811,21.819,21.842,21.849,21.865,21.872,21.895,21.911,21.918,21.934,21.941,21.941,21.941,21.941,21.949,21.949,21.949,21.949,21.949,21.949,21.941,21.941,21.941,21.934,21.934,21.934,21.934,21.934,21.934,21.934,21.934,21.926,21.926,21.934,21.934,21.934,21.934,21.926,21.926,21.918,21.918,21.918,21.934,21.941,21.956,21.964,21.972,21.972,21.979,21.987,22.002,22.018,22.033,22.063,22.094,22.125,22.140,22.155,22.163,22.163
,23.203,23.203,23.195,23.180,23.173,23.158,23.158,23.158,23.150,23.142,23.127,23.105,23.082,23.067,23.059,23.067,23.067,23.067,23.067,23.067,23.067,23.059,23.052,23.037,23.014,22.999,22.984,22.976,22.968,22.953,22.938,22.931,22.915,22.908,22.900,22.893,22.885,22.878,22.870,22.862,22.847,22.824,22.794,22.771,22.741,22.711,22.696,22.696,22.688,22.680,22.665,22.650,22.642,22.642,22.642,22.642,22.635,22.627,22.604,22.582,22.559,22.536,22.521,22.521,22.521,22.521,22.506,22.498,22.498,22.490,22.490,22.490,22.490,22.498,22.498,22.506,22.513,22.513,22.513,22.506,22.498,22.498,22.498,22.498,22.506,22.513,22.536,22.551,22.566,22.574,22.582,22.574,22.574,22.574,22.574,22.574,22.574,22.574,22.582,22.589,22.597,22.604,22.604,22.604,22.604,22.604,22.604,22.604,22.597,22.589,22.589,22.582,22.574,22.566,22.574,22.574,22.574,22.566,22.551,22.536,22.513,22.490,22.475,22.475,22.468,22.460,22.452,22.445,22.445,22.437,22.437,22.437,22.437,22.429,22.429,22.429,22.429,22.429,22.422,22.422,22.422,22.414,22.414,22.407,22.407,22.399,22.391,22.391,22.391,22.391,22.391,22.399,22.407,22.407,22.414,22.414,22.422,22.429,22.437,22.445,22.460,22.468,22.483,22.490,22.506,22.513,22.528,22.528,22.536,22.551,22.574,22.589,22.597,22.604,22.612,22.604,22.604,22.612,22.627,22.642,22.650,22.650,22.658,22.673,22.688,22.703,22.703,22.688,22.680,22.680,22.673,22.658,22.650,22.650,22.658,22.673,22.688,22.696,22.711,22.711,22.703,22.696,22.703,22.733,22.756,22.771,22.787,22.946,23.180,23.452,23.745,24.143,24.606,25.104,25.584,25.982,26.349,26.693,27.028,27.225,27.341,27.413,27.471,27.442,27.399,27.377,27.370,27.326,27.275,27.217,27.130,27.006,26.868,26.707,26.452,26.122,25.761,25.355,24.866,24.412,23.985,23.595,23.271,23.067,22.908,22.771,22.711,22.741,22.749,22.733,22.733,22.756,22.749,22.718,22.688,22.688,22.673,22.650,22.642,22.642,22.642,22.642,22.635,22.627,22.627,22.612,22.566,22.536,22.513,22.506,22.513,22.528,22.536,22.536,22.521,22.506,22.490,22.483,22.483,22.490,22.498,22.506,22.506,22.513,22.506,22.498,22.475,22.452,22.429,22.414,22.414,22.422,22.429,22.445,22.452,22.460,22.468,22.475,22.460,22.445,22.429,22.414,22.399,22.384,22.376,22.361,22.353,22.353,22.353,22.346,22.338,22.330,22.330,22.323,22.323,22.323,22.330,22.330,22.330,22.330,22.330,22.330,22.323,22.315,22.315,22.300,22.292,22.285,22.270,22.270,22.270,22.277,22.277,22.277,22.262,22.247,22.231,22.216,22.209,22.209,22.209,22.201,22.193,22.178,22.170,22.163,22.155,22.147,22.147,22.140,22.132,22.125,22.117,22.109,22.102,22.094,22.094,22.086,22.079,22.071,22.056,22.041,22.025,22.010,21.987,21.972,21.964,21.956,21.956,21.949,21.941,21.926,21.926,21.918,21.918,21.918,21.918,21.918,21.911,21.911,21.911,21.903,21.895,21.888,21.888,21.880,21.872,21.865,21.857,21.842,21.826,21.811,21.796,21.773,21.750,21.734,21.719,21.704,21.681,21.665,21.650,21.635,21.604,21.589,21.581,21.566,21.550,21.550,21.550,21.558,21.566,21.581,21.604,21.635,21.673,21.711,21.742,21.773,21.788,21.788,21.788,21.796,21.819,21.826,21.842,21.857,21.872,21.888,21.903,21.918,21.926,21.926,21.934,21.934,21.941,21.941,21.941,21.941,21.941,21.941,21.941,21.941,21.941,21.934,21.934,21.926,21.926,21.926,21.926,21.926,21.926,21.934,21.934,21.941,21.941,21.941,21.934,21.934,21.934,21.926,21.926,21.926,21.934,21.949,21.956,21.972,21.972,21.979,21.979,21.987,22.010,22.025,22.048,22.071,22.102,22.125,22.140,22.147,22.155,22.155
,23.203,23.195,23.195,23.180,23.173,23.158,23.158,23.150,23.150,23.135,23.120,23.097,23.074,23.059,23.059,23.052,23.059,23.059,23.059,23.067,23.067,23.059,23.052,23.037,23.014,22.999,22.984,22.976,22.968,22.946,22.938,22.923,22.915,22.900,22.900,22.893,22.885,22.878,22.870,22.862,22.847,22.832,22.794,22.764,22.733,22.703,22.696,22.696,22.688,22.680,22.665,22.658,22.650,22.642,22.635,22.642,22.635,22.627,22.604,22.574,22.551,22.528,22.521,22.521,22.528,22.521,22.513,22.506,22.498,22.498,22.490,22.490,22.490,22.498,22.498,22.513,22.521,22.521,22.521,22.506,22.498,22.498,22.498,22.498,22.506,22.521,22.536,22.551,22.566,22.582,22.582,22.582,22.582,22.582,22.582,22.582,22.582,22.589,22.597,22.604,22.612,22.620,22.635,22.635,22.635,22.635,22.627,22.627,22.620,22.612,22.604,22.597,22.589,22.582,22.589,22.589,22.589,22.582,22.566,22.544,22.521,22.498,22.483,22.483,22.475,22.475,22.460,22.460,22.452,22.452,22.452,22.452,22.445,22.445,22.445,22.445,22.445,22.445,22.445,22.445,22.445,22.445,22.437,22.429,22.422,22.414,22.407,22.407,22.399,22.399,22.399,22.407,22.414,22.422,22.422,22.429,22.437,22.452,22.460,22.468,22.483,22.490,22.506,22.513,22.528,22.544,22.551,22.559,22.574,22.589,22.612,22.620,22.620,22.612,22.612,22.620,22.627,22.635,22.650,22.673,22.680,22.680,22.673,22.673,22.680,22.680,22.680,22.680,22.680,22.673,22.665,22.658,22.658,22.665,22.680,22.703,22.718,22.718,22.733,22.711,22.688,22.688,22.741,22.771,22.771,22.787,22.968,23.226,23.505,23.805,24.203,24.665,25.148,25.629,26.078,26.430,26.773,27.094,27.283,27.377,27.464,27.544,27.500,27.450,27.435,27.442,27.391,27.355,27.326,27.275,27.116,26.970,26.802,26.591,26.239,25.887,25.474,25.000,24.516,24.090,23.685,23.324,23.097,22.953,22.817,22.718,22.756,22.756,22.733,22.711,22.756,22.756,22.726,22.688,22.680,22.673,22.650,22.635,22.658,22.635,22.635,22.642,22.612,22.604,22.597,22.589,22.559,22.536,22.521,22.506,22.513,22.521,22.536,22.536,22.521,22.506,22.490,22.483,22.483,22.490,22.498,22.506,22.506,22.506,22.506,22.490,22.468,22.445,22.429,22.414,22.414,22.422,22.437,22.445,22.452,22.468,22.475,22.475,22.468,22.452,22.429,22.414,22.399,22.384,22.376,22.361,22.361,22.353,22.353,22.346,22.338,22.330,22.330,22.330,22.330,22.330,22.330,22.330,22.330,22.338,22.338,22.338,22.330,22.330,22.323,22.308,22.300,22.285,22.277,22.270,22.270,22.277,22.285,22.277,22.270,22.254,22.239,22.224,22.224,22.216,22.209,22.201,22.193,22.186,22.178,22.170,22.163,22.163,22.155,22.147,22.140,22.125,22.117,22.117,22.109,22.109,22.102,22.102,22.086,22.079,22.063,22.048,22.025,22.010,21.995,21.979,21.972,21.972,21.964,21.956,21.949,21.934,21.926,21.918,21.918,21.918,21.926,21.926,21.926,21.918,21.911,21.903,21.903,21.895,21.888,21.880,21.880,21.872,21.857,21.842,21.834,21.819,21.803,21.780,21.757,21.742,21.719,21.704,21.681,21.673,21.658,21.642,21.612,21.596,21.581,21.566,21.550,21.550,21.550,21.558,21.573,21.581,21.604,21.635,21.665,21.696,21.727,21.757,21.773,21.773,21.773,21.780,21.796,21.811,21.819,21.842,21.857,21.872,21.888,21.903,21.911,21.911,21.918,21.918,21.926,21.926,21.926,21.926,21.934,21.934,21.934,21.934,21.934,21.934,21.926,21.926,21.926,21.918,21.926,21.926,21.926,21.934,21.934,21.941,21.941,21.941,21.941,21.941,21.941,21.934,21.934,21.934,21.934,21.949,21.964,21.972,21.972,21.972,21.979,21.995,22.010,22.033,22.056,22.079,22.102,22.117,22.132,22.132,22.140,22.140
,23.195,23.195,23.188,23.173,23.165,23.158,23.150,23.150,23.142,23.127,23.112,23.097,23.074,23.059,23.052,23.052,23.044,23.044,23.052,23.052,23.059,23.052,23.044,23.029,23.014,22.999,22.991,22.984,22.976,22.961,22.946,22.938,22.923,22.908,22.900,22.893,22.885,22.870,22.862,22.855,22.847,22.824,22.794,22.764,22.741,22.711,22.703,22.696,22.696,22.688,22.680,22.673,22.658,22.642,22.635,22.627,22.620,22.604,22.582,22.566,22.544,22.528,22.528,22.521,22.528,22.521,22.521,22.513,22.506,22.498,22.498,22.490,22.490,22.498,22.498,22.513,22.521,22.521,22.521,22.513,22.506,22.506,22.506,22.506,22.513,22.528,22.536,22.551,22.559,22.574,22.582,22.582,22.589,22.589,22.597,22.597,22.604,22.612,22.627,22.635,22.642,22.650,22.658,22.665,22.665,22.658,22.658,22.650,22.650,22.642,22.627,22.620,22.604,22.597,22.597,22.604,22.604,22.597,22.582,22.559,22.536,22.513,22.498,22.498,22.490,22.483,22.475,22.468,22.468,22.460,22.452,22.452,22.452,22.452,22.460,22.468,22.468,22.475,22.475,22.475,22.475,22.475,22.460,22.452,22.437,22.429,22.414,22.407,22.399,22.391,22.391,22.391,22.399,22.414,22.422,22.437,22.445,22.468,22.483,22.490,22.506,22.521,22.536,22.544,22.559,22.574,22.589,22.597,22.612,22.635,22.658,22.665,22.642,22.612,22.612,22.635,22.658,22.673,22.673,22.673,22.673,22.673,22.665,22.665,22.665,22.673,22.680,22.680,22.680,22.673,22.673,22.680,22.688,22.688,22.703,22.726,22.741,22.741,22.718,22.711,22.726,22.756,22.779,22.794,22.870,23.037,23.286,23.535,23.880,24.315,24.769,25.222,25.680,26.129,26.517,26.875,27.152,27.333,27.421,27.536,27.594,27.573,27.515,27.522,27.500,27.457,27.435,27.435,27.384,27.254,27.116,26.926,26.671,26.349,26.048,25.629,25.141,24.628,24.203,23.783,23.414,23.135,22.976,22.862,22.802,22.779,22.771,22.749,22.733,22.749,22.756,22.726,22.703,22.696,22.680,22.650,22.642,22.658,22.635,22.642,22.658,22.665,22.604,22.597,22.589,22.582,22.566,22.544,22.521,22.513,22.513,22.528,22.536,22.536,22.528,22.506,22.490,22.483,22.483,22.490,22.498,22.498,22.506,22.506,22.498,22.490,22.475,22.452,22.437,22.422,22.422,22.437,22.445,22.452,22.460,22.475,22.475,22.468,22.460,22.445,22.429,22.407,22.391,22.376,22.369,22.361,22.353,22.353,22.353,22.346,22.346,22.338,22.330,22.330,22.330,22.330,22.330,22.330,22.330,22.338,22.338,22.338,22.338,22.330,22.330,22.315,22.308,22.292,22.285,22.270,22.270,22.277,22.285,22.277,22.270,22.254,22.247,22.231,22.224,22.216,22.209,22.201,22.193,22.186,22.178,22.170,22.170,22.163,22.163,22.155,22.147,22.132,22.125,22.117,22.117,22.117,22.117,22.109,22.102,22.086,22.071,22.048,22.033,22.018,21.995,21.979,21.979,21.972,21.972,21.964,21.956,21.941,21.934,21.918,21.918,21.926,21.926,21.926,21.926,21.918,21.911,21.903,21.903,21.895,21.895,21.880,21.880,21.872,21.857,21.842,21.834,21.819,21.803,21.780,21.757,21.742,21.719,21.696,21.681,21.665,21.658,21.635,21.612,21.596,21.581,21.566,21.558,21.550,21.558,21.573,21.589,21.596,21.619,21.650,21.681,21.704,21.727,21.750,21.757,21.765,21.765,21.773,21.780,21.796,21.811,21.826,21.849,21.865,21.880,21.895,21.903,21.911,21.911,21.918,21.918,21.918,21.926,21.926,21.926,21.926,21.926,21.926,21.926,21.926,21.926,21.926,21.918,21.918,21.926,21.926,21.926,21.934,21.934,21.941,21.941,21.941,21.941,21.941,21.941,21.934,21.934,21.934,21.934,21.949,21.956,21.972,21.972,21.972,21.972,21.987,22.018,22.041,22.063,22.094,22.109,22.117,22.117,22.125,22.125,22.125
,23.188,23.188,23.180,23.173,23.165,23.150,23.142,23.135,23.135,23.127,23.105,23.089,23.082,23.067,23.052,23.044,23.037,23.029,23.037,23.037,23.037,23.037,23.029,23.029,23.021,23.006,22.999,22.991,22.984,22.968,22.961,22.946,22.938,22.915,22.900,22.893,22.885,22.870,22.855,22.847,22.840,22.824,22.802,22.771,22.749,22.726,22.718,22.711,22.711,22.703,22.688,22.680,22.665,22.650,22.627,22.612,22.589,22.574,22.559,22.551,22.544,22.544,22.528,22.528,22.521,22.521,22.513,22.513,22.506,22.506,22.498,22.498,22.498,22.498,22.498,22.506,22.513,22.521,22.521,22.513,22.513,22.513,22.513,22.521,22.521,22.528,22.536,22.544,22.551,22.566,22.574,22.582,22.589,22.604,22.612,22.620,22.627,22.635,22.650,22.658,22.665,22.673,22.680,22.680,22.680,22.680,22.680,22.673,22.673,22.665,22.650,22.642,22.627,22.612,22.612,22.612,22.612,22.604,22.589,22.566,22.544,22.528,22.521,22.513,22.506,22.498,22.490,22.483,22.475,22.468,22.460,22.460,22.460,22.460,22.468,22.475,22.483,22.490,22.490,22.490,22.490,22.483,22.468,22.452,22.445,22.429,22.407,22.399,22.391,22.384,22.376,22.376,22.391,22.407,22.422,22.437,22.452,22.475,22.498,22.513,22.528,22.544,22.559,22.574,22.589,22.612,22.627,22.635,22.650,22.673,22.688,22.696,22.680,22.650,22.642,22.658,22.673,22.680,22.680,22.680,22.673,22.673,22.673,22.680,22.680,22.688,22.703,22.703,22.696,22.688,22.696,22.703,22.711,22.711,22.726,22.733,22.741,22.741,22.741,22.749,22.764,22.794,22.840,22.961,23.135,23.369,23.640,23.978,24.389,24.866,25.326,25.754,26.166,26.569,26.955,27.217,27.384,27.486,27.587,27.631,27.616,27.580,27.573,27.551,27.515,27.486,27.500,27.450,27.355,27.232,27.050,26.751,26.437,26.122,25.769,25.267,24.762,24.292,23.873,23.497,23.188,22.976,22.878,22.817,22.794,22.787,22.764,22.749,22.749,22.741,22.718,22.703,22.696,22.688,22.658,22.658,22.650,22.635,22.642,22.665,22.658,22.635,22.597,22.589,22.589,22.582,22.566,22.551,22.536,22.521,22.528,22.536,22.536,22.536,22.528,22.506,22.490,22.483,22.483,22.483,22.483,22.490,22.490,22.498,22.498,22.490,22.475,22.468,22.452,22.445,22.445,22.452,22.460,22.460,22.468,22.475,22.475,22.468,22.452,22.437,22.422,22.399,22.384,22.369,22.361,22.353,22.346,22.346,22.346,22.346,22.346,22.338,22.338,22.338,22.338,22.338,22.338,22.338,22.338,22.338,22.346,22.338,22.338,22.338,22.330,22.315,22.308,22.292,22.285,22.277,22.277,22.277,22.285,22.277,22.270,22.262,22.247,22.231,22.224,22.216,22.209,22.201,22.193,22.186,22.178,22.170,22.170,22.170,22.170,22.163,22.147,22.140,22.132,22.125,22.117,22.125,22.125,22.117,22.102,22.086,22.071,22.056,22.041,22.018,22.002,21.995,21.979,21.979,21.979,21.964,21.956,21.949,21.934,21.926,21.926,21.926,21.934,21.926,21.926,21.918,21.911,21.903,21.903,21.903,21.895,21.880,21.880,21.865,21.857,21.842,21.826,21.819,21.803,21.780,21.757,21.742,21.719,21.696,21.673,21.658,21.642,21.627,21.604,21.589,21.573,21.566,21.566,21.566,21.581,21.596,21.604,21.619,21.642,21.665,21.688,21.711,21.727,21.750,21.757,21.757,21.757,21.773,21.780,21.796,21.811,21.834,21.849,21.865,21.880,21.895,21.903,21.903,21.911,21.911,21.911,21.918,21.918,21.911,21.911,21.911,21.911,21.911,21.911,21.911,21.911,21.918,21.918,21.918,21.918,21.918,21.926,21.926,21.926,21.934,21.934,21.934,21.934,21.941,21.941,21.934,21.934,21.934,21.941,21.949,21.956,21.972,21.972,21.972,21.972,21.987,22.018,22.041,22.071,22.094,22.109,22.109,22.109,22.109,22.109,22.109
,23.180,23.180,23.173,23.173,23.158,23.150,23.142,23.135,23.127,23.112,23.097,23.089,23.082,23.067,23.052,23.037,23.029,23.021,23.021,23.021,23.021,23.029,23.021,23.021,23.021,23.006,23.006,22.999,22.991,22.984,22.968,22.961,22.946,22.931,22.908,22.893,22.878,22.862,22.847,22.847,22.832,22.824,22.802,22.779,22.764,22.741,22.733,22.726,22.726,22.711,22.696,22.688,22.673,22.650,22.620,22.597,22.566,22.551,22.544,22.544,22.551,22.551,22.536,22.528,22.521,22.513,22.513,22.513,22.513,22.513,22.506,22.506,22.506,22.506,22.506,22.506,22.513,22.513,22.513,22.521,22.521,22.521,22.521,22.528,22.528,22.528,22.536,22.536,22.544,22.559,22.566,22.582,22.597,22.620,22.627,22.635,22.650,22.658,22.673,22.680,22.688,22.696,22.703,22.703,22.703,22.703,22.703,22.696,22.688,22.680,22.673,22.658,22.650,22.635,22.627,22.627,22.627,22.612,22.597,22.582,22.566,22.544,22.536,22.536,22.528,22.513,22.506,22.498,22.490,22.483,22.475,22.468,22.468,22.468,22.483,22.498,22.506,22.506,22.506,22.498,22.498,22.490,22.483,22.468,22.452,22.437,22.429,22.414,22.414,22.407,22.399,22.407,22.414,22.429,22.445,22.460,22.483,22.506,22.528,22.544,22.559,22.574,22.589,22.604,22.620,22.642,22.658,22.665,22.673,22.688,22.711,22.718,22.711,22.688,22.673,22.680,22.680,22.688,22.696,22.688,22.688,22.680,22.696,22.703,22.703,22.703,22.726,22.726,22.718,22.703,22.718,22.726,22.733,22.726,22.749,22.756,22.764,22.764,22.787,22.794,22.809,22.862,22.999,23.210,23.459,23.753,24.090,24.494,24.940,25.429,25.872,26.268,26.642,26.999,27.312,27.479,27.573,27.631,27.688,27.660,27.631,27.609,27.602,27.558,27.529,27.529,27.515,27.428,27.312,27.166,26.875,26.517,26.173,25.850,25.415,24.888,24.397,23.970,23.580,23.256,23.014,22.862,22.809,22.794,22.779,22.771,22.749,22.749,22.741,22.718,22.696,22.688,22.680,22.665,22.650,22.650,22.642,22.635,22.658,22.665,22.642,22.604,22.589,22.589,22.589,22.589,22.574,22.559,22.544,22.536,22.536,22.544,22.544,22.536,22.528,22.513,22.498,22.483,22.483,22.475,22.475,22.483,22.483,22.490,22.490,22.490,22.483,22.475,22.468,22.460,22.460,22.468,22.468,22.468,22.468,22.468,22.460,22.460,22.445,22.429,22.414,22.391,22.376,22.369,22.361,22.346,22.346,22.346,22.346,22.346,22.346,22.346,22.346,22.346,22.346,22.346,22.346,22.346,22.346,22.346,22.346,22.346,22.338,22.338,22.330,22.315,22.308,22.300,22.292,22.285,22.277,22.277,22.285,22.277,22.270,22.262,22.254,22.239,22.231,22.216,22.209,22.201,22.193,22.186,22.186,22.178,22.178,22.178,22.178,22.170,22.155,22.147,22.140,22.132,22.125,22.132,22.132,22.125,22.102,22.094,22.079,22.056,22.041,22.025,22.010,22.002,21.987,21.987,21.979,21.972,21.956,21.949,21.941,21.934,21.934,21.934,21.934,21.926,21.926,21.918,21.911,21.911,21.911,21.903,21.895,21.888,21.880,21.865,21.857,21.842,21.826,21.811,21.796,21.780,21.757,21.742,21.719,21.696,21.665,21.650,21.635,21.619,21.596,21.581,21.573,21.573,21.573,21.581,21.589,21.612,21.619,21.642,21.658,21.681,21.696,21.719,21.727,21.742,21.757,21.757,21.757,21.773,21.780,21.796,21.811,21.834,21.849,21.865,21.872,21.888,21.895,21.903,21.903,21.903,21.911,21.911,21.911,21.903,21.903,21.903,21.903,21.895,21.903,21.903,21.903,21.911,21.911,21.911,21.911,21.918,21.918,21.918,21.918,21.926,21.926,21.926,21.934,21.934,21.934,21.934,21.934,21.941,21.941,21.949,21.956,21.964,21.964,21.964,21.972,21.987,22.018,22.048,22.071,22.094,22.109,22.109,22.102,22.102,22.102,22.102
,23.173,23.173,23.165,23.165,23.158,23.142,23.142,23.127,23.120,23.105,23.097,23.089,23.074,23.067,23.052,23.037,23.029,23.014,23.014,23.014,23.014,23.014,23.014,23.014,23.014,23.006,23.006,23.006,22.999,22.984,22.976,22.968,22.953,22.931,22.915,22.900,22.878,22.862,22.847,22.840,22.832,22.817,22.802,22.787,22.764,22.749,22.741,22.741,22.733,22.718,22.703,22.688,22.673,22.650,22.612,22.582,22.559,22.544,22.536,22.544,22.551,22.551,22.544,22.528,22.521,22.513,22.513,22.513,22.521,22.513,22.513,22.506,22.506,22.506,22.506,22.506,22.506,22.513,22.513,22.521,22.528,22.536,22.536,22.536,22.544,22.544,22.544,22.544,22.544,22.559,22.566,22.589,22.604,22.627,22.642,22.658,22.673,22.680,22.696,22.696,22.703,22.711,22.718,22.718,22.718,22.718,22.718,22.718,22.711,22.703,22.688,22.680,22.665,22.650,22.642,22.642,22.635,22.620,22.604,22.597,22.582,22.566,22.559,22.551,22.544,22.536,22.521,22.513,22.506,22.498,22.490,22.483,22.483,22.490,22.506,22.528,22.544,22.536,22.528,22.513,22.513,22.513,22.506,22.490,22.483,22.475,22.475,22.475,22.475,22.483,22.483,22.483,22.490,22.506,22.513,22.521,22.536,22.551,22.566,22.582,22.597,22.604,22.612,22.627,22.642,22.665,22.680,22.680,22.680,22.688,22.711,22.718,22.726,22.726,22.711,22.703,22.703,22.703,22.718,22.711,22.703,22.703,22.718,22.726,22.718,22.711,22.726,22.741,22.733,22.711,22.733,22.756,22.756,22.741,22.779,22.802,22.802,22.794,22.840,22.847,22.893,23.014,23.263,23.535,23.835,24.180,24.628,25.052,25.511,25.990,26.400,26.744,27.079,27.391,27.573,27.660,27.725,27.768,27.717,27.667,27.645,27.652,27.587,27.565,27.565,27.565,27.464,27.377,27.246,27.035,26.605,26.254,25.901,25.511,24.992,24.516,24.068,23.663,23.316,23.074,22.893,22.779,22.764,22.771,22.771,22.749,22.749,22.749,22.726,22.688,22.680,22.673,22.658,22.642,22.658,22.635,22.627,22.650,22.665,22.642,22.612,22.589,22.582,22.582,22.589,22.589,22.582,22.566,22.551,22.544,22.544,22.544,22.544,22.536,22.528,22.506,22.498,22.483,22.475,22.475,22.468,22.468,22.468,22.483,22.483,22.483,22.483,22.483,22.475,22.475,22.475,22.468,22.468,22.468,22.460,22.460,22.452,22.445,22.437,22.422,22.414,22.399,22.384,22.376,22.361,22.353,22.346,22.346,22.353,22.353,22.353,22.353,22.353,22.353,22.353,22.346,22.346,22.346,22.346,22.353,22.353,22.353,22.346,22.338,22.330,22.315,22.315,22.300,22.292,22.292,22.285,22.285,22.277,22.277,22.270,22.262,22.254,22.239,22.231,22.224,22.216,22.201,22.193,22.193,22.186,22.186,22.178,22.178,22.178,22.170,22.163,22.155,22.147,22.140,22.140,22.140,22.132,22.125,22.109,22.094,22.079,22.056,22.048,22.033,22.025,22.002,21.995,21.987,21.979,21.972,21.964,21.956,21.949,21.941,21.934,21.934,21.934,21.926,21.926,21.918,21.911,21.911,21.911,21.903,21.895,21.888,21.880,21.865,21.849,21.834,21.826,21.811,21.796,21.773,21.757,21.742,21.719,21.696,21.665,21.650,21.635,21.612,21.596,21.581,21.581,21.581,21.589,21.589,21.604,21.619,21.635,21.650,21.673,21.688,21.704,21.719,21.727,21.742,21.750,21.750,21.757,21.773,21.780,21.796,21.811,21.826,21.849,21.865,21.872,21.888,21.895,21.895,21.903,21.903,21.903,21.903,21.903,21.895,21.895,21.888,21.888,21.888,21.888,21.895,21.895,21.903,21.903,21.903,21.911,21.911,21.911,21.911,21.911,21.918,21.918,21.918,21.926,21.926,21.926,21.926,21.934,21.934,21.934,21.941,21.949,21.956,21.956,21.964,21.972,21.987,22.018,22.048,22.071,22.102,22.102,22.102,22.094,22.094,22.094,22.094
,23.165,23.165,23.158,23.158,23.150,23.142,23.135,23.127,23.120,23.105,23.089,23.074,23.067,23.052,23.044,23.037,23.029,23.014,23.014,23.014,23.014,23.014,23.014,23.006,22.999,22.999,22.999,22.991,22.984,22.976,22.968,22.953,22.946,22.923,22.915,22.900,22.878,22.862,22.847,22.832,22.824,22.802,22.794,22.779,22.771,22.756,22.749,22.741,22.733,22.718,22.703,22.688,22.665,22.635,22.604,22.582,22.559,22.544,22.544,22.551,22.551,22.551,22.544,22.536,22.528,22.513,22.513,22.513,22.521,22.513,22.513,22.513,22.506,22.506,22.506,22.506,22.506,22.513,22.513,22.521,22.528,22.536,22.544,22.551,22.551,22.551,22.551,22.551,22.559,22.566,22.582,22.597,22.620,22.642,22.658,22.673,22.680,22.696,22.703,22.711,22.718,22.718,22.726,22.726,22.726,22.718,22.718,22.718,22.718,22.711,22.703,22.688,22.673,22.658,22.650,22.650,22.650,22.635,22.620,22.604,22.589,22.574,22.566,22.559,22.551,22.544,22.536,22.528,22.521,22.513,22.506,22.506,22.506,22.513,22.536,22.566,22.589,22.582,22.574,22.566,22.559,22.559,22.559,22.559,22.559,22.566,22.566,22.574,22.574,22.574,22.574,22.582,22.582,22.589,22.589,22.589,22.589,22.597,22.604,22.604,22.604,22.604,22.604,22.620,22.635,22.650,22.658,22.665,22.665,22.665,22.688,22.703,22.726,22.733,22.726,22.711,22.711,22.718,22.733,22.726,22.718,22.711,22.718,22.726,22.718,22.711,22.733,22.749,22.741,22.718,22.749,22.779,22.787,22.779,22.802,22.847,22.870,22.885,22.900,22.999,23.142,23.331,23.587,23.925,24.315,24.732,25.185,25.607,26.048,26.488,26.853,27.181,27.442,27.631,27.746,27.826,27.840,27.790,27.710,27.703,27.681,27.631,27.594,27.616,27.587,27.493,27.413,27.319,27.101,26.737,26.349,25.982,25.562,25.081,24.606,24.173,23.768,23.392,23.120,22.953,22.840,22.756,22.764,22.771,22.764,22.749,22.749,22.733,22.711,22.680,22.665,22.650,22.650,22.658,22.635,22.635,22.650,22.665,22.642,22.620,22.604,22.582,22.582,22.582,22.582,22.582,22.574,22.559,22.551,22.544,22.544,22.544,22.536,22.528,22.513,22.498,22.490,22.475,22.468,22.460,22.460,22.460,22.460,22.468,22.475,22.483,22.483,22.483,22.475,22.475,22.475,22.468,22.460,22.460,22.452,22.452,22.445,22.437,22.429,22.422,22.422,22.407,22.399,22.391,22.376,22.369,22.361,22.361,22.353,22.353,22.353,22.353,22.353,22.353,22.353,22.346,22.346,22.346,22.346,22.353,22.353,22.353,22.353,22.338,22.330,22.315,22.315,22.308,22.300,22.292,22.292,22.285,22.277,22.277,22.270,22.270,22.262,22.254,22.239,22.224,22.216,22.201,22.201,22.193,22.193,22.186,22.186,22.186,22.186,22.178,22.170,22.163,22.155,22.140,22.140,22.140,22.132,22.125,22.109,22.094,22.079,22.063,22.048,22.041,22.025,22.010,22.002,21.995,21.987,21.972,21.964,21.956,21.949,21.941,21.941,21.934,21.934,21.926,21.926,21.918,21.911,21.911,21.911,21.903,21.903,21.888,21.880,21.865,21.849,21.834,21.819,21.803,21.788,21.773,21.750,21.734,21.719,21.696,21.673,21.658,21.635,21.619,21.604,21.596,21.589,21.589,21.589,21.604,21.612,21.627,21.642,21.658,21.673,21.688,21.704,21.711,21.727,21.742,21.742,21.750,21.757,21.765,21.780,21.796,21.811,21.826,21.842,21.857,21.865,21.880,21.888,21.895,21.903,21.903,21.903,21.903,21.895,21.895,21.888,21.888,21.880,21.880,21.888,21.888,21.888,21.895,21.903,21.903,21.903,21.903,21.911,21.911,21.911,21.911,21.918,21.918,21.918,21.926,21.926,21.926,21.926,21.934,21.934,21.934,21.941,21.956,21.956,21.964,21.979,21.995,22.018,22.048,22.071,22.094,22.102,22.102,22.094,22.094,22.094,22.094
,23.150,23.150,23.150,23.150,23.142,23.135,23.135,23.127,23.120,23.105,23.082,23.067,23.052,23.037,23.029,23.029,23.029,23.029,23.021,23.014,23.014,23.006,23.006,22.999,22.991,22.984,22.984,22.976,22.968,22.961,22.953,22.938,22.931,22.915,22.908,22.900,22.885,22.870,22.855,22.832,22.817,22.802,22.787,22.779,22.771,22.756,22.749,22.749,22.733,22.718,22.696,22.673,22.650,22.620,22.604,22.589,22.582,22.566,22.559,22.559,22.559,22.551,22.544,22.536,22.528,22.528,22.521,22.521,22.521,22.521,22.521,22.513,22.513,22.506,22.506,22.506,22.513,22.513,22.521,22.528,22.536,22.544,22.551,22.559,22.566,22.566,22.566,22.566,22.566,22.574,22.589,22.612,22.627,22.650,22.665,22.673,22.688,22.696,22.711,22.711,22.718,22.726,22.726,22.726,22.726,22.726,22.726,22.726,22.718,22.711,22.703,22.703,22.688,22.680,22.673,22.673,22.665,22.658,22.635,22.620,22.604,22.589,22.574,22.566,22.559,22.551,22.536,22.536,22.536,22.528,22.528,22.528,22.528,22.536,22.559,22.597,22.620,22.620,22.612,22.597,22.597,22.597,22.597,22.589,22.589,22.589,22.589,22.589,22.589,22.589,22.582,22.566,22.551,22.551,22.544,22.544,22.544,22.544,22.551,22.551,22.551,22.544,22.551,22.559,22.574,22.589,22.597,22.604,22.612,22.627,22.658,22.688,22.711,22.726,22.726,22.711,22.703,22.711,22.726,22.726,22.711,22.696,22.711,22.726,22.718,22.703,22.741,22.756,22.741,22.718,22.749,22.779,22.802,22.817,22.855,22.893,22.931,22.976,23.097,23.263,23.459,23.700,24.030,24.449,24.888,25.333,25.761,26.166,26.561,26.955,27.290,27.522,27.688,27.804,27.912,27.927,27.884,27.804,27.775,27.732,27.688,27.652,27.660,27.623,27.544,27.442,27.370,27.145,26.831,26.466,26.100,25.636,25.148,24.665,24.255,23.850,23.482,23.165,22.991,22.885,22.809,22.771,22.787,22.787,22.771,22.749,22.749,22.726,22.696,22.665,22.658,22.650,22.658,22.673,22.650,22.650,22.650,22.650,22.635,22.620,22.604,22.589,22.582,22.582,22.582,22.574,22.559,22.559,22.551,22.544,22.536,22.536,22.528,22.521,22.506,22.498,22.483,22.475,22.468,22.452,22.452,22.452,22.452,22.460,22.468,22.475,22.483,22.483,22.483,22.475,22.468,22.460,22.452,22.445,22.437,22.437,22.437,22.437,22.429,22.429,22.429,22.422,22.414,22.407,22.399,22.391,22.384,22.376,22.369,22.361,22.353,22.353,22.353,22.353,22.353,22.353,22.353,22.353,22.353,22.361,22.361,22.361,22.353,22.346,22.330,22.323,22.315,22.315,22.308,22.308,22.292,22.292,22.285,22.277,22.277,22.270,22.270,22.262,22.247,22.231,22.216,22.201,22.201,22.201,22.201,22.193,22.193,22.193,22.193,22.186,22.170,22.163,22.155,22.140,22.140,22.140,22.132,22.125,22.109,22.094,22.079,22.063,22.048,22.041,22.033,22.018,22.002,21.987,21.979,21.972,21.964,21.956,21.949,21.941,21.941,21.934,21.926,21.926,21.926,21.918,21.918,21.911,21.911,21.911,21.903,21.888,21.880,21.865,21.849,21.834,21.819,21.803,21.788,21.765,21.750,21.734,21.719,21.704,21.681,21.665,21.650,21.627,21.612,21.604,21.604,21.604,21.604,21.604,21.612,21.627,21.642,21.650,21.665,21.681,21.696,21.711,21.719,21.734,21.742,21.750,21.757,21.773,21.788,21.796,21.811,21.826,21.842,21.857,21.865,21.880,21.888,21.895,21.895,21.903,21.903,21.903,21.895,21.888,21.888,21.888,21.880,21.880,21.880,21.880,21.888,21.888,21.888,21.895,21.895,21.895,21.895,21.903,21.903,21.903,21.903,21.911,21.911,21.911,21.911,21.918,21.918,21.918,21.926,21.934,21.934,21.941,21.956,21.964,21.979,21.995,22.018,22.041,22.063,22.086,22.094,22.094,22.094,22.094,22.094,22.094
,23.150,23.150,23.150,23.150,23.142,23.135,23.135,23.127,23.120,23.105,23.082,23.067,23.044,23.029,23.029,23.037,23.037,23.037,23.037,23.029,23.021,23.014,23.006,22.999,22.991,22.976,22.968,22.968,22.961,22.953,22.938,22.931,22.923,22.908,22.908,22.900,22.893,22.878,22.855,22.840,22.817,22.802,22.787,22.779,22.771,22.764,22.749,22.749,22.741,22.718,22.688,22.665,22.635,22.612,22.604,22.604,22.597,22.597,22.582,22.574,22.566,22.551,22.544,22.536,22.536,22.536,22.528,22.528,22.528,22.521,22.521,22.513,22.513,22.513,22.513,22.513,22.513,22.521,22.521,22.528,22.536,22.544,22.559,22.566,22.574,22.582,22.589,22.582,22.582,22.589,22.604,22.620,22.635,22.658,22.673,22.680,22.696,22.703,22.718,22.718,22.718,22.726,22.726,22.726,22.726,22.726,22.726,22.726,22.718,22.711,22.711,22.711,22.703,22.696,22.688,22.688,22.680,22.673,22.658,22.642,22.620,22.597,22.589,22.574,22.566,22.559,22.551,22.551,22.551,22.551,22.551,22.551,22.559,22.566,22.582,22.612,22.627,22.620,22.612,22.604,22.597,22.597,22.589,22.582,22.566,22.559,22.559,22.551,22.544,22.536,22.528,22.506,22.490,22.490,22.490,22.490,22.490,22.498,22.513,22.513,22.521,22.521,22.528,22.536,22.551,22.559,22.566,22.574,22.582,22.604,22.642,22.673,22.703,22.718,22.718,22.696,22.688,22.696,22.726,22.726,22.703,22.688,22.718,22.733,22.718,22.711,22.756,22.779,22.764,22.749,22.779,22.824,22.862,22.885,22.953,23.006,23.067,23.165,23.399,23.625,23.880,24.173,24.561,25.029,25.503,25.945,26.334,26.700,27.057,27.391,27.652,27.790,27.884,27.963,28.021,27.977,27.905,27.840,27.804,27.739,27.696,27.688,27.674,27.587,27.486,27.384,27.225,26.904,26.554,26.195,25.776,25.244,24.740,24.300,23.933,23.557,23.233,23.006,22.915,22.840,22.794,22.779,22.794,22.787,22.771,22.749,22.733,22.711,22.688,22.658,22.650,22.658,22.665,22.673,22.665,22.658,22.650,22.642,22.635,22.620,22.604,22.597,22.589,22.582,22.574,22.566,22.551,22.551,22.551,22.536,22.536,22.528,22.521,22.513,22.498,22.490,22.483,22.475,22.468,22.452,22.452,22.452,22.452,22.460,22.468,22.468,22.475,22.475,22.475,22.475,22.468,22.452,22.445,22.437,22.429,22.422,22.422,22.422,22.422,22.429,22.429,22.429,22.429,22.422,22.422,22.414,22.399,22.391,22.384,22.369,22.361,22.353,22.353,22.353,22.353,22.353,22.353,22.353,22.361,22.369,22.369,22.369,22.361,22.353,22.338,22.323,22.323,22.323,22.323,22.315,22.300,22.292,22.285,22.277,22.277,22.277,22.277,22.270,22.254,22.239,22.224,22.209,22.201,22.209,22.209,22.201,22.201,22.201,22.201,22.193,22.178,22.170,22.155,22.140,22.140,22.140,22.132,22.125,22.109,22.094,22.079,22.063,22.048,22.041,22.033,22.018,22.002,21.995,21.979,21.972,21.964,21.956,21.949,21.941,21.941,21.934,21.926,21.918,21.918,21.918,21.911,21.911,21.911,21.903,21.903,21.888,21.880,21.865,21.849,21.834,21.819,21.803,21.788,21.773,21.750,21.742,21.727,21.704,21.688,21.673,21.658,21.642,21.627,21.619,21.612,21.612,21.612,21.612,21.619,21.627,21.635,21.650,21.658,21.673,21.688,21.704,21.719,21.734,21.742,21.750,21.765,21.773,21.788,21.803,21.811,21.826,21.842,21.849,21.865,21.872,21.888,21.888,21.895,21.895,21.895,21.895,21.895,21.888,21.888,21.888,21.880,21.880,21.880,21.880,21.880,21.880,21.880,21.888,21.888,21.888,21.888,21.895,21.895,21.895,21.895,21.903,21.903,21.903,21.903,21.911,21.911,21.918,21.918,21.926,21.934,21.934,21.949,21.964,21.979,21.995,22.018,22.041,22.056,22.079,22.086,22.086,22.094,22.094,22.094,22.094
,23.150,23.150,23.150,23.150,23.142,23.135,23.135,23.135,23.127,23.112,23.089,23.067,23.044,23.037,23.037,23.037,23.044,23.052,23.052,23.037,23.029,23.014,23.006,22.999,22.991,22.976,22.968,22.961,22.953,22.946,22.938,22.931,22.923,22.915,22.908,22.908,22.900,22.885,22.862,22.847,22.824,22.802,22.787,22.779,22.771,22.764,22.756,22.756,22.749,22.726,22.688,22.665,22.635,22.612,22.604,22.612,22.620,22.612,22.597,22.582,22.574,22.551,22.551,22.544,22.536,22.536,22.536,22.528,22.528,22.521,22.521,22.513,22.513,22.513,22.513,22.513,22.521,22.521,22.521,22.528,22.536,22.551,22.559,22.574,22.582,22.597,22.597,22.604,22.604,22.612,22.627,22.635,22.650,22.665,22.680,22.688,22.696,22.711,22.718,22.726,22.726,22.733,22.733,22.733,22.733,22.733,22.733,22.726,22.718,22.703,22.703,22.703,22.703,22.703,22.696,22.696,22.688,22.680,22.665,22.650,22.635,22.612,22.597,22.582,22.574,22.566,22.566,22.566,22.566,22.574,22.574,22.574,22.574,22.589,22.597,22.604,22.604,22.597,22.597,22.589,22.582,22.582,22.566,22.544,22.528,22.513,22.506,22.498,22.490,22.483,22.475,22.475,22.475,22.475,22.483,22.490,22.498,22.513,22.528,22.544,22.559,22.559,22.566,22.582,22.589,22.589,22.597,22.597,22.612,22.627,22.658,22.688,22.711,22.718,22.711,22.696,22.688,22.688,22.733,22.741,22.718,22.696,22.741,22.756,22.749,22.741,22.794,22.832,22.832,22.824,22.878,22.946,22.991,23.037,23.135,23.226,23.324,23.467,23.798,24.083,24.382,24.725,25.155,25.643,26.114,26.539,26.883,27.203,27.507,27.782,27.927,27.985,28.049,28.114,28.057,27.985,27.934,27.898,27.797,27.732,27.717,27.725,27.623,27.515,27.413,27.283,26.970,26.627,26.276,25.901,25.370,24.821,24.352,23.970,23.632,23.293,23.044,22.908,22.862,22.824,22.794,22.787,22.794,22.779,22.764,22.741,22.718,22.696,22.673,22.658,22.658,22.665,22.673,22.673,22.665,22.665,22.658,22.642,22.635,22.620,22.612,22.597,22.589,22.574,22.566,22.559,22.551,22.551,22.544,22.536,22.536,22.528,22.521,22.506,22.498,22.490,22.483,22.475,22.468,22.452,22.452,22.452,22.452,22.452,22.460,22.468,22.468,22.475,22.475,22.468,22.460,22.445,22.429,22.422,22.407,22.407,22.407,22.407,22.407,22.414,22.414,22.422,22.429,22.437,22.437,22.437,22.422,22.414,22.399,22.391,22.376,22.369,22.353,22.353,22.353,22.353,22.361,22.361,22.369,22.369,22.376,22.376,22.369,22.353,22.346,22.330,22.330,22.330,22.323,22.315,22.308,22.292,22.285,22.277,22.277,22.277,22.285,22.277,22.262,22.247,22.231,22.216,22.209,22.209,22.216,22.209,22.209,22.209,22.201,22.193,22.186,22.170,22.163,22.147,22.140,22.140,22.132,22.125,22.109,22.094,22.079,22.063,22.056,22.048,22.033,22.018,22.010,21.995,21.987,21.972,21.964,21.956,21.956,21.941,21.941,21.934,21.926,21.918,21.918,21.918,21.911,21.911,21.911,21.903,21.895,21.888,21.880,21.865,21.849,21.834,21.819,21.803,21.796,21.773,21.757,21.742,21.734,21.711,21.696,21.681,21.673,21.658,21.642,21.635,21.627,21.627,21.627,21.627,21.627,21.635,21.642,21.642,21.658,21.673,21.688,21.704,21.719,21.734,21.742,21.757,21.765,21.780,21.788,21.803,21.811,21.826,21.834,21.849,21.857,21.872,21.880,21.888,21.888,21.888,21.888,21.888,21.888,21.888,21.888,21.880,21.880,21.872,21.872,21.872,21.872,21.872,21.872,21.880,21.880,21.888,21.888,21.888,21.888,21.895,21.895,21.895,21.895,21.895,21.895,21.903,21.911,21.918,21.918,21.918,21.926,21.934,21.949,21.964,21.979,21.995,22.018,22.033,22.048,22.071,22.079,22.086,22.094,22.102,22.102,22.102
,23.158,23.158,23.158,23.158,23.150,23.135,23.135,23.135,23.135,23.120,23.097,23.074,23.059,23.044,23.037,23.044,23.052,23.052,23.052,23.044,23.037,23.021,23.014,23.006,22.999,22.984,22.976,22.976,22.968,22.953,22.946,22.938,22.931,22.915,22.915,22.908,22.908,22.893,22.878,22.855,22.832,22.809,22.802,22.794,22.787,22.771,22.764,22.764,22.749,22.733,22.703,22.673,22.642,22.620,22.612,22.620,22.620,22.620,22.612,22.589,22.574,22.559,22.551,22.544,22.536,22.536,22.528,22.521,22.521,22.521,22.513,22.513,22.513,22.513,22.513,22.513,22.513,22.521,22.521,22.528,22.536,22.551,22.559,22.566,22.582,22.597,22.604,22.612,22.627,22.642,22.650,22.650,22.658,22.665,22.680,22.696,22.703,22.718,22.726,22.726,22.726,22.733,22.733,22.733,22.733,22.733,22.733,22.718,22.696,22.658,22.658,22.658,22.665,22.673,22.665,22.665,22.658,22.658,22.642,22.635,22.620,22.597,22.574,22.566,22.559,22.566,22.566,22.566,22.566,22.574,22.574,22.582,22.589,22.597,22.597,22.604,22.604,22.604,22.604,22.604,22.604,22.612,22.597,22.582,22.566,22.559,22.566,22.574,22.589,22.604,22.627,22.658,22.673,22.688,22.696,22.696,22.703,22.711,22.726,22.733,22.741,22.741,22.733,22.726,22.718,22.718,22.703,22.696,22.696,22.703,22.718,22.733,22.749,22.749,22.733,22.718,22.718,22.733,22.771,22.771,22.749,22.741,22.787,22.809,22.824,22.824,22.900,22.968,23.006,23.021,23.112,23.203,23.286,23.376,23.482,23.587,23.723,23.918,24.277,24.606,24.948,25.318,25.747,26.217,26.656,27.043,27.326,27.609,27.847,28.021,28.078,28.129,28.150,28.129,28.042,28.013,27.963,27.884,27.790,27.768,27.732,27.652,27.529,27.450,27.290,27.014,26.664,26.356,25.975,25.488,24.903,24.419,24.030,23.700,23.346,23.089,22.931,22.862,22.817,22.802,22.794,22.779,22.779,22.764,22.741,22.718,22.696,22.680,22.665,22.658,22.665,22.658,22.658,22.665,22.665,22.658,22.650,22.642,22.635,22.627,22.612,22.597,22.589,22.574,22.566,22.559,22.559,22.551,22.551,22.544,22.536,22.521,22.513,22.498,22.498,22.490,22.490,22.483,22.475,22.468,22.460,22.452,22.452,22.452,22.460,22.460,22.468,22.468,22.468,22.460,22.452,22.437,22.422,22.407,22.391,22.384,22.376,22.376,22.384,22.391,22.399,22.414,22.429,22.445,22.452,22.460,22.452,22.437,22.422,22.414,22.391,22.376,22.369,22.353,22.353,22.353,22.361,22.369,22.369,22.376,22.376,22.376,22.376,22.361,22.353,22.338,22.330,22.330,22.330,22.323,22.315,22.300,22.292,22.277,22.277,22.285,22.285,22.285,22.270,22.254,22.239,22.224,22.216,22.216,22.216,22.209,22.209,22.209,22.209,22.201,22.193,22.178,22.163,22.147,22.147,22.140,22.140,22.132,22.117,22.102,22.079,22.063,22.056,22.048,22.041,22.025,22.018,22.002,21.995,21.979,21.972,21.956,21.949,21.941,21.941,21.934,21.926,21.918,21.918,21.918,21.911,21.911,21.911,21.903,21.895,21.888,21.880,21.865,21.849,21.834,21.826,21.811,21.796,21.780,21.765,21.750,21.742,21.727,21.704,21.688,21.681,21.665,21.658,21.650,21.642,21.642,21.635,21.635,21.642,21.642,21.642,21.650,21.658,21.673,21.681,21.696,21.711,21.727,21.742,21.757,21.765,21.780,21.788,21.796,21.803,21.811,21.826,21.842,21.849,21.865,21.872,21.880,21.880,21.880,21.888,21.888,21.888,21.888,21.888,21.880,21.880,21.872,21.872,21.872,21.872,21.872,21.872,21.880,21.880,21.888,21.888,21.888,21.888,21.895,21.895,21.895,21.895,21.895,21.895,21.903,21.911,21.918,21.918,21.918,21.926,21.934,21.949,21.964,21.979,22.002,22.018,22.033,22.041,22.056,22.079,22.094,22.109,22.109,22.117,22.117
,23.180,23.173,23.173,23.165,23.150,23.142,23.142,23.142,23.135,23.127,23.105,23.089,23.074,23.059,23.052,23.052,23.052,23.052,23.052,23.044,23.037,23.029,23.021,23.014,23.006,22.999,22.991,22.984,22.976,22.968,22.953,22.946,22.938,22.931,22.923,22.915,22.908,22.900,22.885,22.862,22.840,22.824,22.809,22.802,22.794,22.787,22.771,22.771,22.756,22.741,22.711,22.680,22.658,22.635,22.627,22.627,22.627,22.620,22.604,22.597,22.582,22.566,22.551,22.536,22.528,22.521,22.513,22.513,22.506,22.506,22.506,22.506,22.506,22.506,22.506,22.506,22.506,22.513,22.521,22.528,22.536,22.544,22.559,22.566,22.574,22.589,22.612,22.627,22.650,22.665,22.665,22.658,22.658,22.658,22.673,22.688,22.703,22.718,22.726,22.726,22.726,22.733,22.733,22.733,22.733,22.733,22.733,22.718,22.680,22.620,22.612,22.620,22.627,22.635,22.627,22.627,22.620,22.620,22.612,22.612,22.604,22.589,22.574,22.574,22.574,22.574,22.582,22.582,22.582,22.589,22.597,22.604,22.612,22.627,22.627,22.635,22.635,22.642,22.650,22.658,22.658,22.658,22.650,22.642,22.627,22.627,22.627,22.635,22.642,22.658,22.688,22.711,22.733,22.741,22.741,22.741,22.741,22.749,22.756,22.756,22.756,22.741,22.726,22.711,22.703,22.696,22.680,22.673,22.673,22.688,22.711,22.733,22.756,22.764,22.749,22.733,22.733,22.756,22.802,22.809,22.802,22.802,22.870,22.923,22.953,22.991,23.097,23.188,23.256,23.324,23.437,23.542,23.648,23.753,23.865,23.985,24.143,24.359,24.740,25.118,25.481,25.857,26.283,26.722,27.101,27.413,27.667,27.891,28.042,28.136,28.201,28.215,28.179,28.107,28.086,28.049,27.977,27.891,27.833,27.768,27.674,27.573,27.479,27.312,27.050,26.715,26.415,26.041,25.570,25.015,24.494,24.098,23.745,23.414,23.112,22.968,22.878,22.809,22.794,22.802,22.802,22.787,22.771,22.749,22.726,22.696,22.680,22.673,22.665,22.665,22.665,22.658,22.650,22.650,22.650,22.650,22.650,22.642,22.635,22.620,22.612,22.597,22.589,22.582,22.574,22.559,22.559,22.559,22.551,22.544,22.536,22.521,22.506,22.498,22.498,22.498,22.490,22.490,22.483,22.475,22.468,22.468,22.460,22.460,22.452,22.452,22.460,22.460,22.460,22.452,22.445,22.429,22.414,22.391,22.376,22.361,22.353,22.353,22.361,22.369,22.384,22.407,22.429,22.452,22.468,22.475,22.475,22.468,22.445,22.429,22.414,22.391,22.376,22.361,22.361,22.361,22.369,22.369,22.376,22.384,22.384,22.384,22.376,22.369,22.361,22.353,22.338,22.338,22.330,22.323,22.315,22.300,22.292,22.285,22.285,22.292,22.292,22.285,22.270,22.254,22.239,22.231,22.224,22.224,22.216,22.216,22.216,22.216,22.209,22.201,22.193,22.178,22.170,22.155,22.147,22.147,22.147,22.140,22.125,22.102,22.086,22.063,22.056,22.048,22.041,22.033,22.018,22.010,21.995,21.979,21.972,21.956,21.949,21.941,21.934,21.934,21.926,21.926,21.926,21.918,21.911,21.903,21.903,21.903,21.895,21.888,21.880,21.865,21.849,21.834,21.826,21.819,21.803,21.788,21.773,21.757,21.750,21.734,21.711,21.688,21.681,21.665,21.658,21.650,21.650,21.650,21.642,21.642,21.650,21.650,21.650,21.658,21.665,21.673,21.681,21.696,21.704,21.719,21.742,21.757,21.765,21.780,21.788,21.788,21.796,21.803,21.819,21.834,21.849,21.857,21.865,21.865,21.865,21.872,21.880,21.880,21.880,21.888,21.888,21.880,21.880,21.872,21.872,21.872,21.872,21.872,21.872,21.880,21.880,21.888,21.888,21.888,21.888,21.895,21.895,21.895,21.895,21.895,21.903,21.911,21.918,21.926,21.926,21.926,21.926,21.934,21.949,21.964,21.979,22.002,22.018,22.025,22.041,22.056,22.079,22.102,22.117,22.125,22.132,22.132
,23.195,23.195,23.188,23.173,23.165,23.150,23.142,23.150,23.142,23.135,23.120,23.105,23.097,23.074,23.067,23.059,23.059,23.059,23.052,23.044,23.044,23.037,23.037,23.029,23.021,23.014,23.006,22.999,22.991,22.976,22.968,22.961,22.953,22.938,22.931,22.931,22.915,22.908,22.885,22.870,22.855,22.832,22.824,22.817,22.809,22.794,22.787,22.779,22.764,22.749,22.726,22.696,22.673,22.650,22.642,22.635,22.635,22.627,22.612,22.604,22.589,22.574,22.559,22.544,22.528,22.521,22.513,22.506,22.506,22.506,22.506,22.506,22.506,22.506,22.506,22.506,22.506,22.513,22.521,22.528,22.536,22.544,22.559,22.566,22.574,22.589,22.620,22.642,22.665,22.688,22.688,22.673,22.658,22.658,22.673,22.688,22.703,22.718,22.726,22.726,22.733,22.733,22.741,22.741,22.741,22.741,22.741,22.733,22.696,22.642,22.635,22.642,22.650,22.650,22.650,22.642,22.642,22.642,22.642,22.642,22.635,22.635,22.627,22.627,22.627,22.635,22.635,22.635,22.627,22.627,22.635,22.650,22.665,22.680,22.680,22.680,22.680,22.680,22.696,22.696,22.688,22.680,22.680,22.665,22.650,22.635,22.627,22.620,22.612,22.612,22.627,22.642,22.658,22.665,22.665,22.658,22.658,22.658,22.665,22.673,22.673,22.658,22.642,22.635,22.635,22.627,22.627,22.627,22.642,22.673,22.703,22.741,22.771,22.787,22.771,22.764,22.771,22.802,22.862,22.893,22.900,22.923,23.021,23.097,23.158,23.218,23.354,23.459,23.557,23.663,23.790,23.910,24.030,24.158,24.277,24.412,24.583,24.814,25.215,25.614,25.997,26.364,26.766,27.145,27.464,27.725,27.912,28.049,28.158,28.222,28.266,28.230,28.179,28.129,28.122,28.071,28.006,27.941,27.862,27.746,27.623,27.507,27.377,27.101,26.773,26.430,26.114,25.651,25.118,24.568,24.143,23.798,23.459,23.158,22.984,22.900,22.832,22.779,22.802,22.817,22.809,22.779,22.764,22.741,22.718,22.688,22.680,22.673,22.673,22.673,22.665,22.658,22.650,22.642,22.642,22.642,22.642,22.642,22.635,22.620,22.604,22.597,22.589,22.582,22.574,22.566,22.559,22.559,22.551,22.544,22.536,22.521,22.506,22.498,22.498,22.498,22.498,22.498,22.490,22.490,22.483,22.475,22.468,22.460,22.460,22.452,22.452,22.460,22.460,22.452,22.437,22.429,22.414,22.391,22.369,22.353,22.338,22.330,22.338,22.346,22.361,22.384,22.414,22.445,22.475,22.490,22.490,22.483,22.468,22.452,22.429,22.407,22.384,22.369,22.361,22.369,22.369,22.376,22.384,22.391,22.391,22.391,22.384,22.376,22.369,22.361,22.353,22.338,22.330,22.323,22.315,22.308,22.300,22.292,22.292,22.300,22.300,22.292,22.277,22.262,22.254,22.239,22.231,22.231,22.224,22.224,22.216,22.216,22.216,22.209,22.201,22.186,22.170,22.163,22.155,22.155,22.155,22.147,22.125,22.109,22.086,22.071,22.056,22.056,22.048,22.041,22.025,22.010,22.002,21.987,21.972,21.964,21.949,21.941,21.934,21.934,21.934,21.926,21.926,21.918,21.911,21.903,21.903,21.895,21.895,21.888,21.872,21.865,21.849,21.834,21.826,21.819,21.811,21.796,21.780,21.773,21.757,21.742,21.719,21.696,21.681,21.673,21.658,21.658,21.658,21.658,21.650,21.650,21.658,21.658,21.658,21.665,21.665,21.681,21.681,21.696,21.704,21.719,21.734,21.750,21.765,21.780,21.780,21.780,21.788,21.796,21.811,21.826,21.842,21.849,21.857,21.857,21.857,21.865,21.872,21.872,21.880,21.880,21.880,21.880,21.880,21.872,21.872,21.872,21.872,21.872,21.872,21.880,21.880,21.888,21.888,21.888,21.895,21.895,21.895,21.888,21.888,21.895,21.903,21.918,21.926,21.934,21.934,21.934,21.934,21.934,21.949,21.964,21.987,22.002,22.018,22.025,22.033,22.056,22.079,22.102,22.125,22.140,22.140,22.140
,23.210,23.210,23.203,23.195,23.180,23.173,23.158,23.158,23.150,23.150,23.135,23.127,23.112,23.097,23.082,23.074,23.067,23.067,23.059,23.059,23.052,23.052,23.052,23.044,23.037,23.029,23.021,23.014,23.006,22.999,22.984,22.976,22.968,22.961,22.946,22.938,22.931,22.915,22.893,22.885,22.870,22.855,22.840,22.832,22.824,22.809,22.794,22.787,22.779,22.756,22.733,22.711,22.688,22.673,22.658,22.650,22.642,22.635,22.620,22.612,22.604,22.597,22.574,22.559,22.544,22.528,22.513,22.513,22.513,22.506,22.506,22.506,22.513,22.513,22.513,22.513,22.513,22.521,22.528,22.536,22.544,22.551,22.566,22.566,22.582,22.597,22.627,22.665,22.688,22.703,22.703,22.680,22.673,22.665,22.688,22.703,22.718,22.733,22.741,22.749,22.749,22.749,22.756,22.764,22.771,22.771,22.779,22.771,22.749,22.718,22.711,22.718,22.726,22.733,22.733,22.733,22.733,22.733,22.741,22.741,22.741,22.733,22.726,22.726,22.726,22.726,22.718,22.711,22.696,22.688,22.696,22.711,22.718,22.733,22.733,22.726,22.718,22.718,22.726,22.718,22.703,22.688,22.680,22.658,22.627,22.604,22.582,22.559,22.544,22.521,22.521,22.536,22.544,22.544,22.551,22.551,22.551,22.559,22.574,22.589,22.589,22.589,22.589,22.589,22.597,22.612,22.627,22.642,22.673,22.703,22.756,22.794,22.832,22.855,22.840,22.832,22.847,22.893,22.984,23.029,23.067,23.112,23.256,23.354,23.429,23.520,23.663,23.783,23.903,24.030,24.180,24.322,24.457,24.598,24.740,24.888,25.067,25.304,25.710,26.100,26.474,26.824,27.174,27.471,27.739,27.956,28.049,28.122,28.208,28.294,28.273,28.208,28.179,28.186,28.143,28.093,28.057,28.006,27.862,27.703,27.573,27.450,27.188,26.817,26.466,26.144,25.732,25.178,24.643,24.173,23.850,23.505,23.195,22.976,22.946,22.855,22.787,22.779,22.824,22.824,22.802,22.771,22.764,22.733,22.703,22.680,22.680,22.680,22.680,22.673,22.658,22.650,22.642,22.635,22.635,22.642,22.642,22.635,22.635,22.620,22.604,22.589,22.589,22.582,22.574,22.566,22.559,22.559,22.551,22.544,22.536,22.521,22.513,22.506,22.506,22.506,22.513,22.513,22.506,22.498,22.498,22.490,22.483,22.475,22.468,22.460,22.460,22.468,22.468,22.460,22.445,22.445,22.429,22.399,22.369,22.346,22.323,22.308,22.300,22.308,22.323,22.353,22.384,22.429,22.460,22.490,22.498,22.498,22.483,22.468,22.445,22.422,22.391,22.376,22.369,22.369,22.376,22.384,22.391,22.391,22.399,22.399,22.399,22.384,22.376,22.369,22.361,22.346,22.338,22.323,22.315,22.315,22.308,22.308,22.308,22.308,22.300,22.292,22.285,22.270,22.262,22.254,22.247,22.239,22.231,22.231,22.224,22.224,22.224,22.224,22.209,22.193,22.186,22.170,22.170,22.170,22.163,22.147,22.132,22.117,22.094,22.071,22.063,22.056,22.048,22.041,22.025,22.018,22.010,21.987,21.979,21.964,21.956,21.941,21.934,21.934,21.926,21.926,21.926,21.918,21.911,21.895,21.895,21.895,21.888,21.880,21.872,21.857,21.849,21.834,21.834,21.826,21.819,21.803,21.788,21.780,21.773,21.750,21.727,21.711,21.696,21.681,21.673,21.673,21.673,21.673,21.665,21.665,21.665,21.673,21.673,21.673,21.673,21.681,21.681,21.688,21.704,21.719,21.734,21.750,21.765,21.780,21.780,21.780,21.780,21.788,21.803,21.819,21.834,21.849,21.849,21.849,21.849,21.849,21.857,21.865,21.872,21.872,21.872,21.872,21.872,21.872,21.872,21.872,21.872,21.872,21.872,21.872,21.880,21.880,21.880,21.888,21.888,21.888,21.888,21.888,21.888,21.895,21.903,21.918,21.926,21.934,21.934,21.934,21.934,21.941,21.949,21.964,21.987,22.002,22.010,22.018,22.025,22.048,22.079,22.109,22.132,22.147,22.147,22.147
,23.226,23.218,23.210,23.210,23.195,23.188,23.173,23.173,23.165,23.158,23.150,23.135,23.120,23.112,23.097,23.097,23.082,23.074,23.067,23.067,23.067,23.067,23.059,23.059,23.052,23.044,23.037,23.037,23.029,23.021,23.006,22.999,22.991,22.976,22.961,22.961,22.946,22.931,22.915,22.893,22.878,22.862,22.855,22.847,22.840,22.824,22.809,22.802,22.787,22.771,22.749,22.726,22.711,22.688,22.673,22.665,22.658,22.650,22.635,22.635,22.627,22.620,22.597,22.582,22.566,22.551,22.536,22.528,22.528,22.528,22.521,22.521,22.528,22.528,22.528,22.528,22.536,22.536,22.544,22.551,22.559,22.566,22.574,22.582,22.589,22.612,22.642,22.673,22.696,22.711,22.711,22.696,22.688,22.688,22.711,22.726,22.741,22.756,22.764,22.764,22.764,22.771,22.787,22.802,22.817,22.817,22.832,22.832,22.824,22.817,22.809,22.809,22.817,22.824,22.824,22.832,22.840,22.847,22.855,22.862,22.855,22.847,22.847,22.840,22.840,22.832,22.809,22.787,22.764,22.749,22.749,22.756,22.749,22.749,22.741,22.733,22.741,22.741,22.749,22.741,22.733,22.726,22.711,22.703,22.696,22.688,22.680,22.673,22.665,22.665,22.680,22.711,22.741,22.771,22.779,22.787,22.802,22.809,22.832,22.855,22.862,22.862,22.862,22.878,22.885,22.900,22.915,22.931,22.946,22.961,22.991,23.014,23.037,23.052,23.037,23.029,23.052,23.120,23.226,23.286,23.346,23.422,23.572,23.685,23.790,23.903,24.045,24.180,24.330,24.486,24.643,24.814,24.977,25.148,25.296,25.437,25.614,25.842,26.210,26.554,26.861,27.137,27.421,27.667,27.869,27.999,28.049,28.143,28.230,28.273,28.230,28.208,28.201,28.186,28.143,28.150,28.107,28.006,27.833,27.681,27.507,27.268,26.890,26.532,26.158,25.747,25.222,24.688,24.232,23.873,23.535,23.218,23.037,22.968,22.878,22.809,22.794,22.817,22.824,22.802,22.787,22.764,22.741,22.711,22.696,22.680,22.680,22.673,22.665,22.658,22.650,22.642,22.635,22.627,22.635,22.635,22.642,22.635,22.627,22.612,22.597,22.589,22.582,22.574,22.566,22.559,22.559,22.559,22.551,22.544,22.536,22.528,22.521,22.513,22.513,22.513,22.513,22.513,22.513,22.513,22.513,22.506,22.498,22.490,22.490,22.483,22.490,22.490,22.490,22.490,22.483,22.475,22.460,22.429,22.384,22.346,22.300,22.270,22.247,22.239,22.247,22.270,22.315,22.361,22.414,22.460,22.483,22.490,22.490,22.483,22.468,22.437,22.414,22.391,22.376,22.384,22.391,22.391,22.391,22.399,22.407,22.407,22.399,22.399,22.391,22.376,22.369,22.353,22.338,22.323,22.323,22.315,22.315,22.315,22.308,22.308,22.308,22.300,22.292,22.277,22.270,22.254,22.254,22.247,22.239,22.231,22.231,22.239,22.239,22.231,22.224,22.201,22.193,22.178,22.170,22.170,22.170,22.163,22.147,22.125,22.102,22.086,22.071,22.063,22.056,22.041,22.033,22.025,22.010,21.995,21.987,21.972,21.956,21.941,21.941,21.934,21.926,21.926,21.918,21.911,21.903,21.895,21.895,21.888,21.880,21.872,21.865,21.857,21.849,21.834,21.834,21.826,21.819,21.811,21.803,21.796,21.780,21.765,21.742,21.719,21.704,21.688,21.681,21.673,21.673,21.673,21.673,21.673,21.681,21.681,21.673,21.673,21.673,21.681,21.681,21.696,21.704,21.719,21.734,21.750,21.773,21.780,21.780,21.780,21.780,21.780,21.796,21.819,21.834,21.849,21.849,21.842,21.842,21.842,21.849,21.857,21.865,21.872,21.872,21.872,21.872,21.872,21.872,21.872,21.872,21.872,21.872,21.872,21.880,21.880,21.880,21.880,21.888,21.888,21.888,21.888,21.888,21.895,21.895,21.911,21.918,21.934,21.934,21.934,21.934,21.941,21.949,21.964,21.987,22.002,22.002,22.010,22.018,22.033,22.071,22.102,22.125,22.140,22.147,22.147
,23.226,23.226,23.226,23.226,23.218,23.203,23.195,23.188,23.180,23.165,23.150,23.142,23.135,23.127,23.112,23.105,23.097,23.089,23.089,23.082,23.082,23.082,23.074,23.067,23.059,23.059,23.052,23.052,23.052,23.044,23.029,23.021,23.014,22.999,22.984,22.976,22.961,22.946,22.923,22.908,22.893,22.870,22.855,22.855,22.840,22.832,22.817,22.809,22.802,22.779,22.756,22.733,22.718,22.703,22.688,22.680,22.673,22.665,22.658,22.650,22.650,22.635,22.620,22.604,22.589,22.574,22.559,22.559,22.551,22.551,22.544,22.544,22.544,22.544,22.544,22.551,22.551,22.559,22.566,22.574,22.582,22.589,22.597,22.604,22.612,22.627,22.658,22.680,22.703,22.718,22.718,22.711,22.711,22.718,22.749,22.764,22.771,22.779,22.787,22.787,22.787,22.794,22.809,22.817,22.824,22.832,22.847,22.855,22.862,22.862,22.855,22.862,22.862,22.862,22.862,22.870,22.878,22.878,22.885,22.885,22.878,22.862,22.862,22.855,22.855,22.847,22.817,22.794,22.779,22.764,22.764,22.771,22.771,22.764,22.756,22.764,22.779,22.794,22.809,22.824,22.832,22.840,22.840,22.855,22.870,22.878,22.885,22.885,22.893,22.908,22.938,22.961,22.991,23.021,23.029,23.044,23.052,23.067,23.074,23.089,23.089,23.089,23.082,23.089,23.105,23.127,23.142,23.158,23.173,23.203,23.233,23.256,23.278,23.293,23.286,23.293,23.346,23.429,23.542,23.632,23.715,23.813,23.963,24.098,24.232,24.382,24.539,24.695,24.859,25.037,25.222,25.407,25.592,25.761,25.901,26.026,26.166,26.349,26.634,26.875,27.079,27.268,27.500,27.696,27.826,27.912,27.999,28.114,28.201,28.230,28.230,28.230,28.208,28.186,28.201,28.179,28.100,27.963,27.797,27.587,27.326,26.999,26.605,26.210,25.769,25.267,24.732,24.292,23.910,23.565,23.233,23.082,22.984,22.908,22.824,22.817,22.824,22.824,22.809,22.802,22.787,22.756,22.726,22.711,22.696,22.680,22.665,22.658,22.650,22.650,22.642,22.635,22.627,22.627,22.627,22.635,22.635,22.635,22.620,22.612,22.597,22.582,22.574,22.566,22.566,22.559,22.551,22.551,22.551,22.544,22.536,22.536,22.528,22.528,22.521,22.521,22.521,22.521,22.528,22.528,22.528,22.521,22.521,22.513,22.513,22.513,22.521,22.521,22.528,22.528,22.528,22.521,22.498,22.460,22.407,22.346,22.285,22.231,22.193,22.170,22.170,22.186,22.231,22.292,22.353,22.414,22.452,22.475,22.483,22.483,22.468,22.445,22.422,22.407,22.399,22.399,22.399,22.399,22.399,22.407,22.414,22.414,22.407,22.407,22.391,22.376,22.369,22.353,22.346,22.330,22.323,22.330,22.330,22.323,22.323,22.323,22.315,22.308,22.292,22.285,22.270,22.262,22.254,22.254,22.247,22.247,22.247,22.247,22.247,22.247,22.231,22.216,22.201,22.186,22.178,22.186,22.178,22.170,22.155,22.132,22.109,22.094,22.079,22.071,22.056,22.041,22.033,22.025,22.018,22.002,21.987,21.979,21.964,21.949,21.941,21.934,21.926,21.918,21.911,21.903,21.903,21.895,21.888,21.880,21.872,21.865,21.857,21.849,21.842,21.834,21.834,21.826,21.826,21.811,21.803,21.803,21.788,21.773,21.750,21.734,21.719,21.696,21.681,21.681,21.681,21.681,21.681,21.681,21.688,21.688,21.681,21.681,21.681,21.681,21.688,21.696,21.704,21.727,21.742,21.757,21.773,21.788,21.788,21.780,21.780,21.780,21.796,21.811,21.834,21.849,21.849,21.842,21.842,21.842,21.842,21.849,21.857,21.865,21.865,21.865,21.865,21.865,21.865,21.865,21.872,21.872,21.872,21.872,21.872,21.872,21.872,21.880,21.880,21.880,21.880,21.880,21.880,21.888,21.895,21.903,21.918,21.926,21.926,21.926,21.926,21.941,21.949,21.964,21.979,21.995,22.002,22.002,22.010,22.033,22.063,22.086,22.109,22.125,22.132,22.132
,23.233,23.233,23.233,23.233,23.233,23.218,23.210,23.203,23.188,23.173,23.158,23.150,23.135,23.127,23.120,23.112,23.112,23.105,23.097,23.097,23.097,23.089,23.082,23.074,23.074,23.067,23.067,23.067,23.067,23.059,23.044,23.037,23.029,23.014,22.999,22.991,22.976,22.953,22.938,22.915,22.900,22.885,22.870,22.862,22.855,22.840,22.832,22.817,22.809,22.787,22.764,22.749,22.726,22.711,22.703,22.696,22.688,22.680,22.673,22.673,22.665,22.650,22.642,22.627,22.612,22.597,22.589,22.582,22.582,22.574,22.566,22.566,22.566,22.566,22.566,22.566,22.574,22.582,22.589,22.589,22.597,22.604,22.620,22.627,22.635,22.650,22.673,22.688,22.703,22.718,22.733,22.741,22.749,22.756,22.787,22.794,22.794,22.794,22.802,22.809,22.809,22.817,22.824,22.832,22.840,22.847,22.862,22.878,22.885,22.885,22.878,22.878,22.878,22.870,22.870,22.870,22.878,22.878,22.878,22.878,22.870,22.862,22.862,22.862,22.855,22.847,22.832,22.817,22.802,22.794,22.809,22.817,22.817,22.817,22.824,22.832,22.855,22.870,22.900,22.915,22.931,22.946,22.968,22.999,23.014,23.029,23.059,23.067,23.082,23.105,23.135,23.158,23.180,23.195,23.203,23.218,23.226,23.233,23.241,23.248,23.248,23.241,23.241,23.263,23.286,23.316,23.346,23.361,23.392,23.437,23.482,23.527,23.557,23.580,23.580,23.602,23.670,23.775,23.903,24.015,24.120,24.240,24.397,24.553,24.717,24.888,25.067,25.230,25.400,25.592,25.783,25.960,26.136,26.290,26.408,26.488,26.583,26.700,26.883,27.021,27.145,27.268,27.471,27.609,27.710,27.797,27.891,28.028,28.136,28.201,28.215,28.215,28.208,28.215,28.215,28.158,28.049,27.891,27.696,27.406,27.072,26.693,26.290,25.842,25.326,24.777,24.322,23.955,23.602,23.278,23.067,22.999,22.931,22.847,22.824,22.840,22.840,22.824,22.817,22.817,22.787,22.749,22.726,22.726,22.711,22.680,22.658,22.642,22.642,22.642,22.642,22.635,22.627,22.627,22.627,22.627,22.627,22.627,22.612,22.604,22.589,22.574,22.566,22.566,22.559,22.551,22.551,22.551,22.544,22.544,22.544,22.536,22.536,22.536,22.528,22.528,22.528,22.528,22.528,22.536,22.536,22.536,22.536,22.528,22.528,22.528,22.536,22.551,22.551,22.559,22.559,22.551,22.536,22.490,22.422,22.361,22.292,22.224,22.170,22.140,22.132,22.140,22.178,22.247,22.315,22.376,22.422,22.452,22.475,22.483,22.475,22.452,22.429,22.414,22.407,22.407,22.407,22.407,22.407,22.414,22.422,22.422,22.414,22.407,22.399,22.384,22.369,22.353,22.346,22.338,22.330,22.338,22.338,22.330,22.330,22.330,22.330,22.323,22.308,22.292,22.285,22.270,22.262,22.262,22.254,22.254,22.262,22.262,22.262,22.254,22.247,22.224,22.209,22.193,22.186,22.193,22.186,22.178,22.163,22.140,22.125,22.102,22.086,22.071,22.063,22.048,22.033,22.025,22.018,22.010,21.987,21.979,21.972,21.964,21.941,21.934,21.926,21.911,21.903,21.903,21.895,21.888,21.880,21.872,21.865,21.857,21.849,21.849,21.842,21.834,21.834,21.834,21.826,21.819,21.811,21.803,21.796,21.780,21.765,21.742,21.727,21.711,21.696,21.688,21.688,21.681,21.681,21.688,21.688,21.696,21.688,21.688,21.688,21.688,21.696,21.704,21.711,21.727,21.742,21.757,21.773,21.788,21.788,21.780,21.780,21.780,21.796,21.811,21.826,21.842,21.842,21.842,21.834,21.834,21.842,21.849,21.849,21.857,21.857,21.857,21.857,21.857,21.857,21.865,21.865,21.865,21.865,21.865,21.865,21.865,21.865,21.872,21.872,21.872,21.872,21.880,21.880,21.888,21.895,21.903,21.911,21.918,21.918,21.918,21.926,21.941,21.949,21.964,21.979,21.995,22.002,22.002,22.002,22.025,22.056,22.079,22.102,22.117,22.125,22.125
,23.241,23.241,23.241,23.241,23.241,23.226,23.226,23.210,23.195,23.180,23.165,23.150,23.142,23.127,23.127,23.120,23.120,23.112,23.112,23.105,23.097,23.089,23.082,23.082,23.074,23.067,23.067,23.067,23.067,23.059,23.052,23.044,23.037,23.021,23.006,22.991,22.976,22.961,22.946,22.931,22.908,22.893,22.878,22.870,22.862,22.847,22.840,22.824,22.809,22.794,22.771,22.756,22.741,22.726,22.711,22.703,22.696,22.696,22.688,22.688,22.680,22.665,22.658,22.642,22.635,22.620,22.612,22.604,22.597,22.597,22.589,22.582,22.582,22.589,22.589,22.589,22.589,22.604,22.612,22.612,22.620,22.627,22.642,22.650,22.658,22.665,22.688,22.703,22.718,22.733,22.749,22.771,22.787,22.802,22.817,22.824,22.824,22.817,22.824,22.832,22.840,22.840,22.847,22.855,22.862,22.870,22.885,22.893,22.900,22.893,22.878,22.870,22.862,22.862,22.862,22.862,22.862,22.862,22.870,22.878,22.870,22.862,22.878,22.885,22.885,22.878,22.878,22.870,22.870,22.870,22.893,22.908,22.915,22.915,22.938,22.953,22.968,22.984,23.006,23.021,23.037,23.059,23.097,23.120,23.127,23.142,23.188,23.210,23.233,23.248,23.278,23.301,23.316,23.324,23.339,23.346,23.354,23.369,23.376,23.384,23.384,23.384,23.407,23.437,23.474,23.520,23.565,23.602,23.648,23.700,23.783,23.850,23.895,23.910,23.918,23.955,24.030,24.150,24.292,24.419,24.546,24.680,24.851,25.029,25.215,25.407,25.584,25.739,25.909,26.092,26.261,26.422,26.569,26.693,26.751,26.788,26.824,26.875,26.941,26.999,27.072,27.174,27.355,27.457,27.558,27.660,27.754,27.905,28.049,28.158,28.158,28.165,28.208,28.251,28.179,28.086,27.956,27.782,27.507,27.145,26.751,26.356,25.945,25.407,24.851,24.337,23.993,23.648,23.324,23.067,23.029,22.938,22.862,22.824,22.870,22.862,22.847,22.824,22.832,22.824,22.794,22.756,22.749,22.741,22.726,22.703,22.658,22.650,22.650,22.642,22.642,22.635,22.627,22.620,22.620,22.627,22.627,22.620,22.612,22.597,22.582,22.566,22.566,22.566,22.559,22.551,22.551,22.551,22.544,22.544,22.544,22.544,22.544,22.544,22.544,22.536,22.536,22.536,22.536,22.536,22.544,22.544,22.544,22.536,22.536,22.536,22.551,22.559,22.559,22.566,22.566,22.566,22.551,22.513,22.445,22.384,22.315,22.254,22.193,22.155,22.140,22.147,22.186,22.247,22.308,22.369,22.414,22.445,22.468,22.475,22.475,22.460,22.437,22.414,22.414,22.414,22.414,22.414,22.414,22.422,22.422,22.422,22.422,22.407,22.399,22.384,22.369,22.353,22.346,22.338,22.338,22.338,22.346,22.346,22.346,22.338,22.330,22.330,22.315,22.300,22.292,22.285,22.277,22.270,22.270,22.270,22.277,22.277,22.277,22.270,22.254,22.231,22.216,22.201,22.193,22.193,22.193,22.178,22.170,22.155,22.132,22.109,22.094,22.079,22.071,22.048,22.033,22.025,22.018,22.010,21.995,21.987,21.979,21.964,21.949,21.934,21.926,21.911,21.903,21.895,21.895,21.880,21.872,21.865,21.857,21.849,21.849,21.842,21.842,21.842,21.842,21.842,21.834,21.826,21.819,21.811,21.803,21.788,21.773,21.757,21.742,21.719,21.704,21.696,21.696,21.696,21.696,21.696,21.696,21.704,21.704,21.696,21.696,21.696,21.704,21.704,21.711,21.727,21.742,21.757,21.773,21.780,21.780,21.780,21.780,21.780,21.796,21.811,21.826,21.834,21.834,21.834,21.826,21.834,21.834,21.842,21.842,21.849,21.849,21.849,21.849,21.857,21.857,21.857,21.865,21.865,21.865,21.865,21.857,21.857,21.857,21.857,21.865,21.872,21.872,21.872,21.880,21.888,21.888,21.895,21.903,21.911,21.911,21.918,21.926,21.941,21.949,21.964,21.979,21.995,21.995,22.002,22.002,22.018,22.048,22.079,22.102,22.117,22.117,22.125
,23.241,23.241,23.241,23.241,23.233,23.226,23.218,23.203,23.188,23.173,23.158,23.142,23.135,23.127,23.120,23.120,23.112,23.112,23.105,23.097,23.089,23.082,23.074,23.067,23.059,23.059,23.052,23.052,23.052,23.052,23.044,23.037,23.021,23.006,22.991,22.984,22.968,22.946,22.938,22.923,22.908,22.893,22.885,22.878,22.878,22.862,22.847,22.832,22.817,22.794,22.779,22.764,22.749,22.733,22.726,22.718,22.711,22.696,22.696,22.688,22.688,22.673,22.665,22.658,22.642,22.627,22.620,22.612,22.604,22.597,22.597,22.589,22.589,22.589,22.589,22.597,22.604,22.612,22.620,22.627,22.635,22.642,22.658,22.665,22.673,22.688,22.703,22.711,22.726,22.749,22.771,22.794,22.817,22.832,22.840,22.847,22.847,22.840,22.847,22.855,22.862,22.870,22.885,22.885,22.893,22.900,22.915,22.923,22.915,22.908,22.893,22.893,22.878,22.870,22.878,22.885,22.885,22.893,22.908,22.923,22.931,22.938,22.961,22.976,22.984,22.991,22.984,22.991,22.991,23.006,23.014,23.029,23.044,23.059,23.067,23.089,23.120,23.142,23.165,23.180,23.218,23.256,23.286,23.309,23.331,23.361,23.399,23.429,23.459,23.489,23.527,23.565,23.602,23.632,23.663,23.685,23.708,23.730,23.753,23.760,23.760,23.768,23.790,23.828,23.873,23.933,23.978,24.023,24.083,24.150,24.240,24.315,24.359,24.374,24.382,24.419,24.501,24.613,24.740,24.873,25.007,25.148,25.318,25.503,25.688,25.879,26.041,26.180,26.320,26.466,26.605,26.722,26.817,26.883,26.904,26.890,26.875,26.868,26.890,26.926,26.977,27.057,27.239,27.362,27.450,27.522,27.645,27.840,27.977,28.028,28.057,28.143,28.186,28.172,28.093,27.977,27.804,27.558,27.203,26.795,26.400,26.004,25.488,24.896,24.397,24.015,23.693,23.354,23.127,23.029,22.953,22.870,22.847,22.878,22.878,22.862,22.847,22.840,22.840,22.824,22.794,22.764,22.749,22.733,22.726,22.703,22.658,22.650,22.650,22.642,22.642,22.627,22.620,22.620,22.620,22.620,22.620,22.612,22.604,22.589,22.582,22.566,22.566,22.566,22.559,22.551,22.551,22.551,22.544,22.544,22.544,22.544,22.544,22.544,22.544,22.536,22.536,22.536,22.536,22.536,22.544,22.544,22.536,22.528,22.521,22.521,22.521,22.528,22.536,22.536,22.544,22.544,22.536,22.513,22.468,22.422,22.376,22.330,22.285,22.262,22.247,22.254,22.277,22.315,22.361,22.399,22.429,22.452,22.460,22.475,22.468,22.452,22.429,22.414,22.414,22.414,22.414,22.414,22.414,22.414,22.422,22.422,22.414,22.399,22.391,22.376,22.369,22.361,22.353,22.338,22.338,22.346,22.346,22.346,22.346,22.346,22.346,22.338,22.330,22.308,22.300,22.285,22.285,22.277,22.277,22.277,22.285,22.292,22.292,22.285,22.270,22.247,22.224,22.209,22.201,22.201,22.201,22.186,22.178,22.163,22.147,22.125,22.109,22.086,22.071,22.056,22.041,22.033,22.025,22.010,22.002,21.995,21.979,21.964,21.949,21.934,21.926,21.911,21.903,21.895,21.888,21.872,21.865,21.857,21.849,21.849,21.842,21.842,21.842,21.842,21.842,21.842,21.842,21.834,21.834,21.826,21.819,21.803,21.788,21.765,21.750,21.734,21.719,21.711,21.711,21.704,21.704,21.704,21.704,21.704,21.704,21.696,21.696,21.704,21.704,21.711,21.719,21.734,21.742,21.757,21.765,21.780,21.780,21.780,21.780,21.788,21.796,21.811,21.819,21.826,21.826,21.826,21.826,21.826,21.834,21.834,21.842,21.849,21.849,21.849,21.849,21.857,21.857,21.857,21.865,21.865,21.865,21.865,21.857,21.857,21.857,21.857,21.865,21.865,21.872,21.872,21.880,21.888,21.888,21.895,21.895,21.903,21.911,21.926,21.934,21.949,21.956,21.964,21.972,21.987,21.995,22.002,22.010,22.025,22.056,22.079,22.102,22.117,22.117,22.125
,23.233,23.233,23.233,23.226,23.226,23.210,23.203,23.188,23.180,23.165,23.150,23.135,23.120,23.112,23.105,23.105,23.097,23.097,23.089,23.082,23.067,23.059,23.052,23.044,23.044,23.037,23.029,23.029,23.029,23.021,23.021,23.014,22.999,22.991,22.976,22.961,22.946,22.931,22.923,22.915,22.908,22.893,22.885,22.885,22.878,22.870,22.847,22.832,22.817,22.794,22.779,22.764,22.756,22.741,22.726,22.718,22.711,22.696,22.688,22.688,22.680,22.673,22.665,22.650,22.642,22.627,22.620,22.604,22.604,22.597,22.589,22.589,22.589,22.597,22.597,22.597,22.604,22.612,22.620,22.635,22.642,22.650,22.665,22.673,22.688,22.703,22.718,22.726,22.733,22.756,22.779,22.802,22.824,22.840,22.847,22.855,22.862,22.862,22.878,22.893,22.900,22.908,22.915,22.923,22.931,22.938,22.946,22.953,22.953,22.946,22.938,22.938,22.931,22.923,22.931,22.938,22.946,22.953,22.976,22.991,23.006,23.029,23.059,23.082,23.097,23.097,23.105,23.135,23.165,23.188,23.210,23.218,23.241,23.271,23.301,23.331,23.369,23.399,23.414,23.444,23.489,23.557,23.602,23.640,23.670,23.708,23.760,23.805,23.850,23.895,23.940,23.985,24.023,24.053,24.075,24.105,24.128,24.158,24.180,24.195,24.203,24.217,24.240,24.285,24.345,24.412,24.464,24.509,24.553,24.621,24.702,24.762,24.799,24.814,24.814,24.859,24.940,25.067,25.193,25.311,25.437,25.584,25.747,25.923,26.107,26.290,26.452,26.561,26.664,26.759,26.839,26.904,26.955,26.977,26.955,26.919,26.883,26.861,26.875,26.904,26.963,27.050,27.232,27.348,27.428,27.507,27.638,27.826,27.934,27.963,28.006,28.086,28.122,28.086,27.985,27.797,27.551,27.225,26.831,26.437,26.012,25.533,24.948,24.457,24.053,23.715,23.384,23.173,23.044,22.968,22.878,22.862,22.870,22.885,22.878,22.862,22.847,22.840,22.832,22.809,22.779,22.741,22.718,22.718,22.711,22.688,22.665,22.658,22.650,22.650,22.642,22.635,22.627,22.620,22.620,22.620,22.620,22.612,22.604,22.589,22.582,22.566,22.566,22.566,22.559,22.559,22.551,22.551,22.544,22.544,22.544,22.544,22.544,22.536,22.536,22.528,22.528,22.521,22.521,22.528,22.528,22.521,22.513,22.506,22.498,22.490,22.483,22.483,22.490,22.490,22.498,22.498,22.498,22.498,22.483,22.468,22.445,22.429,22.407,22.399,22.391,22.391,22.407,22.422,22.437,22.452,22.460,22.468,22.468,22.460,22.445,22.437,22.422,22.407,22.399,22.407,22.407,22.407,22.407,22.414,22.414,22.414,22.399,22.391,22.384,22.376,22.369,22.361,22.353,22.346,22.346,22.346,22.353,22.353,22.353,22.353,22.353,22.346,22.330,22.315,22.308,22.300,22.292,22.292,22.292,22.292,22.300,22.300,22.300,22.292,22.277,22.254,22.231,22.209,22.201,22.201,22.201,22.193,22.178,22.170,22.155,22.132,22.117,22.094,22.079,22.056,22.041,22.041,22.025,22.018,22.002,21.995,21.979,21.964,21.949,21.941,21.926,21.911,21.903,21.895,21.888,21.872,21.865,21.849,21.849,21.842,21.842,21.842,21.842,21.842,21.842,21.849,21.849,21.849,21.842,21.834,21.826,21.811,21.796,21.773,21.757,21.742,21.727,21.727,21.719,21.719,21.711,21.711,21.711,21.704,21.704,21.704,21.704,21.704,21.711,21.719,21.727,21.734,21.742,21.750,21.757,21.765,21.780,21.780,21.788,21.796,21.803,21.811,21.811,21.819,21.819,21.819,21.819,21.826,21.826,21.834,21.834,21.842,21.842,21.849,21.849,21.857,21.857,21.857,21.865,21.865,21.865,21.857,21.857,21.857,21.857,21.857,21.865,21.865,21.865,21.880,21.888,21.888,21.888,21.888,21.888,21.895,21.911,21.926,21.934,21.949,21.956,21.964,21.972,21.987,21.995,22.002,22.010,22.033,22.063,22.086,22.102,22.117,22.125,22.125
,23.233,23.226,23.226,23.218,23.210,23.203,23.188,23.180,23.173,23.158,23.142,23.120,23.105,23.097,23.089,23.089,23.089,23.082,23.074,23.067,23.059,23.052,23.037,23.037,23.029,23.021,23.014,23.014,23.006,23.006,22.999,22.991,22.984,22.968,22.961,22.946,22.931,22.923,22.908,22.908,22.900,22.893,22.893,22.893,22.885,22.870,22.847,22.832,22.817,22.794,22.779,22.771,22.756,22.749,22.733,22.718,22.711,22.703,22.688,22.688,22.680,22.673,22.665,22.650,22.642,22.635,22.620,22.612,22.604,22.597,22.589,22.589,22.597,22.597,22.597,22.604,22.612,22.620,22.627,22.642,22.650,22.665,22.680,22.688,22.703,22.718,22.733,22.733,22.749,22.764,22.787,22.809,22.832,22.847,22.855,22.870,22.878,22.893,22.908,22.915,22.931,22.938,22.946,22.953,22.961,22.968,22.976,22.984,22.984,22.976,22.984,22.984,22.976,22.976,22.991,22.999,23.006,23.021,23.052,23.074,23.097,23.127,23.173,23.218,23.233,23.233,23.271,23.331,23.384,23.422,23.459,23.474,23.505,23.542,23.602,23.655,23.693,23.723,23.745,23.783,23.843,23.925,24.000,24.045,24.090,24.143,24.210,24.270,24.322,24.367,24.419,24.457,24.486,24.509,24.524,24.539,24.561,24.591,24.613,24.628,24.643,24.665,24.702,24.762,24.836,24.918,24.985,25.029,25.074,25.141,25.207,25.267,25.296,25.311,25.318,25.363,25.451,25.570,25.695,25.798,25.916,26.041,26.173,26.327,26.488,26.649,26.788,26.875,26.941,26.992,27.021,27.035,27.035,27.028,26.977,26.926,26.890,26.868,26.883,26.919,26.977,27.065,27.239,27.341,27.413,27.493,27.623,27.797,27.891,27.905,27.920,27.985,28.013,27.970,27.797,27.522,27.203,26.839,26.437,26.012,25.533,25.000,24.464,24.083,23.738,23.422,23.173,23.074,22.991,22.908,22.855,22.878,22.893,22.885,22.870,22.855,22.840,22.832,22.817,22.794,22.764,22.718,22.696,22.696,22.696,22.680,22.665,22.658,22.658,22.650,22.642,22.635,22.627,22.612,22.612,22.612,22.612,22.612,22.597,22.589,22.582,22.566,22.566,22.566,22.566,22.559,22.559,22.551,22.544,22.544,22.544,22.544,22.536,22.536,22.536,22.528,22.521,22.513,22.513,22.521,22.513,22.506,22.498,22.483,22.475,22.460,22.452,22.452,22.452,22.452,22.460,22.460,22.475,22.483,22.490,22.498,22.506,22.513,22.521,22.521,22.521,22.521,22.521,22.513,22.506,22.498,22.483,22.475,22.460,22.445,22.429,22.422,22.407,22.399,22.391,22.399,22.399,22.407,22.407,22.407,22.407,22.407,22.399,22.391,22.384,22.369,22.369,22.361,22.361,22.353,22.353,22.353,22.353,22.353,22.353,22.353,22.353,22.353,22.338,22.323,22.315,22.308,22.300,22.300,22.300,22.300,22.308,22.315,22.315,22.308,22.285,22.262,22.239,22.216,22.209,22.209,22.209,22.201,22.186,22.178,22.163,22.147,22.125,22.102,22.079,22.063,22.048,22.041,22.033,22.025,22.010,21.995,21.979,21.964,21.949,21.941,21.926,21.911,21.903,21.895,21.880,21.872,21.857,21.849,21.842,21.834,21.834,21.834,21.842,21.842,21.849,21.857,21.857,21.857,21.849,21.842,21.826,21.811,21.796,21.780,21.765,21.750,21.734,21.734,21.734,21.727,21.719,21.711,21.711,21.704,21.704,21.711,21.711,21.711,21.719,21.727,21.727,21.734,21.734,21.742,21.750,21.757,21.773,21.780,21.796,21.803,21.803,21.803,21.803,21.811,21.811,21.811,21.819,21.819,21.819,21.826,21.834,21.834,21.842,21.842,21.849,21.857,21.857,21.857,21.857,21.857,21.857,21.857,21.857,21.857,21.857,21.857,21.857,21.865,21.865,21.880,21.888,21.895,21.895,21.888,21.888,21.895,21.911,21.926,21.941,21.956,21.964,21.964,21.972,21.987,21.995,22.002,22.018,22.041,22.063,22.086,22.109,22.125,22.125,22.132
,23.233,23.226,23.226,23.210,23.203,23.188,23.180,23.180,23.173,23.150,23.135,23.120,23.105,23.089,23.082,23.082,23.082,23.082,23.067,23.059,23.052,23.044,23.037,23.029,23.021,23.006,23.006,23.006,22.999,22.991,22.984,22.984,22.976,22.961,22.946,22.931,22.923,22.915,22.908,22.908,22.900,22.893,22.893,22.893,22.885,22.870,22.855,22.840,22.817,22.802,22.787,22.779,22.764,22.749,22.741,22.726,22.718,22.703,22.696,22.688,22.680,22.680,22.665,22.658,22.650,22.635,22.627,22.620,22.612,22.604,22.597,22.604,22.604,22.612,22.612,22.620,22.627,22.635,22.650,22.658,22.673,22.680,22.703,22.711,22.726,22.741,22.756,22.756,22.764,22.771,22.794,22.824,22.847,22.855,22.878,22.885,22.900,22.915,22.931,22.946,22.961,22.961,22.976,22.976,22.976,22.984,22.999,23.006,23.006,22.999,23.014,23.021,23.021,23.021,23.052,23.059,23.074,23.097,23.142,23.180,23.203,23.233,23.309,23.376,23.407,23.414,23.497,23.587,23.655,23.700,23.768,23.790,23.820,23.873,23.970,24.045,24.083,24.105,24.158,24.203,24.270,24.359,24.464,24.516,24.568,24.628,24.725,24.792,24.844,24.888,24.926,24.955,24.977,24.992,24.992,25.000,25.015,25.044,25.074,25.089,25.111,25.133,25.193,25.267,25.355,25.451,25.533,25.592,25.651,25.710,25.776,25.835,25.872,25.887,25.901,25.953,26.026,26.136,26.239,26.342,26.437,26.517,26.598,26.700,26.824,26.948,27.043,27.101,27.145,27.159,27.145,27.116,27.086,27.050,26.992,26.934,26.897,26.875,26.897,26.934,26.992,27.079,27.232,27.312,27.377,27.442,27.565,27.732,27.819,27.826,27.797,27.840,27.862,27.804,27.515,27.152,26.780,26.408,26.012,25.525,24.985,24.449,24.083,23.775,23.459,23.165,23.082,23.029,22.953,22.870,22.893,22.900,22.893,22.885,22.878,22.855,22.832,22.817,22.809,22.802,22.764,22.711,22.688,22.680,22.680,22.673,22.665,22.665,22.658,22.650,22.642,22.627,22.620,22.612,22.612,22.612,22.612,22.604,22.597,22.589,22.582,22.566,22.566,22.559,22.566,22.559,22.559,22.551,22.544,22.544,22.544,22.544,22.536,22.536,22.536,22.528,22.521,22.513,22.513,22.506,22.506,22.498,22.483,22.468,22.460,22.452,22.437,22.429,22.429,22.429,22.437,22.445,22.460,22.475,22.498,22.528,22.551,22.574,22.597,22.604,22.612,22.604,22.597,22.574,22.551,22.528,22.498,22.475,22.460,22.437,22.422,22.407,22.399,22.391,22.391,22.391,22.399,22.407,22.407,22.407,22.407,22.407,22.399,22.391,22.384,22.376,22.369,22.369,22.361,22.361,22.353,22.353,22.361,22.361,22.361,22.361,22.353,22.353,22.346,22.330,22.323,22.315,22.308,22.308,22.315,22.315,22.315,22.315,22.315,22.308,22.292,22.270,22.247,22.231,22.216,22.216,22.209,22.201,22.193,22.186,22.170,22.155,22.132,22.109,22.086,22.063,22.048,22.048,22.041,22.025,22.010,21.995,21.987,21.964,21.956,21.941,21.926,21.911,21.903,21.888,21.880,21.865,21.857,21.842,21.834,21.834,21.834,21.834,21.834,21.842,21.849,21.857,21.865,21.857,21.857,21.842,21.826,21.811,21.796,21.780,21.765,21.757,21.750,21.750,21.742,21.734,21.727,21.719,21.711,21.711,21.711,21.711,21.719,21.727,21.727,21.727,21.734,21.734,21.734,21.742,21.742,21.757,21.765,21.780,21.796,21.811,21.811,21.803,21.796,21.796,21.803,21.803,21.811,21.819,21.819,21.826,21.826,21.834,21.834,21.842,21.849,21.849,21.849,21.857,21.857,21.857,21.857,21.857,21.857,21.857,21.857,21.857,21.857,21.865,21.865,21.880,21.888,21.895,21.895,21.888,21.888,21.895,21.911,21.926,21.941,21.956,21.964,21.972,21.972,21.987,21.995,22.010,22.025,22.041,22.071,22.094,22.109,22.125,22.125,22.125
,23.233,23.233,23.226,23.210,23.203,23.188,23.188,23.180,23.180,23.165,23.150,23.127,23.112,23.097,23.089,23.089,23.089,23.089,23.082,23.074,23.067,23.052,23.044,23.037,23.029,23.014,23.006,23.006,22.999,22.984,22.984,22.984,22.976,22.961,22.953,22.938,22.931,22.915,22.915,22.908,22.900,22.893,22.893,22.893,22.885,22.870,22.862,22.847,22.832,22.817,22.802,22.787,22.771,22.756,22.749,22.733,22.726,22.711,22.703,22.703,22.696,22.688,22.680,22.665,22.658,22.642,22.635,22.627,22.627,22.620,22.612,22.620,22.627,22.627,22.627,22.635,22.642,22.650,22.665,22.673,22.688,22.703,22.726,22.733,22.749,22.764,22.779,22.779,22.779,22.794,22.817,22.847,22.870,22.878,22.893,22.908,22.923,22.946,22.961,22.976,22.984,22.991,22.991,22.999,22.999,23.006,23.014,23.021,23.029,23.029,23.037,23.052,23.059,23.074,23.089,23.112,23.142,23.180,23.233,23.286,23.339,23.384,23.489,23.587,23.648,23.693,23.768,23.880,23.985,24.068,24.120,24.143,24.203,24.300,24.389,24.471,24.539,24.583,24.621,24.665,24.740,24.836,24.940,25.007,25.081,25.163,25.259,25.333,25.392,25.444,25.481,25.511,25.533,25.555,25.562,25.570,25.599,25.636,25.680,25.710,25.739,25.769,25.820,25.894,25.975,26.063,26.144,26.202,26.261,26.327,26.393,26.452,26.488,26.517,26.532,26.569,26.642,26.729,26.817,26.883,26.926,26.948,26.970,27.006,27.057,27.108,27.152,27.174,27.181,27.166,27.145,27.108,27.072,27.035,26.985,26.941,26.912,26.897,26.904,26.926,26.970,27.035,27.159,27.217,27.268,27.319,27.442,27.631,27.696,27.645,27.623,27.681,27.652,27.479,27.101,26.715,26.342,25.953,25.474,24.926,24.442,24.068,23.798,23.467,23.218,23.089,23.082,22.984,22.931,22.923,22.923,22.908,22.900,22.900,22.885,22.862,22.832,22.817,22.832,22.832,22.787,22.726,22.688,22.680,22.673,22.665,22.665,22.665,22.658,22.650,22.642,22.627,22.620,22.612,22.604,22.604,22.604,22.597,22.589,22.582,22.574,22.566,22.559,22.559,22.566,22.559,22.559,22.551,22.544,22.544,22.544,22.544,22.536,22.536,22.536,22.528,22.521,22.513,22.513,22.506,22.498,22.490,22.483,22.475,22.468,22.460,22.452,22.452,22.445,22.445,22.452,22.460,22.468,22.490,22.513,22.536,22.559,22.582,22.604,22.620,22.620,22.612,22.597,22.574,22.544,22.513,22.483,22.468,22.452,22.429,22.414,22.407,22.399,22.391,22.391,22.391,22.399,22.407,22.407,22.407,22.407,22.407,22.407,22.399,22.391,22.384,22.376,22.376,22.369,22.361,22.361,22.353,22.361,22.361,22.361,22.361,22.353,22.346,22.346,22.330,22.323,22.315,22.315,22.315,22.315,22.315,22.315,22.323,22.323,22.315,22.300,22.277,22.254,22.239,22.231,22.224,22.224,22.209,22.201,22.186,22.170,22.147,22.125,22.102,22.079,22.063,22.048,22.048,22.041,22.033,22.018,22.002,21.987,21.972,21.956,21.941,21.926,21.911,21.895,21.888,21.880,21.865,21.849,21.842,21.834,21.834,21.834,21.834,21.834,21.842,21.849,21.857,21.865,21.857,21.857,21.842,21.826,21.811,21.796,21.780,21.773,21.757,21.757,21.750,21.750,21.750,21.734,21.719,21.711,21.711,21.711,21.719,21.727,21.727,21.727,21.734,21.734,21.734,21.734,21.742,21.742,21.750,21.765,21.780,21.796,21.811,21.811,21.796,21.788,21.788,21.796,21.803,21.811,21.819,21.819,21.826,21.826,21.826,21.834,21.842,21.849,21.849,21.849,21.857,21.857,21.857,21.857,21.857,21.857,21.857,21.857,21.857,21.857,21.865,21.865,21.872,21.880,21.895,21.895,21.888,21.895,21.903,21.911,21.926,21.941,21.956,21.964,21.972,21.979,21.995,22.002,22.010,22.025,22.041,22.071,22.086,22.102,22.117,22.125,22.125
,23.241,23.241,23.226,23.218,23.203,23.195,23.188,23.188,23.188,23.173,23.165,23.150,23.127,23.112,23.112,23.105,23.105,23.105,23.097,23.082,23.074,23.067,23.059,23.044,23.037,23.029,23.014,23.006,23.006,22.999,22.984,22.984,22.976,22.968,22.961,22.953,22.946,22.931,22.923,22.915,22.908,22.893,22.893,22.885,22.878,22.870,22.862,22.855,22.847,22.832,22.809,22.794,22.779,22.756,22.749,22.741,22.733,22.726,22.711,22.711,22.703,22.696,22.680,22.673,22.658,22.650,22.642,22.635,22.635,22.635,22.627,22.635,22.635,22.642,22.642,22.650,22.658,22.665,22.680,22.688,22.703,22.718,22.733,22.749,22.764,22.787,22.802,22.802,22.809,22.817,22.847,22.878,22.893,22.908,22.923,22.946,22.961,22.976,22.991,23.006,23.014,23.021,23.021,23.021,23.029,23.044,23.052,23.059,23.067,23.067,23.074,23.097,23.120,23.150,23.180,23.210,23.256,23.324,23.407,23.482,23.557,23.640,23.775,23.903,23.993,24.045,24.135,24.270,24.389,24.486,24.546,24.583,24.650,24.762,24.866,24.963,25.044,25.111,25.155,25.207,25.296,25.415,25.525,25.599,25.680,25.769,25.864,25.938,25.997,26.041,26.078,26.114,26.136,26.158,26.166,26.180,26.202,26.246,26.290,26.327,26.356,26.386,26.437,26.496,26.569,26.642,26.715,26.766,26.817,26.875,26.934,26.977,27.014,27.035,27.050,27.086,27.137,27.203,27.268,27.297,27.290,27.268,27.239,27.225,27.217,27.225,27.217,27.203,27.181,27.159,27.137,27.116,27.079,27.050,27.014,26.985,26.963,26.948,26.948,26.948,26.970,27.014,27.094,27.137,27.166,27.203,27.312,27.457,27.500,27.442,27.391,27.391,27.290,27.035,26.634,26.239,25.828,25.385,24.873,24.419,24.053,23.775,23.467,23.241,23.120,23.082,23.014,22.968,22.953,22.961,22.931,22.915,22.908,22.900,22.885,22.847,22.824,22.824,22.840,22.832,22.794,22.718,22.688,22.673,22.673,22.665,22.658,22.658,22.658,22.650,22.635,22.627,22.612,22.604,22.604,22.604,22.604,22.597,22.589,22.574,22.566,22.559,22.551,22.559,22.559,22.559,22.559,22.551,22.544,22.544,22.544,22.544,22.536,22.536,22.536,22.528,22.521,22.513,22.506,22.498,22.498,22.490,22.483,22.483,22.483,22.483,22.483,22.475,22.475,22.483,22.483,22.483,22.490,22.498,22.513,22.528,22.536,22.551,22.566,22.574,22.582,22.574,22.559,22.536,22.513,22.490,22.468,22.460,22.445,22.429,22.414,22.414,22.407,22.399,22.399,22.399,22.399,22.407,22.407,22.414,22.414,22.422,22.414,22.414,22.407,22.399,22.391,22.384,22.376,22.361,22.361,22.361,22.361,22.353,22.353,22.353,22.353,22.346,22.338,22.330,22.330,22.323,22.323,22.323,22.323,22.323,22.323,22.323,22.323,22.315,22.300,22.277,22.262,22.247,22.239,22.239,22.231,22.216,22.201,22.186,22.163,22.140,22.117,22.094,22.079,22.063,22.048,22.048,22.041,22.033,22.018,22.002,21.987,21.972,21.956,21.941,21.926,21.911,21.895,21.888,21.880,21.865,21.849,21.842,21.834,21.834,21.834,21.834,21.834,21.842,21.849,21.857,21.857,21.857,21.849,21.834,21.819,21.811,21.788,21.780,21.773,21.757,21.757,21.757,21.757,21.750,21.734,21.727,21.719,21.711,21.711,21.719,21.727,21.734,21.734,21.734,21.742,21.742,21.742,21.742,21.742,21.742,21.765,21.780,21.796,21.803,21.803,21.788,21.780,21.773,21.788,21.803,21.811,21.826,21.826,21.819,21.819,21.826,21.834,21.842,21.842,21.849,21.849,21.857,21.857,21.857,21.857,21.857,21.857,21.857,21.857,21.857,21.857,21.865,21.865,21.872,21.880,21.888,21.888,21.895,21.903,21.911,21.918,21.926,21.941,21.956,21.964,21.972,21.979,21.995,22.002,22.018,22.025,22.041,22.063,22.086,22.102,22.117,22.117,22.117
,23.248,23.248,23.233,23.226,23.210,23.203,23.195,23.195,23.195,23.188,23.180,23.165,23.150,23.135,23.127,23.120,23.120,23.112,23.105,23.097,23.089,23.082,23.074,23.059,23.052,23.037,23.029,23.021,23.014,23.006,22.999,22.991,22.984,22.976,22.968,22.968,22.961,22.946,22.938,22.923,22.908,22.900,22.893,22.885,22.878,22.862,22.862,22.862,22.855,22.847,22.824,22.802,22.779,22.764,22.749,22.741,22.741,22.733,22.718,22.718,22.711,22.703,22.688,22.680,22.665,22.658,22.650,22.642,22.642,22.650,22.642,22.642,22.650,22.658,22.665,22.665,22.673,22.680,22.696,22.703,22.718,22.733,22.756,22.764,22.787,22.802,22.824,22.824,22.832,22.847,22.870,22.900,22.923,22.938,22.953,22.976,22.991,23.006,23.021,23.029,23.044,23.052,23.059,23.059,23.074,23.089,23.105,23.120,23.120,23.120,23.142,23.180,23.210,23.256,23.316,23.369,23.437,23.527,23.648,23.760,23.865,23.978,24.158,24.315,24.412,24.471,24.568,24.717,24.859,24.970,25.044,25.104,25.185,25.304,25.415,25.533,25.629,25.710,25.761,25.820,25.909,26.026,26.144,26.224,26.298,26.371,26.459,26.525,26.576,26.613,26.642,26.664,26.693,26.707,26.707,26.722,26.744,26.780,26.824,26.853,26.883,26.919,26.963,27.021,27.094,27.166,27.232,27.283,27.326,27.377,27.421,27.464,27.486,27.500,27.493,27.507,27.536,27.573,27.609,27.602,27.565,27.515,27.457,27.421,27.384,27.355,27.319,27.275,27.239,27.210,27.188,27.166,27.137,27.101,27.072,27.057,27.035,27.021,27.014,26.999,26.999,27.014,27.072,27.086,27.094,27.108,27.174,27.275,27.290,27.210,27.108,27.028,26.853,26.554,26.136,25.717,25.267,24.807,24.352,24.015,23.723,23.467,23.210,23.127,23.082,23.044,22.976,22.976,22.984,22.968,22.931,22.908,22.900,22.893,22.870,22.832,22.817,22.817,22.824,22.809,22.764,22.711,22.673,22.665,22.665,22.658,22.650,22.650,22.650,22.650,22.635,22.620,22.604,22.597,22.597,22.597,22.597,22.597,22.582,22.574,22.559,22.551,22.551,22.551,22.551,22.551,22.551,22.551,22.544,22.544,22.544,22.544,22.544,22.536,22.536,22.528,22.521,22.513,22.506,22.498,22.490,22.490,22.490,22.498,22.498,22.498,22.506,22.506,22.506,22.513,22.506,22.506,22.506,22.506,22.513,22.513,22.513,22.521,22.528,22.528,22.528,22.528,22.513,22.498,22.483,22.468,22.452,22.445,22.437,22.429,22.422,22.414,22.407,22.407,22.399,22.399,22.399,22.407,22.407,22.414,22.422,22.429,22.422,22.422,22.414,22.407,22.399,22.391,22.376,22.369,22.361,22.361,22.361,22.353,22.353,22.346,22.346,22.338,22.338,22.338,22.330,22.330,22.330,22.323,22.323,22.323,22.323,22.323,22.323,22.323,22.300,22.285,22.270,22.247,22.247,22.247,22.239,22.224,22.201,22.186,22.163,22.140,22.109,22.094,22.071,22.056,22.048,22.048,22.041,22.033,22.018,22.002,21.987,21.972,21.956,21.941,21.926,21.911,21.895,21.888,21.880,21.865,21.849,21.842,21.842,21.834,21.834,21.834,21.834,21.842,21.842,21.849,21.849,21.849,21.842,21.826,21.811,21.803,21.788,21.780,21.773,21.757,21.757,21.757,21.757,21.750,21.742,21.727,21.719,21.719,21.719,21.727,21.727,21.734,21.734,21.742,21.742,21.742,21.742,21.742,21.742,21.742,21.757,21.780,21.796,21.803,21.796,21.780,21.773,21.765,21.780,21.796,21.811,21.826,21.826,21.819,21.819,21.819,21.826,21.834,21.842,21.849,21.849,21.849,21.849,21.849,21.849,21.857,21.857,21.857,21.857,21.857,21.857,21.865,21.865,21.872,21.880,21.888,21.895,21.903,21.911,21.918,21.926,21.934,21.941,21.949,21.964,21.972,21.979,21.995,22.010,22.018,22.025,22.041,22.063,22.079,22.094,22.109,22.109,22.109
,23.256,23.248,23.241,23.233,23.218,23.210,23.210,23.210,23.203,23.203,23.188,23.180,23.165,23.150,23.142,23.135,23.127,23.127,23.120,23.112,23.105,23.097,23.082,23.074,23.059,23.052,23.037,23.029,23.029,23.021,23.006,22.999,22.991,22.991,22.984,22.976,22.968,22.961,22.946,22.938,22.923,22.908,22.893,22.885,22.878,22.870,22.870,22.870,22.862,22.855,22.832,22.809,22.787,22.771,22.756,22.749,22.741,22.741,22.733,22.726,22.718,22.711,22.696,22.688,22.673,22.673,22.658,22.658,22.658,22.665,22.658,22.658,22.665,22.673,22.680,22.680,22.688,22.703,22.718,22.726,22.733,22.756,22.779,22.794,22.809,22.832,22.847,22.855,22.855,22.870,22.893,22.923,22.953,22.968,22.991,23.006,23.021,23.037,23.044,23.059,23.074,23.082,23.097,23.105,23.120,23.142,23.173,23.188,23.195,23.203,23.241,23.293,23.346,23.399,23.497,23.595,23.685,23.798,23.963,24.120,24.255,24.389,24.613,24.799,24.903,24.955,25.067,25.222,25.378,25.503,25.614,25.695,25.798,25.923,26.041,26.158,26.268,26.364,26.415,26.466,26.547,26.649,26.759,26.839,26.904,26.955,27.021,27.072,27.108,27.137,27.145,27.159,27.174,27.188,27.188,27.188,27.203,27.225,27.268,27.304,27.333,27.362,27.406,27.464,27.536,27.616,27.674,27.725,27.768,27.811,27.847,27.869,27.884,27.876,27.847,27.826,27.819,27.826,27.826,27.804,27.761,27.696,27.638,27.602,27.565,27.529,27.464,27.413,27.370,27.333,27.312,27.283,27.239,27.203,27.166,27.145,27.123,27.101,27.094,27.072,27.057,27.050,27.086,27.079,27.057,27.035,27.035,27.086,27.065,26.948,26.780,26.613,26.378,26.048,25.621,25.148,24.688,24.270,23.940,23.693,23.429,23.173,23.074,23.089,23.052,22.968,22.984,23.006,23.006,22.968,22.931,22.908,22.893,22.878,22.855,22.824,22.809,22.794,22.802,22.771,22.733,22.696,22.665,22.665,22.658,22.658,22.650,22.650,22.650,22.642,22.635,22.620,22.604,22.589,22.589,22.589,22.589,22.589,22.582,22.566,22.559,22.551,22.551,22.551,22.551,22.551,22.551,22.544,22.544,22.544,22.544,22.544,22.544,22.536,22.536,22.528,22.521,22.521,22.513,22.498,22.490,22.490,22.498,22.498,22.506,22.513,22.513,22.513,22.521,22.521,22.513,22.513,22.513,22.506,22.498,22.498,22.498,22.490,22.490,22.490,22.490,22.490,22.483,22.475,22.468,22.452,22.445,22.437,22.437,22.422,22.414,22.414,22.407,22.407,22.407,22.407,22.407,22.407,22.407,22.422,22.429,22.429,22.429,22.429,22.422,22.414,22.407,22.391,22.384,22.376,22.369,22.369,22.361,22.361,22.353,22.346,22.346,22.346,22.338,22.338,22.330,22.330,22.330,22.323,22.323,22.323,22.323,22.323,22.330,22.323,22.308,22.292,22.270,22.254,22.254,22.254,22.247,22.231,22.209,22.186,22.163,22.132,22.109,22.094,22.071,22.056,22.048,22.048,22.041,22.033,22.025,22.010,21.995,21.972,21.956,21.941,21.926,21.911,21.895,21.888,21.880,21.865,21.857,21.849,21.842,21.834,21.834,21.834,21.842,21.842,21.842,21.849,21.842,21.842,21.834,21.819,21.811,21.796,21.788,21.773,21.765,21.757,21.757,21.757,21.757,21.750,21.742,21.727,21.719,21.719,21.727,21.727,21.734,21.742,21.742,21.742,21.742,21.742,21.742,21.742,21.742,21.742,21.757,21.773,21.788,21.796,21.796,21.780,21.765,21.765,21.773,21.788,21.811,21.819,21.819,21.819,21.811,21.819,21.819,21.834,21.842,21.842,21.842,21.849,21.849,21.849,21.849,21.857,21.857,21.857,21.857,21.857,21.857,21.865,21.865,21.872,21.880,21.888,21.895,21.903,21.911,21.926,21.934,21.934,21.941,21.949,21.956,21.972,21.987,22.002,22.010,22.018,22.025,22.041,22.056,22.071,22.086,22.102,22.102,22.102
,23.256,23.256,23.248,23.241,23.233,23.218,23.218,23.218,23.218,23.210,23.203,23.188,23.173,23.158,23.150,23.142,23.142,23.127,23.127,23.120,23.112,23.105,23.097,23.082,23.074,23.059,23.052,23.052,23.044,23.037,23.021,23.021,23.006,22.999,22.991,22.991,22.984,22.976,22.961,22.953,22.938,22.923,22.908,22.900,22.893,22.878,22.870,22.878,22.878,22.862,22.840,22.817,22.802,22.779,22.771,22.764,22.756,22.749,22.741,22.741,22.733,22.718,22.711,22.703,22.688,22.680,22.673,22.673,22.673,22.673,22.665,22.673,22.680,22.680,22.688,22.696,22.703,22.718,22.733,22.741,22.756,22.779,22.802,22.817,22.832,22.855,22.878,22.878,22.885,22.893,22.915,22.953,22.976,22.991,23.014,23.029,23.052,23.059,23.074,23.097,23.112,23.135,23.150,23.165,23.188,23.218,23.248,23.271,23.286,23.301,23.361,23.444,23.527,23.617,23.715,23.858,24.000,24.150,24.322,24.509,24.688,24.851,25.067,25.267,25.407,25.503,25.629,25.776,25.938,26.100,26.232,26.327,26.444,26.583,26.686,26.788,26.890,26.985,27.043,27.094,27.159,27.239,27.326,27.384,27.428,27.471,27.515,27.551,27.580,27.602,27.616,27.631,27.638,27.645,27.645,27.645,27.645,27.660,27.696,27.717,27.732,27.746,27.775,27.826,27.884,27.941,27.985,28.021,28.042,28.064,28.078,28.078,28.064,28.042,27.992,27.956,27.927,27.912,27.912,27.898,27.876,27.840,27.797,27.782,27.761,27.725,27.667,27.602,27.551,27.515,27.500,27.450,27.391,27.333,27.283,27.254,27.225,27.188,27.166,27.130,27.108,27.086,27.101,27.079,27.035,26.970,26.912,26.897,26.810,26.627,26.378,26.166,25.901,25.548,25.059,24.613,24.225,23.903,23.678,23.407,23.188,23.059,23.097,23.052,23.006,22.984,23.037,23.029,23.014,22.991,22.938,22.908,22.885,22.878,22.870,22.824,22.794,22.779,22.764,22.741,22.718,22.688,22.673,22.665,22.665,22.658,22.658,22.650,22.642,22.635,22.627,22.612,22.604,22.589,22.589,22.589,22.589,22.582,22.574,22.566,22.559,22.551,22.551,22.551,22.551,22.551,22.551,22.544,22.544,22.544,22.544,22.544,22.544,22.536,22.536,22.528,22.528,22.521,22.521,22.513,22.506,22.498,22.498,22.498,22.506,22.506,22.506,22.506,22.506,22.506,22.498,22.498,22.498,22.490,22.490,22.490,22.490,22.490,22.490,22.490,22.483,22.483,22.475,22.468,22.460,22.445,22.437,22.429,22.422,22.414,22.407,22.407,22.407,22.407,22.407,22.407,22.407,22.407,22.414,22.422,22.429,22.429,22.429,22.422,22.414,22.407,22.399,22.391,22.384,22.376,22.376,22.369,22.369,22.361,22.361,22.353,22.353,22.346,22.346,22.338,22.330,22.330,22.330,22.323,22.323,22.323,22.323,22.330,22.330,22.330,22.315,22.292,22.270,22.254,22.254,22.254,22.247,22.231,22.216,22.193,22.170,22.147,22.117,22.102,22.079,22.056,22.056,22.048,22.048,22.033,22.025,22.010,21.995,21.979,21.964,21.949,21.926,21.911,21.895,21.888,21.880,21.872,21.865,21.849,21.842,21.834,21.834,21.834,21.842,21.842,21.842,21.849,21.842,21.834,21.834,21.819,21.803,21.788,21.780,21.773,21.765,21.757,21.757,21.757,21.757,21.757,21.750,21.734,21.727,21.727,21.727,21.734,21.742,21.742,21.742,21.742,21.742,21.742,21.742,21.742,21.742,21.742,21.757,21.773,21.788,21.796,21.788,21.773,21.765,21.765,21.773,21.788,21.803,21.819,21.819,21.811,21.811,21.811,21.819,21.826,21.834,21.842,21.842,21.849,21.849,21.849,21.849,21.857,21.857,21.857,21.857,21.857,21.865,21.865,21.865,21.872,21.880,21.888,21.895,21.911,21.918,21.934,21.934,21.934,21.941,21.949,21.956,21.972,21.987,22.002,22.010,22.018,22.025,22.041,22.056,22.071,22.086,22.094,22.102,22.102
,23.271,23.271,23.263,23.256,23.241,23.233,23.233,23.233,23.226,23.218,23.203,23.195,23.180,23.165,23.150,23.150,23.142,23.135,23.127,23.120,23.120,23.105,23.097,23.089,23.082,23.074,23.074,23.067,23.059,23.052,23.044,23.029,23.021,23.014,23.006,23.006,22.999,22.991,22.976,22.968,22.953,22.931,22.923,22.908,22.900,22.893,22.878,22.878,22.878,22.862,22.847,22.824,22.809,22.794,22.779,22.771,22.764,22.764,22.749,22.749,22.741,22.733,22.718,22.711,22.703,22.696,22.688,22.680,22.680,22.680,22.673,22.680,22.688,22.688,22.703,22.703,22.718,22.733,22.749,22.749,22.764,22.787,22.809,22.832,22.855,22.878,22.893,22.893,22.900,22.923,22.946,22.968,22.991,23.006,23.029,23.052,23.074,23.089,23.105,23.135,23.158,23.180,23.195,23.218,23.248,23.278,23.309,23.331,23.369,23.414,23.489,23.595,23.700,23.820,23.955,24.135,24.330,24.531,24.732,24.933,25.118,25.304,25.533,25.754,25.923,26.048,26.188,26.327,26.481,26.634,26.766,26.875,26.992,27.116,27.217,27.312,27.413,27.515,27.587,27.631,27.696,27.768,27.855,27.905,27.941,27.977,28.021,28.049,28.064,28.078,28.093,28.093,28.100,28.107,28.100,28.093,28.093,28.100,28.129,28.143,28.150,28.165,28.179,28.215,28.251,28.280,28.309,28.323,28.323,28.323,28.323,28.309,28.287,28.258,28.222,28.179,28.143,28.129,28.122,28.107,28.086,28.057,28.021,27.999,27.970,27.920,27.855,27.775,27.710,27.667,27.645,27.594,27.529,27.450,27.391,27.348,27.304,27.254,27.210,27.166,27.130,27.101,27.101,27.072,27.006,26.919,26.831,26.788,26.664,26.459,26.180,25.894,25.548,25.133,24.680,24.285,23.963,23.700,23.459,23.248,23.127,23.089,23.082,23.044,23.029,23.044,23.052,23.044,23.037,23.014,22.961,22.923,22.900,22.900,22.900,22.855,22.817,22.779,22.764,22.741,22.718,22.696,22.688,22.680,22.673,22.665,22.658,22.650,22.642,22.635,22.620,22.612,22.597,22.589,22.589,22.589,22.589,22.582,22.574,22.566,22.559,22.551,22.551,22.551,22.544,22.544,22.544,22.544,22.536,22.536,22.536,22.544,22.544,22.536,22.536,22.536,22.528,22.528,22.521,22.521,22.513,22.513,22.506,22.506,22.498,22.498,22.490,22.483,22.483,22.475,22.475,22.468,22.468,22.468,22.468,22.468,22.475,22.475,22.483,22.483,22.483,22.475,22.468,22.460,22.452,22.437,22.429,22.422,22.414,22.399,22.391,22.391,22.391,22.399,22.399,22.399,22.407,22.407,22.414,22.422,22.429,22.429,22.422,22.414,22.407,22.399,22.391,22.391,22.384,22.376,22.376,22.376,22.376,22.369,22.369,22.361,22.361,22.353,22.346,22.346,22.338,22.330,22.323,22.315,22.315,22.315,22.323,22.338,22.338,22.338,22.323,22.292,22.270,22.247,22.247,22.247,22.239,22.231,22.216,22.201,22.178,22.155,22.125,22.109,22.086,22.063,22.056,22.056,22.048,22.041,22.025,22.010,21.995,21.979,21.964,21.949,21.926,21.911,21.895,21.895,21.888,21.872,21.865,21.857,21.849,21.842,21.842,21.842,21.842,21.849,21.849,21.849,21.842,21.834,21.834,21.819,21.803,21.788,21.780,21.773,21.765,21.757,21.757,21.757,21.765,21.757,21.750,21.742,21.734,21.734,21.734,21.734,21.742,21.750,21.750,21.750,21.750,21.742,21.742,21.742,21.742,21.742,21.757,21.773,21.780,21.788,21.788,21.780,21.773,21.765,21.780,21.796,21.803,21.811,21.811,21.811,21.811,21.811,21.811,21.826,21.834,21.842,21.842,21.849,21.849,21.849,21.849,21.857,21.857,21.865,21.865,21.865,21.865,21.872,21.872,21.880,21.888,21.888,21.903,21.911,21.918,21.934,21.934,21.934,21.934,21.949,21.956,21.972,21.987,22.002,22.010,22.018,22.025,22.041,22.056,22.071,22.079,22.086,22.094,22.094
,23.278,23.278,23.271,23.263,23.256,23.248,23.241,23.241,23.241,23.233,23.210,23.203,23.188,23.173,23.158,23.150,23.150,23.142,23.127,23.127,23.120,23.112,23.105,23.097,23.097,23.089,23.082,23.082,23.074,23.067,23.059,23.044,23.037,23.021,23.014,23.014,23.006,22.999,22.991,22.976,22.961,22.946,22.938,22.923,22.915,22.900,22.885,22.885,22.878,22.862,22.847,22.832,22.817,22.802,22.787,22.779,22.779,22.771,22.756,22.749,22.749,22.741,22.726,22.718,22.711,22.703,22.696,22.688,22.688,22.680,22.680,22.688,22.688,22.696,22.711,22.718,22.726,22.749,22.756,22.764,22.779,22.802,22.824,22.847,22.878,22.900,22.915,22.923,22.923,22.938,22.961,22.984,23.006,23.029,23.052,23.074,23.097,23.120,23.142,23.173,23.195,23.218,23.241,23.271,23.309,23.339,23.384,23.429,23.482,23.557,23.678,23.798,23.933,24.075,24.255,24.479,24.717,24.948,25.170,25.378,25.584,25.783,26.026,26.239,26.430,26.591,26.722,26.861,27.006,27.152,27.261,27.370,27.486,27.609,27.688,27.775,27.884,27.999,28.071,28.122,28.186,28.258,28.337,28.381,28.416,28.445,28.481,28.503,28.510,28.510,28.510,28.510,28.503,28.510,28.503,28.495,28.495,28.503,28.517,28.524,28.531,28.539,28.546,28.567,28.582,28.603,28.610,28.610,28.596,28.582,28.560,28.539,28.517,28.488,28.445,28.402,28.366,28.345,28.337,28.316,28.287,28.244,28.201,28.179,28.143,28.093,28.021,27.934,27.869,27.819,27.797,27.732,27.652,27.565,27.500,27.442,27.384,27.319,27.254,27.203,27.159,27.116,27.094,27.043,26.963,26.853,26.744,26.671,26.525,26.290,25.990,25.636,25.222,24.769,24.389,24.060,23.775,23.535,23.316,23.195,23.135,23.120,23.082,23.074,23.074,23.074,23.059,23.059,23.044,23.021,22.961,22.923,22.908,22.915,22.923,22.885,22.832,22.794,22.771,22.749,22.733,22.711,22.703,22.696,22.688,22.680,22.658,22.650,22.642,22.635,22.620,22.604,22.597,22.589,22.589,22.582,22.582,22.574,22.574,22.566,22.559,22.559,22.551,22.551,22.544,22.536,22.536,22.536,22.536,22.536,22.536,22.536,22.544,22.544,22.544,22.536,22.536,22.528,22.528,22.528,22.528,22.521,22.513,22.506,22.490,22.483,22.475,22.468,22.460,22.452,22.452,22.445,22.445,22.445,22.452,22.452,22.460,22.468,22.475,22.475,22.468,22.468,22.460,22.460,22.445,22.437,22.422,22.414,22.399,22.391,22.384,22.384,22.391,22.391,22.391,22.399,22.407,22.414,22.414,22.422,22.429,22.422,22.414,22.414,22.399,22.391,22.384,22.384,22.384,22.384,22.384,22.384,22.376,22.376,22.376,22.369,22.369,22.361,22.353,22.346,22.338,22.323,22.323,22.315,22.315,22.315,22.323,22.338,22.346,22.338,22.323,22.292,22.270,22.247,22.239,22.239,22.239,22.231,22.216,22.209,22.186,22.163,22.140,22.117,22.094,22.079,22.056,22.056,22.048,22.041,22.025,22.010,21.995,21.979,21.964,21.949,21.934,21.918,21.903,21.895,21.888,21.880,21.865,21.857,21.857,21.849,21.842,21.849,21.849,21.849,21.849,21.849,21.842,21.834,21.826,21.819,21.803,21.788,21.780,21.773,21.765,21.757,21.757,21.757,21.765,21.757,21.757,21.742,21.742,21.742,21.742,21.742,21.742,21.750,21.750,21.742,21.742,21.742,21.742,21.742,21.742,21.742,21.750,21.765,21.780,21.788,21.780,21.780,21.773,21.773,21.780,21.796,21.803,21.803,21.803,21.803,21.803,21.803,21.811,21.819,21.834,21.834,21.842,21.842,21.842,21.849,21.849,21.849,21.857,21.865,21.865,21.872,21.872,21.872,21.880,21.880,21.888,21.895,21.903,21.911,21.918,21.934,21.934,21.934,21.934,21.949,21.956,21.972,21.987,22.002,22.010,22.018,22.025,22.041,22.056,22.063,22.079,22.079,22.086,22.086
,23.278,23.278,23.278,23.271,23.263,23.248,23.248,23.248,23.241,23.233,23.218,23.203,23.195,23.173,23.165,23.158,23.150,23.142,23.135,23.127,23.120,23.112,23.112,23.105,23.097,23.097,23.097,23.089,23.082,23.074,23.067,23.052,23.044,23.029,23.029,23.021,23.014,23.006,22.999,22.984,22.968,22.953,22.946,22.931,22.923,22.908,22.893,22.885,22.878,22.862,22.847,22.832,22.824,22.802,22.794,22.787,22.779,22.771,22.764,22.756,22.749,22.741,22.733,22.726,22.718,22.711,22.703,22.696,22.688,22.688,22.688,22.688,22.696,22.711,22.718,22.726,22.741,22.756,22.771,22.771,22.787,22.809,22.840,22.870,22.900,22.923,22.946,22.946,22.953,22.953,22.984,23.006,23.021,23.044,23.059,23.089,23.120,23.150,23.173,23.203,23.226,23.248,23.293,23.324,23.361,23.414,23.489,23.565,23.640,23.745,23.925,24.090,24.247,24.419,24.635,24.903,25.163,25.407,25.636,25.857,26.078,26.298,26.532,26.744,26.941,27.123,27.246,27.377,27.507,27.638,27.717,27.819,27.941,28.064,28.114,28.201,28.301,28.424,28.488,28.531,28.589,28.660,28.718,28.761,28.789,28.811,28.825,28.832,28.832,28.825,28.804,28.797,28.789,28.789,28.782,28.775,28.775,28.775,28.789,28.789,28.789,28.789,28.804,28.811,28.825,28.832,28.832,28.825,28.811,28.782,28.761,28.725,28.696,28.675,28.632,28.582,28.546,28.517,28.503,28.467,28.431,28.388,28.337,28.309,28.280,28.237,28.172,28.086,28.021,27.977,27.949,27.884,27.790,27.688,27.616,27.551,27.479,27.391,27.312,27.246,27.188,27.130,27.086,27.006,26.904,26.780,26.649,26.532,26.349,26.092,25.754,25.348,24.903,24.457,24.150,23.880,23.625,23.392,23.256,23.218,23.173,23.127,23.120,23.127,23.112,23.067,23.059,23.052,23.037,23.006,22.946,22.908,22.900,22.915,22.938,22.893,22.847,22.809,22.779,22.764,22.749,22.726,22.711,22.703,22.696,22.680,22.665,22.650,22.642,22.627,22.620,22.604,22.597,22.589,22.589,22.582,22.574,22.566,22.566,22.566,22.559,22.559,22.559,22.551,22.544,22.536,22.536,22.536,22.536,22.536,22.536,22.536,22.536,22.536,22.536,22.536,22.536,22.528,22.528,22.528,22.528,22.521,22.513,22.498,22.490,22.475,22.468,22.452,22.445,22.445,22.437,22.437,22.437,22.437,22.437,22.445,22.452,22.460,22.460,22.468,22.460,22.460,22.460,22.452,22.445,22.437,22.422,22.414,22.399,22.391,22.384,22.384,22.384,22.391,22.399,22.399,22.407,22.414,22.422,22.422,22.429,22.422,22.414,22.407,22.399,22.391,22.384,22.384,22.384,22.384,22.384,22.384,22.384,22.384,22.384,22.384,22.376,22.361,22.353,22.338,22.330,22.323,22.323,22.315,22.315,22.315,22.323,22.338,22.353,22.346,22.323,22.292,22.270,22.239,22.239,22.239,22.239,22.231,22.224,22.209,22.193,22.170,22.147,22.125,22.102,22.079,22.063,22.063,22.056,22.041,22.025,22.010,22.002,21.979,21.964,21.949,21.934,21.918,21.903,21.903,21.895,21.888,21.872,21.865,21.857,21.857,21.849,21.849,21.857,21.849,21.849,21.849,21.842,21.834,21.826,21.811,21.803,21.788,21.780,21.773,21.765,21.757,21.757,21.757,21.765,21.757,21.757,21.750,21.742,21.742,21.742,21.742,21.750,21.742,21.742,21.742,21.742,21.742,21.742,21.742,21.742,21.750,21.750,21.765,21.773,21.773,21.773,21.773,21.780,21.780,21.780,21.788,21.796,21.796,21.796,21.796,21.796,21.803,21.803,21.819,21.826,21.834,21.834,21.834,21.842,21.842,21.842,21.849,21.857,21.865,21.865,21.865,21.872,21.880,21.880,21.888,21.888,21.895,21.903,21.911,21.918,21.934,21.934,21.941,21.941,21.949,21.956,21.972,21.987,22.002,22.010,22.018,22.025,22.033,22.048,22.063,22.071,22.071,22.071,22.071
,23.278,23.278,23.271,23.263,23.256,23.248,23.248,23.248,23.241,23.226,23.218,23.210,23.195,23.180,23.173,23.165,23.158,23.142,23.135,23.127,23.120,23.112,23.112,23.105,23.097,23.097,23.097,23.089,23.089,23.074,23.067,23.052,23.044,23.029,23.029,23.021,23.021,23.006,22.999,22.984,22.968,22.953,22.946,22.938,22.931,22.915,22.900,22.893,22.878,22.862,22.847,22.840,22.824,22.809,22.802,22.794,22.787,22.779,22.771,22.764,22.756,22.749,22.741,22.733,22.726,22.718,22.711,22.696,22.688,22.688,22.688,22.688,22.703,22.718,22.726,22.741,22.749,22.771,22.779,22.787,22.802,22.824,22.855,22.893,22.923,22.946,22.968,22.961,22.953,22.961,22.991,23.014,23.037,23.052,23.082,23.105,23.135,23.165,23.195,23.210,23.241,23.286,23.331,23.369,23.437,23.550,23.640,23.723,23.843,24.030,24.255,24.464,24.673,24.873,25.111,25.407,25.688,25.938,26.158,26.364,26.576,26.810,27.065,27.283,27.471,27.631,27.761,27.884,27.992,28.086,28.150,28.244,28.330,28.409,28.460,28.517,28.582,28.653,28.696,28.718,28.739,28.768,28.797,28.797,28.797,28.797,28.797,28.797,28.782,28.768,28.746,28.725,28.711,28.703,28.703,28.696,28.689,28.682,28.682,28.682,28.682,28.689,28.703,28.718,28.732,28.746,28.761,28.768,28.768,28.754,28.732,28.711,28.696,28.675,28.632,28.596,28.567,28.553,28.546,28.517,28.488,28.452,28.416,28.409,28.395,28.366,28.316,28.244,28.186,28.143,28.122,28.049,27.949,27.847,27.761,27.681,27.594,27.500,27.406,27.319,27.239,27.174,27.086,26.963,26.824,26.671,26.532,26.349,26.107,25.806,25.407,24.977,24.561,24.173,23.910,23.678,23.482,23.346,23.278,23.233,23.195,23.180,23.188,23.150,23.112,23.067,23.044,23.037,23.014,22.976,22.908,22.878,22.878,22.900,22.908,22.885,22.855,22.817,22.794,22.771,22.756,22.741,22.718,22.711,22.696,22.680,22.673,22.658,22.642,22.627,22.620,22.612,22.604,22.589,22.582,22.574,22.566,22.566,22.566,22.566,22.559,22.559,22.559,22.551,22.544,22.536,22.536,22.536,22.536,22.536,22.536,22.536,22.536,22.536,22.536,22.536,22.536,22.528,22.528,22.528,22.521,22.513,22.506,22.490,22.483,22.468,22.460,22.452,22.445,22.445,22.445,22.437,22.437,22.437,22.437,22.445,22.452,22.460,22.460,22.468,22.460,22.460,22.460,22.452,22.452,22.445,22.437,22.422,22.414,22.399,22.391,22.391,22.391,22.399,22.399,22.407,22.414,22.422,22.422,22.422,22.429,22.422,22.422,22.407,22.399,22.391,22.391,22.384,22.384,22.384,22.384,22.384,22.384,22.384,22.384,22.384,22.376,22.369,22.353,22.338,22.330,22.323,22.323,22.315,22.323,22.323,22.330,22.346,22.353,22.346,22.323,22.292,22.270,22.239,22.239,22.247,22.247,22.239,22.224,22.209,22.193,22.170,22.147,22.125,22.102,22.079,22.063,22.063,22.056,22.041,22.033,22.018,22.002,21.987,21.972,21.956,21.934,21.918,21.911,21.903,21.903,21.895,21.888,21.872,21.865,21.857,21.857,21.857,21.857,21.849,21.849,21.849,21.842,21.826,21.819,21.811,21.803,21.788,21.780,21.773,21.765,21.757,21.757,21.757,21.765,21.757,21.757,21.750,21.742,21.742,21.742,21.742,21.750,21.742,21.742,21.742,21.742,21.742,21.742,21.742,21.750,21.750,21.750,21.757,21.765,21.765,21.773,21.773,21.780,21.780,21.780,21.788,21.788,21.788,21.788,21.788,21.788,21.796,21.803,21.811,21.819,21.826,21.834,21.834,21.834,21.842,21.842,21.849,21.849,21.857,21.865,21.865,21.865,21.872,21.880,21.888,21.895,21.903,21.903,21.911,21.918,21.934,21.934,21.941,21.941,21.949,21.956,21.972,21.987,22.002,22.002,22.010,22.018,22.025,22.041,22.056,22.063,22.071,22.071,22.071
,23.271,23.271,23.263,23.256,23.248,23.241,23.233,23.233,23.233,23.226,23.210,23.203,23.195,23.180,23.173,23.165,23.158,23.142,23.127,23.120,23.112,23.105,23.097,23.097,23.097,23.089,23.089,23.082,23.082,23.074,23.059,23.052,23.037,23.029,23.021,23.021,23.014,23.006,22.991,22.984,22.968,22.953,22.938,22.938,22.931,22.915,22.900,22.893,22.885,22.870,22.855,22.840,22.824,22.809,22.802,22.794,22.787,22.779,22.771,22.764,22.756,22.749,22.741,22.733,22.726,22.718,22.703,22.696,22.688,22.688,22.688,22.688,22.703,22.718,22.726,22.741,22.756,22.771,22.787,22.794,22.809,22.832,22.862,22.900,22.938,22.976,22.968,22.961,22.953,22.961,22.991,23.021,23.037,23.059,23.089,23.112,23.142,23.173,23.203,23.233,23.271,23.324,23.346,23.444,23.565,23.678,23.745,23.888,24.075,24.315,24.576,24.829,25.067,25.311,25.570,25.879,26.166,26.415,26.620,26.846,27.065,27.283,27.493,27.703,27.876,28.028,28.150,28.244,28.330,28.402,28.460,28.539,28.610,28.660,28.689,28.725,28.768,28.818,28.854,28.861,28.875,28.897,28.911,28.911,28.897,28.890,28.890,28.882,28.875,28.861,28.847,28.832,28.825,28.825,28.825,28.825,28.818,28.818,28.811,28.804,28.797,28.804,28.811,28.825,28.832,28.839,28.847,28.847,28.839,28.825,28.811,28.797,28.782,28.768,28.739,28.711,28.689,28.675,28.660,28.646,28.625,28.596,28.567,28.560,28.553,28.531,28.488,28.431,28.381,28.345,28.316,28.244,28.136,28.013,27.927,27.840,27.739,27.631,27.529,27.428,27.341,27.246,27.130,26.970,26.788,26.605,26.437,26.195,25.894,25.518,25.111,24.717,24.345,24.008,23.798,23.610,23.467,23.376,23.316,23.286,23.256,23.241,23.218,23.173,23.127,23.074,23.044,23.029,23.014,22.976,22.908,22.878,22.870,22.878,22.893,22.885,22.855,22.824,22.802,22.787,22.764,22.749,22.726,22.718,22.703,22.688,22.673,22.658,22.650,22.635,22.620,22.612,22.604,22.597,22.582,22.574,22.566,22.559,22.559,22.559,22.559,22.551,22.551,22.551,22.544,22.536,22.536,22.536,22.536,22.536,22.536,22.536,22.528,22.528,22.528,22.536,22.528,22.528,22.521,22.513,22.513,22.498,22.490,22.483,22.475,22.468,22.460,22.460,22.460,22.452,22.452,22.452,22.445,22.445,22.452,22.452,22.460,22.468,22.468,22.468,22.468,22.468,22.468,22.468,22.468,22.460,22.452,22.445,22.429,22.422,22.414,22.414,22.407,22.407,22.414,22.414,22.422,22.422,22.429,22.429,22.429,22.429,22.422,22.414,22.407,22.407,22.399,22.391,22.391,22.384,22.384,22.384,22.376,22.376,22.376,22.376,22.376,22.369,22.353,22.338,22.323,22.323,22.323,22.323,22.330,22.330,22.346,22.353,22.353,22.346,22.323,22.292,22.262,22.239,22.239,22.247,22.247,22.239,22.224,22.209,22.186,22.163,22.140,22.125,22.102,22.079,22.063,22.063,22.056,22.041,22.033,22.018,22.002,21.987,21.972,21.956,21.941,21.926,21.911,21.911,21.911,21.903,21.888,21.880,21.872,21.865,21.865,21.865,21.857,21.849,21.849,21.842,21.834,21.826,21.819,21.803,21.796,21.788,21.780,21.773,21.765,21.765,21.765,21.765,21.765,21.757,21.757,21.750,21.742,21.742,21.742,21.742,21.742,21.742,21.742,21.734,21.734,21.742,21.742,21.750,21.757,21.757,21.757,21.757,21.757,21.757,21.765,21.773,21.780,21.788,21.788,21.780,21.780,21.780,21.780,21.780,21.780,21.788,21.796,21.803,21.811,21.819,21.826,21.826,21.826,21.834,21.842,21.842,21.849,21.857,21.857,21.857,21.857,21.865,21.872,21.888,21.895,21.903,21.911,21.911,21.918,21.926,21.934,21.934,21.941,21.949,21.956,21.972,21.979,21.995,22.002,22.010,22.010,22.025,22.041,22.048,22.056,22.063,22.063,22.063
,23.263,23.263,23.256,23.256,23.241,23.233,23.226,23.226,23.226,23.218,23.210,23.203,23.195,23.180,23.173,23.165,23.150,23.135,23.120,23.120,23.112,23.097,23.089,23.089,23.089,23.082,23.082,23.074,23.067,23.067,23.052,23.044,23.037,23.021,23.021,23.014,23.014,23.006,22.991,22.976,22.961,22.946,22.938,22.931,22.931,22.915,22.908,22.893,22.885,22.870,22.855,22.840,22.824,22.809,22.802,22.794,22.787,22.779,22.771,22.764,22.756,22.749,22.741,22.733,22.726,22.711,22.696,22.696,22.688,22.680,22.680,22.688,22.703,22.718,22.726,22.741,22.756,22.779,22.794,22.802,22.817,22.840,22.870,22.900,22.946,22.984,22.968,22.953,22.953,22.968,22.999,23.021,23.044,23.074,23.105,23.127,23.158,23.188,23.218,23.263,23.301,23.339,23.414,23.557,23.685,23.783,23.903,24.098,24.330,24.591,24.896,25.178,25.451,25.710,25.990,26.305,26.613,26.875,27.065,27.275,27.486,27.688,27.855,28.035,28.194,28.330,28.431,28.495,28.560,28.632,28.675,28.746,28.811,28.854,28.868,28.897,28.940,28.990,29.025,29.040,29.054,29.075,29.097,29.097,29.097,29.090,29.090,29.090,29.090,29.082,29.075,29.068,29.068,29.075,29.075,29.075,29.075,29.075,29.061,29.054,29.047,29.047,29.054,29.054,29.047,29.040,29.032,29.025,29.004,28.982,28.961,28.947,28.925,28.911,28.890,28.868,28.839,28.825,28.804,28.782,28.761,28.732,28.703,28.696,28.689,28.675,28.632,28.582,28.546,28.517,28.488,28.409,28.309,28.194,28.100,27.999,27.891,27.775,27.667,27.558,27.464,27.362,27.210,27.021,26.810,26.591,26.400,26.122,25.761,25.348,24.940,24.591,24.262,23.970,23.798,23.640,23.520,23.437,23.384,23.354,23.324,23.286,23.256,23.203,23.150,23.089,23.059,23.044,23.021,22.991,22.931,22.893,22.878,22.870,22.885,22.878,22.862,22.832,22.809,22.794,22.771,22.756,22.733,22.718,22.703,22.688,22.673,22.658,22.650,22.635,22.620,22.612,22.604,22.597,22.582,22.574,22.559,22.551,22.551,22.551,22.551,22.551,22.551,22.551,22.544,22.544,22.544,22.536,22.536,22.536,22.536,22.528,22.528,22.528,22.528,22.528,22.528,22.521,22.513,22.506,22.498,22.490,22.475,22.475,22.475,22.468,22.468,22.468,22.460,22.460,22.460,22.460,22.460,22.460,22.460,22.468,22.468,22.475,22.475,22.475,22.475,22.475,22.475,22.483,22.483,22.475,22.468,22.460,22.452,22.437,22.429,22.422,22.422,22.414,22.414,22.414,22.422,22.429,22.429,22.429,22.437,22.429,22.429,22.422,22.414,22.407,22.407,22.399,22.391,22.384,22.376,22.376,22.376,22.369,22.369,22.369,22.369,22.361,22.346,22.330,22.323,22.315,22.315,22.323,22.330,22.338,22.346,22.353,22.353,22.346,22.323,22.292,22.262,22.247,22.247,22.247,22.254,22.239,22.224,22.209,22.186,22.163,22.140,22.117,22.102,22.079,22.063,22.063,22.056,22.048,22.033,22.018,22.002,21.987,21.972,21.956,21.949,21.934,21.918,21.918,21.918,21.911,21.895,21.888,21.880,21.872,21.865,21.865,21.865,21.857,21.849,21.842,21.834,21.826,21.811,21.803,21.796,21.780,21.773,21.773,21.765,21.765,21.765,21.765,21.765,21.757,21.757,21.750,21.742,21.742,21.742,21.734,21.734,21.734,21.734,21.734,21.734,21.734,21.742,21.750,21.757,21.757,21.757,21.750,21.750,21.750,21.757,21.765,21.780,21.780,21.780,21.780,21.773,21.773,21.773,21.773,21.780,21.780,21.788,21.796,21.811,21.811,21.819,21.819,21.819,21.826,21.834,21.834,21.842,21.849,21.849,21.849,21.857,21.865,21.872,21.888,21.895,21.911,21.911,21.918,21.918,21.926,21.926,21.934,21.941,21.956,21.964,21.972,21.979,21.987,22.002,22.002,22.010,22.018,22.033,22.041,22.056,22.056,22.056,22.056
,23.263,23.256,23.256,23.248,23.241,23.233,23.226,23.226,23.218,23.210,23.210,23.203,23.195,23.180,23.173,23.158,23.150,23.135,23.120,23.112,23.105,23.097,23.089,23.082,23.082,23.074,23.074,23.067,23.059,23.052,23.052,23.037,23.029,23.021,23.021,23.014,23.006,22.999,22.984,22.968,22.961,22.946,22.938,22.931,22.923,22.915,22.908,22.893,22.885,22.870,22.855,22.840,22.824,22.809,22.802,22.794,22.787,22.771,22.771,22.764,22.756,22.749,22.741,22.726,22.718,22.703,22.696,22.688,22.680,22.680,22.680,22.688,22.703,22.718,22.726,22.749,22.764,22.787,22.802,22.809,22.824,22.840,22.870,22.908,22.946,22.976,22.968,22.953,22.953,22.976,22.999,23.029,23.067,23.097,23.127,23.150,23.180,23.210,23.256,23.293,23.324,23.369,23.535,23.678,23.790,23.895,24.120,24.352,24.598,24.873,25.230,25.540,25.828,26.100,26.378,26.700,27.021,27.304,27.479,27.645,27.826,28.028,28.158,28.294,28.431,28.553,28.610,28.660,28.725,28.797,28.818,28.890,28.954,29.004,29.011,29.047,29.104,29.168,29.204,29.232,29.254,29.282,29.296,29.311,29.318,29.325,29.332,29.332,29.339,29.339,29.339,29.339,29.346,29.346,29.353,29.353,29.346,29.346,29.339,29.332,29.325,29.318,29.318,29.304,29.289,29.275,29.254,29.232,29.204,29.175,29.147,29.118,29.090,29.075,29.047,29.025,29.004,28.975,28.947,28.918,28.882,28.839,28.804,28.789,28.782,28.768,28.732,28.696,28.668,28.653,28.617,28.546,28.460,28.359,28.251,28.143,28.035,27.920,27.797,27.703,27.602,27.493,27.326,27.116,26.875,26.627,26.422,26.114,25.732,25.304,24.896,24.583,24.300,24.038,23.895,23.738,23.610,23.520,23.467,23.429,23.384,23.324,23.286,23.233,23.173,23.112,23.089,23.067,23.044,23.021,22.976,22.923,22.893,22.878,22.885,22.878,22.862,22.840,22.817,22.794,22.779,22.756,22.741,22.726,22.703,22.688,22.673,22.658,22.650,22.635,22.627,22.620,22.612,22.597,22.582,22.566,22.559,22.544,22.544,22.544,22.551,22.551,22.551,22.551,22.544,22.544,22.544,22.544,22.536,22.536,22.536,22.528,22.528,22.528,22.528,22.528,22.521,22.521,22.513,22.498,22.490,22.475,22.475,22.468,22.460,22.460,22.460,22.460,22.460,22.468,22.468,22.468,22.468,22.468,22.468,22.468,22.468,22.475,22.475,22.475,22.475,22.468,22.475,22.483,22.483,22.475,22.468,22.460,22.452,22.445,22.429,22.422,22.422,22.414,22.407,22.414,22.422,22.422,22.422,22.429,22.429,22.429,22.422,22.422,22.422,22.407,22.407,22.399,22.391,22.384,22.376,22.369,22.369,22.361,22.361,22.361,22.361,22.353,22.346,22.330,22.315,22.315,22.315,22.330,22.338,22.346,22.346,22.353,22.353,22.338,22.315,22.285,22.262,22.247,22.247,22.254,22.254,22.247,22.224,22.209,22.186,22.163,22.132,22.117,22.102,22.079,22.071,22.063,22.056,22.048,22.033,22.018,22.002,21.987,21.979,21.964,21.949,21.934,21.926,21.926,21.918,21.911,21.903,21.895,21.888,21.880,21.872,21.872,21.865,21.857,21.849,21.842,21.834,21.819,21.811,21.803,21.796,21.780,21.773,21.773,21.765,21.765,21.765,21.765,21.765,21.757,21.757,21.750,21.742,21.734,21.734,21.734,21.734,21.727,21.727,21.727,21.727,21.734,21.734,21.750,21.757,21.757,21.757,21.750,21.742,21.742,21.750,21.765,21.773,21.773,21.773,21.773,21.765,21.765,21.765,21.765,21.773,21.780,21.780,21.796,21.803,21.803,21.811,21.811,21.811,21.819,21.819,21.826,21.834,21.842,21.842,21.842,21.849,21.865,21.872,21.888,21.895,21.911,21.911,21.918,21.918,21.926,21.926,21.941,21.949,21.956,21.964,21.972,21.979,21.987,21.995,21.995,22.002,22.018,22.025,22.041,22.048,22.048,22.048,22.048
,23.263,23.256,23.256,23.248,23.241,23.233,23.233,23.226,23.218,23.210,23.210,23.203,23.195,23.188,23.173,23.165,23.150,23.135,23.127,23.120,23.112,23.097,23.089,23.082,23.074,23.074,23.067,23.059,23.052,23.052,23.044,23.037,23.029,23.021,23.021,23.006,22.999,22.984,22.976,22.968,22.961,22.946,22.938,22.931,22.923,22.908,22.900,22.893,22.885,22.870,22.855,22.840,22.824,22.809,22.802,22.794,22.787,22.771,22.771,22.764,22.756,22.741,22.733,22.718,22.711,22.696,22.688,22.680,22.680,22.680,22.680,22.696,22.711,22.726,22.741,22.756,22.779,22.802,22.817,22.824,22.824,22.824,22.847,22.893,22.938,22.961,22.968,22.968,22.968,22.991,23.021,23.067,23.105,23.135,23.158,23.180,23.218,23.263,23.309,23.316,23.384,23.520,23.678,23.760,23.918,24.165,24.397,24.628,24.918,25.281,25.643,25.967,26.254,26.517,26.810,27.130,27.413,27.645,27.826,27.963,28.107,28.266,28.409,28.510,28.603,28.696,28.768,28.811,28.861,28.911,28.968,29.040,29.090,29.118,29.140,29.168,29.211,29.254,29.282,29.296,29.311,29.325,29.332,29.325,29.325,29.318,29.311,29.311,29.304,29.296,29.289,29.289,29.289,29.296,29.304,29.318,29.318,29.318,29.318,29.311,29.311,29.311,29.318,29.318,29.311,29.304,29.289,29.275,29.261,29.239,29.211,29.189,29.175,29.161,29.140,29.118,29.097,29.061,29.025,28.997,28.961,28.918,28.875,28.854,28.839,28.825,28.797,28.768,28.746,28.739,28.711,28.646,28.560,28.467,28.395,28.280,28.158,28.042,27.934,27.833,27.732,27.616,27.442,27.210,26.941,26.678,26.459,26.144,25.761,25.333,24.933,24.621,24.352,24.128,23.970,23.798,23.663,23.572,23.497,23.444,23.392,23.339,23.293,23.241,23.173,23.120,23.097,23.067,23.044,23.021,22.976,22.931,22.893,22.870,22.870,22.862,22.847,22.824,22.802,22.787,22.771,22.749,22.733,22.718,22.703,22.680,22.658,22.650,22.642,22.627,22.620,22.612,22.604,22.597,22.582,22.566,22.551,22.544,22.544,22.544,22.551,22.551,22.551,22.551,22.544,22.544,22.544,22.544,22.536,22.536,22.536,22.528,22.528,22.528,22.528,22.528,22.521,22.513,22.506,22.498,22.490,22.483,22.475,22.468,22.460,22.460,22.460,22.460,22.460,22.468,22.468,22.468,22.468,22.468,22.468,22.468,22.468,22.475,22.475,22.468,22.468,22.468,22.468,22.468,22.468,22.460,22.452,22.445,22.429,22.422,22.414,22.407,22.399,22.399,22.399,22.399,22.399,22.407,22.414,22.414,22.422,22.422,22.422,22.414,22.407,22.407,22.399,22.391,22.384,22.376,22.376,22.369,22.369,22.361,22.361,22.361,22.353,22.346,22.338,22.323,22.315,22.315,22.315,22.330,22.338,22.346,22.346,22.353,22.353,22.338,22.315,22.285,22.262,22.247,22.247,22.254,22.254,22.254,22.231,22.216,22.193,22.163,22.140,22.125,22.102,22.086,22.079,22.071,22.063,22.056,22.041,22.025,22.002,21.987,21.979,21.964,21.956,21.941,21.934,21.926,21.926,21.918,21.911,21.903,21.895,21.880,21.880,21.872,21.865,21.857,21.849,21.842,21.834,21.819,21.811,21.796,21.788,21.780,21.773,21.773,21.765,21.765,21.765,21.765,21.765,21.757,21.757,21.750,21.742,21.734,21.734,21.734,21.734,21.727,21.727,21.727,21.727,21.727,21.734,21.742,21.750,21.757,21.750,21.742,21.734,21.734,21.742,21.757,21.765,21.773,21.773,21.765,21.765,21.765,21.765,21.765,21.773,21.773,21.780,21.780,21.788,21.796,21.803,21.803,21.803,21.811,21.819,21.819,21.826,21.834,21.842,21.842,21.849,21.865,21.872,21.888,21.895,21.911,21.918,21.918,21.918,21.926,21.934,21.949,21.956,21.964,21.972,21.972,21.979,21.987,21.987,21.995,22.002,22.018,22.025,22.033,22.041,22.048,22.048,22.048
,23.263,23.263,23.256,23.256,23.248,23.241,23.233,23.233,23.226,23.218,23.210,23.210,23.203,23.188,23.173,23.165,23.150,23.135,23.127,23.120,23.112,23.105,23.089,23.082,23.074,23.067,23.059,23.052,23.052,23.044,23.044,23.037,23.029,23.021,23.014,23.006,22.991,22.984,22.968,22.968,22.961,22.946,22.938,22.931,22.923,22.908,22.900,22.885,22.878,22.870,22.847,22.832,22.824,22.809,22.794,22.787,22.779,22.771,22.764,22.756,22.749,22.741,22.726,22.718,22.703,22.696,22.680,22.673,22.673,22.680,22.680,22.696,22.711,22.733,22.749,22.764,22.787,22.802,22.817,22.832,22.840,22.840,22.862,22.900,22.938,22.961,22.968,22.976,22.984,23.014,23.052,23.089,23.127,23.158,23.173,23.210,23.248,23.293,23.309,23.384,23.505,23.648,23.745,23.940,24.180,24.434,24.658,24.977,25.333,25.702,26.063,26.378,26.671,26.948,27.239,27.522,27.761,27.963,28.122,28.251,28.366,28.481,28.610,28.696,28.768,28.825,28.904,28.961,29.011,29.054,29.111,29.168,29.204,29.218,29.232,29.247,29.275,29.296,29.318,29.318,29.325,29.325,29.325,29.311,29.296,29.289,29.275,29.268,29.254,29.232,29.211,29.197,29.189,29.189,29.189,29.189,29.182,29.182,29.189,29.189,29.197,29.204,29.211,29.225,29.225,29.225,29.232,29.232,29.232,29.232,29.232,29.225,29.225,29.218,29.204,29.182,29.147,29.111,29.075,29.047,29.011,28.968,28.932,28.911,28.897,28.875,28.847,28.825,28.811,28.797,28.775,28.732,28.653,28.560,28.488,28.381,28.266,28.143,28.042,27.949,27.855,27.732,27.544,27.283,26.999,26.707,26.481,26.173,25.806,25.385,24.963,24.635,24.367,24.143,23.970,23.790,23.648,23.557,23.489,23.429,23.376,23.324,23.286,23.218,23.150,23.097,23.074,23.052,23.021,22.999,22.968,22.931,22.893,22.870,22.855,22.847,22.832,22.809,22.794,22.779,22.764,22.741,22.718,22.703,22.688,22.673,22.650,22.642,22.627,22.620,22.604,22.604,22.604,22.597,22.582,22.566,22.551,22.544,22.544,22.544,22.551,22.551,22.551,22.551,22.544,22.544,22.544,22.544,22.544,22.536,22.536,22.536,22.536,22.528,22.528,22.521,22.513,22.506,22.506,22.498,22.498,22.490,22.475,22.468,22.460,22.452,22.452,22.452,22.452,22.452,22.452,22.460,22.460,22.460,22.460,22.460,22.460,22.460,22.460,22.460,22.460,22.452,22.452,22.452,22.445,22.437,22.429,22.414,22.407,22.391,22.384,22.376,22.376,22.369,22.376,22.376,22.384,22.391,22.399,22.407,22.407,22.407,22.407,22.407,22.399,22.391,22.384,22.384,22.384,22.376,22.369,22.369,22.361,22.361,22.353,22.346,22.346,22.338,22.330,22.315,22.315,22.315,22.315,22.323,22.330,22.338,22.346,22.353,22.353,22.346,22.315,22.285,22.262,22.247,22.247,22.254,22.262,22.262,22.239,22.216,22.193,22.170,22.147,22.132,22.109,22.094,22.079,22.079,22.071,22.056,22.041,22.025,22.002,21.987,21.972,21.964,21.956,21.941,21.934,21.934,21.926,21.918,21.911,21.903,21.895,21.880,21.880,21.872,21.865,21.857,21.849,21.842,21.834,21.826,21.811,21.803,21.796,21.780,21.773,21.773,21.765,21.765,21.765,21.765,21.757,21.757,21.750,21.742,21.742,21.734,21.734,21.734,21.734,21.727,21.727,21.727,21.719,21.719,21.727,21.734,21.742,21.742,21.742,21.734,21.734,21.734,21.742,21.750,21.757,21.765,21.765,21.765,21.765,21.765,21.765,21.765,21.773,21.773,21.773,21.780,21.780,21.780,21.788,21.788,21.796,21.796,21.803,21.811,21.819,21.826,21.834,21.842,21.849,21.865,21.872,21.888,21.895,21.911,21.918,21.926,21.926,21.926,21.941,21.949,21.964,21.964,21.972,21.979,21.979,21.987,21.987,21.995,22.002,22.018,22.025,22.033,22.041,22.048,22.048,22.048
,23.271,23.263,23.263,23.256,23.256,23.248,23.241,23.241,23.233,23.226,23.218,23.210,23.203,23.188,23.173,23.165,23.150,23.135,23.127,23.120,23.112,23.105,23.089,23.082,23.067,23.059,23.052,23.052,23.044,23.044,23.037,23.037,23.029,23.021,23.006,22.999,22.984,22.976,22.968,22.968,22.961,22.946,22.938,22.931,22.915,22.900,22.893,22.885,22.878,22.862,22.847,22.832,22.817,22.802,22.787,22.787,22.779,22.771,22.756,22.756,22.749,22.733,22.718,22.711,22.696,22.688,22.673,22.673,22.673,22.673,22.680,22.703,22.718,22.741,22.756,22.771,22.787,22.802,22.817,22.832,22.847,22.855,22.878,22.915,22.946,22.968,22.976,22.984,23.006,23.037,23.074,23.112,23.142,23.165,23.188,23.233,23.271,23.309,23.354,23.482,23.617,23.745,23.903,24.180,24.449,24.688,24.985,25.363,25.747,26.114,26.466,26.773,27.057,27.341,27.594,27.833,28.042,28.222,28.352,28.452,28.553,28.660,28.754,28.832,28.897,28.954,29.025,29.082,29.132,29.168,29.204,29.247,29.275,29.289,29.289,29.304,29.325,29.346,29.353,29.360,29.368,29.368,29.368,29.360,29.346,29.332,29.318,29.304,29.282,29.254,29.218,29.189,29.168,29.154,29.140,29.118,29.111,29.104,29.118,29.125,29.132,29.147,29.154,29.175,29.182,29.197,29.204,29.218,29.232,29.247,29.261,29.268,29.268,29.268,29.254,29.225,29.189,29.147,29.111,29.082,29.054,29.025,28.990,28.968,28.947,28.932,28.904,28.882,28.868,28.854,28.832,28.789,28.732,28.653,28.574,28.474,28.373,28.258,28.158,28.071,27.977,27.862,27.674,27.399,27.101,26.802,26.554,26.254,25.887,25.466,25.015,24.673,24.389,24.143,23.963,23.783,23.632,23.527,23.467,23.407,23.354,23.301,23.271,23.195,23.127,23.074,23.059,23.029,23.006,22.976,22.961,22.923,22.893,22.862,22.840,22.832,22.817,22.802,22.779,22.771,22.749,22.733,22.711,22.696,22.680,22.665,22.650,22.635,22.620,22.612,22.604,22.604,22.597,22.589,22.574,22.559,22.551,22.544,22.544,22.544,22.551,22.551,22.551,22.551,22.544,22.544,22.544,22.544,22.544,22.544,22.544,22.544,22.536,22.528,22.528,22.521,22.513,22.498,22.498,22.498,22.498,22.490,22.483,22.468,22.460,22.452,22.452,22.452,22.452,22.452,22.452,22.452,22.452,22.452,22.452,22.452,22.452,22.452,22.452,22.452,22.445,22.445,22.437,22.437,22.429,22.414,22.407,22.391,22.384,22.369,22.361,22.353,22.353,22.353,22.361,22.361,22.369,22.376,22.384,22.391,22.399,22.399,22.399,22.391,22.384,22.384,22.376,22.376,22.376,22.369,22.361,22.361,22.361,22.353,22.346,22.346,22.338,22.330,22.315,22.315,22.315,22.315,22.315,22.323,22.323,22.330,22.346,22.353,22.353,22.346,22.315,22.285,22.262,22.239,22.239,22.254,22.262,22.262,22.239,22.216,22.193,22.170,22.147,22.132,22.117,22.102,22.086,22.086,22.079,22.056,22.041,22.025,22.002,21.987,21.972,21.964,21.956,21.941,21.934,21.934,21.926,21.918,21.911,21.903,21.895,21.880,21.880,21.872,21.865,21.857,21.849,21.842,21.834,21.826,21.811,21.803,21.796,21.780,21.780,21.773,21.773,21.765,21.765,21.757,21.757,21.750,21.750,21.742,21.734,21.734,21.734,21.734,21.727,21.727,21.727,21.719,21.719,21.719,21.719,21.727,21.727,21.734,21.734,21.727,21.727,21.734,21.734,21.750,21.750,21.757,21.757,21.757,21.757,21.757,21.757,21.765,21.765,21.773,21.773,21.773,21.773,21.773,21.780,21.780,21.788,21.796,21.796,21.803,21.811,21.826,21.834,21.842,21.849,21.865,21.880,21.888,21.895,21.911,21.918,21.926,21.926,21.934,21.949,21.956,21.964,21.972,21.972,21.979,21.979,21.979,21.987,21.995,22.002,22.010,22.018,22.025,22.033,22.041,22.041,22.041
,23.271,23.263,23.263,23.263,23.256,23.248,23.248,23.241,23.233,23.226,23.218,23.210,23.203,23.188,23.173,23.165,23.150,23.135,23.135,23.127,23.120,23.105,23.089,23.074,23.067,23.059,23.052,23.052,23.044,23.037,23.037,23.029,23.029,23.014,23.006,22.991,22.984,22.976,22.968,22.968,22.961,22.946,22.938,22.923,22.915,22.900,22.893,22.885,22.870,22.855,22.840,22.824,22.809,22.794,22.787,22.787,22.779,22.764,22.756,22.749,22.741,22.726,22.711,22.696,22.688,22.673,22.673,22.665,22.665,22.673,22.680,22.703,22.726,22.741,22.756,22.764,22.779,22.802,22.802,22.832,22.855,22.870,22.900,22.931,22.953,22.976,22.984,22.999,23.021,23.052,23.097,23.127,23.150,23.165,23.210,23.248,23.278,23.324,23.452,23.595,23.715,23.850,24.165,24.449,24.702,24.977,25.385,25.769,26.144,26.503,26.839,27.137,27.406,27.660,27.855,28.064,28.251,28.409,28.503,28.582,28.682,28.782,28.847,28.918,28.997,29.068,29.118,29.175,29.218,29.247,29.261,29.289,29.318,29.339,29.339,29.353,29.375,29.403,29.417,29.439,29.453,29.467,29.467,29.474,29.467,29.460,29.446,29.425,29.389,29.353,29.325,29.289,29.254,29.218,29.189,29.161,29.140,29.132,29.140,29.147,29.154,29.168,29.182,29.197,29.218,29.232,29.239,29.261,29.282,29.296,29.318,29.325,29.325,29.318,29.296,29.268,29.232,29.182,29.147,29.125,29.104,29.082,29.047,29.018,29.004,28.990,28.961,28.940,28.932,28.925,28.882,28.832,28.789,28.739,28.660,28.567,28.474,28.388,28.287,28.201,28.114,28.006,27.833,27.573,27.275,26.977,26.707,26.408,26.041,25.599,25.133,24.762,24.442,24.173,23.993,23.798,23.625,23.505,23.452,23.392,23.339,23.286,23.263,23.195,23.120,23.059,23.044,23.021,22.999,22.968,22.953,22.923,22.893,22.862,22.832,22.824,22.817,22.794,22.771,22.756,22.749,22.726,22.703,22.688,22.680,22.658,22.642,22.627,22.620,22.604,22.604,22.604,22.597,22.589,22.574,22.559,22.551,22.544,22.544,22.544,22.551,22.559,22.559,22.551,22.544,22.544,22.544,22.536,22.536,22.536,22.536,22.536,22.536,22.528,22.528,22.513,22.506,22.498,22.498,22.498,22.498,22.490,22.483,22.468,22.460,22.452,22.452,22.452,22.452,22.452,22.452,22.452,22.452,22.452,22.452,22.452,22.445,22.445,22.445,22.445,22.437,22.437,22.429,22.422,22.414,22.407,22.391,22.384,22.369,22.361,22.346,22.346,22.346,22.346,22.353,22.353,22.361,22.376,22.384,22.384,22.391,22.391,22.391,22.384,22.376,22.369,22.369,22.369,22.369,22.361,22.361,22.361,22.353,22.346,22.346,22.338,22.330,22.323,22.315,22.315,22.315,22.315,22.315,22.315,22.315,22.323,22.330,22.338,22.346,22.338,22.315,22.285,22.254,22.239,22.239,22.247,22.254,22.254,22.239,22.216,22.193,22.170,22.147,22.132,22.117,22.102,22.086,22.079,22.079,22.063,22.041,22.025,22.002,21.987,21.972,21.964,21.956,21.941,21.941,21.934,21.926,21.918,21.911,21.903,21.895,21.880,21.880,21.872,21.865,21.849,21.849,21.842,21.834,21.826,21.819,21.803,21.796,21.780,21.780,21.773,21.765,21.765,21.765,21.757,21.750,21.750,21.742,21.742,21.734,21.734,21.734,21.727,21.727,21.719,21.719,21.719,21.719,21.711,21.711,21.719,21.719,21.719,21.719,21.727,21.727,21.734,21.734,21.742,21.742,21.750,21.750,21.750,21.750,21.757,21.757,21.757,21.765,21.765,21.765,21.765,21.765,21.765,21.765,21.773,21.780,21.796,21.796,21.803,21.811,21.826,21.834,21.842,21.849,21.865,21.880,21.888,21.895,21.911,21.918,21.918,21.926,21.941,21.949,21.956,21.964,21.972,21.972,21.972,21.972,21.979,21.987,21.987,21.995,22.002,22.010,22.018,22.025,22.025,22.033,22.033
,23.271,23.263,23.263,23.263,23.256,23.248,23.248,23.241,23.233,23.226,23.218,23.203,23.195,23.180,23.173,23.158,23.150,23.135,23.127,23.120,23.112,23.097,23.089,23.082,23.074,23.059,23.059,23.052,23.044,23.037,23.037,23.029,23.021,23.014,23.006,22.999,22.991,22.976,22.976,22.968,22.968,22.953,22.946,22.931,22.915,22.900,22.885,22.878,22.870,22.855,22.840,22.824,22.817,22.802,22.794,22.787,22.779,22.764,22.756,22.749,22.733,22.718,22.711,22.696,22.688,22.673,22.665,22.665,22.665,22.673,22.680,22.696,22.718,22.741,22.756,22.756,22.764,22.794,22.802,22.832,22.862,22.893,22.915,22.938,22.961,22.976,22.991,23.021,23.052,23.082,23.112,23.135,23.158,23.195,23.233,23.256,23.309,23.414,23.565,23.678,23.865,24.143,24.434,24.680,25.000,25.407,25.776,26.151,26.517,26.868,27.181,27.457,27.681,27.862,28.042,28.230,28.381,28.495,28.574,28.668,28.761,28.847,28.932,29.011,29.075,29.140,29.211,29.254,29.282,29.304,29.318,29.346,29.368,29.389,29.403,29.425,29.453,29.489,29.517,29.545,29.567,29.588,29.595,29.602,29.602,29.602,29.595,29.574,29.545,29.510,29.481,29.446,29.410,29.375,29.332,29.296,29.268,29.261,29.254,29.247,29.254,29.261,29.275,29.289,29.296,29.311,29.318,29.325,29.346,29.360,29.375,29.382,29.382,29.375,29.360,29.325,29.289,29.239,29.211,29.182,29.161,29.132,29.097,29.075,29.054,29.040,29.011,28.990,28.975,28.961,28.940,28.897,28.839,28.782,28.739,28.660,28.574,28.495,28.424,28.337,28.251,28.158,28.021,27.797,27.529,27.254,27.021,26.729,26.349,25.879,25.400,24.985,24.621,24.322,24.090,23.865,23.685,23.550,23.467,23.399,23.339,23.301,23.271,23.195,23.120,23.059,23.044,23.021,22.999,22.968,22.953,22.923,22.893,22.870,22.847,22.840,22.824,22.802,22.787,22.764,22.749,22.733,22.718,22.696,22.680,22.665,22.650,22.635,22.620,22.604,22.604,22.604,22.597,22.589,22.574,22.559,22.551,22.544,22.544,22.551,22.551,22.559,22.559,22.551,22.544,22.544,22.544,22.536,22.536,22.536,22.536,22.536,22.528,22.528,22.521,22.513,22.506,22.498,22.498,22.498,22.498,22.490,22.483,22.475,22.468,22.452,22.452,22.452,22.452,22.452,22.452,22.452,22.452,22.452,22.452,22.452,22.445,22.445,22.445,22.445,22.437,22.437,22.437,22.429,22.422,22.414,22.407,22.391,22.384,22.369,22.361,22.361,22.353,22.353,22.361,22.369,22.376,22.384,22.384,22.391,22.391,22.391,22.391,22.391,22.384,22.369,22.369,22.369,22.361,22.361,22.361,22.361,22.353,22.346,22.346,22.338,22.330,22.323,22.323,22.315,22.315,22.315,22.315,22.315,22.315,22.315,22.323,22.323,22.330,22.323,22.300,22.277,22.247,22.239,22.239,22.247,22.247,22.239,22.224,22.201,22.178,22.155,22.132,22.125,22.109,22.086,22.079,22.079,22.071,22.056,22.041,22.025,22.002,21.987,21.972,21.964,21.956,21.941,21.941,21.934,21.926,21.911,21.911,21.903,21.895,21.880,21.880,21.872,21.865,21.849,21.849,21.842,21.834,21.819,21.811,21.803,21.796,21.780,21.780,21.773,21.765,21.765,21.757,21.750,21.742,21.742,21.742,21.742,21.734,21.734,21.734,21.727,21.727,21.719,21.719,21.719,21.719,21.711,21.711,21.711,21.719,21.719,21.719,21.727,21.727,21.734,21.734,21.742,21.742,21.742,21.750,21.750,21.750,21.757,21.757,21.757,21.757,21.765,21.757,21.757,21.757,21.765,21.765,21.773,21.780,21.796,21.803,21.811,21.819,21.826,21.834,21.849,21.857,21.872,21.880,21.888,21.895,21.903,21.911,21.918,21.926,21.934,21.941,21.956,21.964,21.972,21.972,21.972,21.972,21.972,21.979,21.979,21.987,21.995,22.002,22.010,22.010,22.018,22.018,22.018
,23.263,23.263,23.263,23.263,23.256,23.248,23.248,23.241,23.233,23.226,23.210,23.203,23.195,23.180,23.165,23.158,23.142,23.135,23.120,23.112,23.105,23.097,23.089,23.082,23.074,23.067,23.059,23.059,23.052,23.037,23.037,23.029,23.021,23.014,23.006,22.999,22.991,22.984,22.976,22.976,22.968,22.961,22.946,22.931,22.915,22.900,22.885,22.878,22.870,22.855,22.840,22.832,22.817,22.809,22.794,22.787,22.779,22.764,22.756,22.741,22.733,22.718,22.703,22.696,22.688,22.673,22.665,22.658,22.658,22.665,22.680,22.696,22.718,22.741,22.764,22.764,22.779,22.794,22.809,22.847,22.878,22.900,22.915,22.938,22.961,22.984,23.006,23.044,23.082,23.112,23.127,23.142,23.173,23.203,23.241,23.286,23.384,23.520,23.655,23.858,24.120,24.419,24.680,25.029,25.415,25.798,26.166,26.539,26.897,27.225,27.515,27.725,27.905,28.071,28.244,28.388,28.503,28.589,28.682,28.768,28.861,28.954,29.047,29.118,29.182,29.239,29.304,29.346,29.368,29.382,29.403,29.446,29.481,29.496,29.524,29.553,29.581,29.617,29.645,29.673,29.695,29.716,29.723,29.716,29.709,29.702,29.688,29.666,29.638,29.609,29.581,29.560,29.531,29.503,29.467,29.439,29.410,29.403,29.396,29.389,29.389,29.396,29.403,29.417,29.417,29.425,29.425,29.432,29.439,29.446,29.453,29.453,29.453,29.439,29.432,29.410,29.368,29.325,29.296,29.268,29.239,29.204,29.161,29.132,29.111,29.090,29.061,29.040,29.025,29.004,28.990,28.954,28.904,28.847,28.789,28.732,28.668,28.596,28.531,28.460,28.381,28.294,28.186,27.992,27.754,27.500,27.275,26.999,26.627,26.151,25.658,25.200,24.807,24.479,24.188,23.948,23.745,23.587,23.482,23.407,23.354,23.309,23.278,23.210,23.135,23.067,23.052,23.037,23.014,22.976,22.953,22.923,22.900,22.878,22.862,22.855,22.840,22.817,22.794,22.779,22.764,22.741,22.726,22.711,22.696,22.673,22.658,22.642,22.627,22.620,22.604,22.604,22.604,22.589,22.574,22.559,22.551,22.544,22.544,22.551,22.559,22.559,22.559,22.551,22.544,22.536,22.536,22.536,22.528,22.528,22.521,22.521,22.521,22.521,22.521,22.513,22.513,22.506,22.498,22.498,22.490,22.490,22.483,22.475,22.468,22.468,22.460,22.460,22.460,22.452,22.452,22.452,22.452,22.452,22.452,22.445,22.445,22.445,22.445,22.445,22.445,22.445,22.445,22.437,22.437,22.429,22.422,22.414,22.399,22.391,22.384,22.384,22.384,22.384,22.384,22.391,22.391,22.399,22.399,22.407,22.407,22.407,22.399,22.399,22.384,22.376,22.369,22.369,22.361,22.361,22.361,22.361,22.353,22.353,22.346,22.346,22.338,22.330,22.323,22.323,22.315,22.308,22.308,22.308,22.308,22.300,22.308,22.315,22.315,22.308,22.292,22.270,22.247,22.231,22.231,22.239,22.239,22.231,22.209,22.186,22.163,22.140,22.125,22.109,22.094,22.079,22.071,22.063,22.063,22.048,22.033,22.018,22.002,21.987,21.972,21.964,21.956,21.941,21.941,21.926,21.918,21.911,21.903,21.903,21.895,21.880,21.880,21.872,21.865,21.849,21.842,21.834,21.826,21.819,21.811,21.803,21.796,21.780,21.780,21.773,21.765,21.757,21.750,21.742,21.742,21.734,21.734,21.734,21.734,21.734,21.734,21.727,21.727,21.719,21.719,21.719,21.719,21.711,21.711,21.711,21.711,21.719,21.719,21.727,21.734,21.734,21.734,21.742,21.742,21.742,21.742,21.742,21.742,21.750,21.750,21.750,21.750,21.757,21.757,21.750,21.750,21.757,21.765,21.780,21.796,21.803,21.819,21.819,21.826,21.834,21.849,21.857,21.865,21.872,21.880,21.888,21.888,21.895,21.911,21.918,21.918,21.926,21.941,21.949,21.956,21.964,21.964,21.964,21.964,21.964,21.972,21.979,21.979,21.987,21.995,21.995,21.995,22.002,22.002,22.002
,23.263,23.263,23.263,23.263,23.256,23.248,23.241,23.241,23.226,23.218,23.203,23.203,23.188,23.173,23.165,23.150,23.142,23.127,23.120,23.112,23.105,23.089,23.089,23.082,23.082,23.074,23.067,23.059,23.052,23.044,23.037,23.029,23.021,23.014,23.006,22.999,22.999,22.991,22.984,22.984,22.976,22.961,22.946,22.931,22.915,22.900,22.885,22.878,22.870,22.855,22.840,22.832,22.824,22.809,22.802,22.787,22.779,22.764,22.749,22.741,22.726,22.718,22.703,22.696,22.688,22.673,22.665,22.658,22.658,22.665,22.673,22.688,22.711,22.741,22.764,22.779,22.794,22.809,22.817,22.855,22.893,22.908,22.923,22.938,22.961,22.991,23.029,23.074,23.105,23.135,23.142,23.165,23.188,23.218,23.263,23.354,23.482,23.640,23.805,24.090,24.397,24.695,25.022,25.429,25.828,26.195,26.569,26.926,27.268,27.565,27.797,27.956,28.122,28.280,28.416,28.524,28.625,28.703,28.789,28.882,28.982,29.075,29.161,29.225,29.289,29.346,29.396,29.432,29.460,29.481,29.503,29.553,29.595,29.624,29.645,29.673,29.709,29.744,29.773,29.801,29.815,29.829,29.829,29.815,29.801,29.787,29.766,29.737,29.709,29.688,29.666,29.645,29.624,29.602,29.574,29.560,29.545,29.538,29.531,29.524,29.531,29.531,29.538,29.545,29.545,29.545,29.545,29.545,29.545,29.545,29.545,29.538,29.531,29.524,29.510,29.489,29.453,29.410,29.382,29.360,29.332,29.282,29.239,29.204,29.175,29.147,29.118,29.097,29.075,29.054,29.040,29.011,28.968,28.918,28.854,28.797,28.746,28.682,28.617,28.560,28.495,28.416,28.323,28.158,27.949,27.725,27.507,27.232,26.853,26.378,25.879,25.400,24.977,24.606,24.270,24.015,23.790,23.602,23.489,23.414,23.346,23.301,23.278,23.226,23.150,23.074,23.059,23.052,23.021,22.984,22.953,22.923,22.900,22.878,22.870,22.862,22.847,22.824,22.802,22.794,22.779,22.756,22.733,22.718,22.703,22.688,22.665,22.650,22.635,22.620,22.612,22.612,22.604,22.589,22.574,22.559,22.551,22.544,22.544,22.551,22.559,22.559,22.559,22.551,22.544,22.536,22.528,22.528,22.528,22.521,22.513,22.513,22.513,22.513,22.513,22.513,22.513,22.506,22.506,22.498,22.490,22.483,22.475,22.475,22.468,22.468,22.468,22.468,22.460,22.460,22.460,22.452,22.452,22.445,22.445,22.445,22.437,22.437,22.437,22.437,22.445,22.445,22.445,22.445,22.445,22.445,22.429,22.429,22.422,22.414,22.407,22.399,22.399,22.399,22.399,22.407,22.407,22.407,22.414,22.414,22.414,22.407,22.407,22.399,22.391,22.376,22.369,22.369,22.361,22.353,22.353,22.353,22.353,22.353,22.353,22.346,22.338,22.330,22.330,22.323,22.315,22.308,22.300,22.300,22.292,22.292,22.300,22.300,22.300,22.292,22.277,22.254,22.239,22.224,22.224,22.224,22.224,22.216,22.193,22.170,22.147,22.125,22.109,22.102,22.086,22.071,22.056,22.056,22.048,22.041,22.025,22.018,22.002,21.987,21.979,21.964,21.956,21.941,21.934,21.926,21.918,21.911,21.903,21.895,21.888,21.880,21.872,21.872,21.857,21.849,21.842,21.834,21.826,21.819,21.811,21.803,21.796,21.780,21.780,21.773,21.765,21.750,21.742,21.742,21.734,21.727,21.727,21.734,21.742,21.734,21.734,21.727,21.719,21.719,21.719,21.711,21.711,21.711,21.711,21.711,21.711,21.711,21.719,21.727,21.734,21.734,21.734,21.734,21.734,21.734,21.734,21.734,21.742,21.742,21.742,21.742,21.750,21.750,21.750,21.750,21.750,21.757,21.773,21.788,21.796,21.811,21.819,21.826,21.826,21.842,21.849,21.857,21.865,21.872,21.880,21.880,21.888,21.888,21.903,21.903,21.911,21.918,21.934,21.941,21.956,21.956,21.956,21.956,21.956,21.956,21.964,21.972,21.972,21.979,21.987,21.987,21.987,21.987,21.987,21.987
,23.263,23.263,23.263,23.263,23.256,23.241,23.241,23.233,23.226,23.210,23.203,23.195,23.188,23.173,23.165,23.150,23.142,23.127,23.120,23.105,23.097,23.089,23.089,23.089,23.082,23.074,23.074,23.059,23.052,23.044,23.037,23.029,23.021,23.006,23.006,23.006,22.999,22.991,22.991,22.984,22.976,22.961,22.946,22.931,22.915,22.900,22.885,22.878,22.862,22.847,22.840,22.832,22.824,22.809,22.802,22.787,22.771,22.756,22.749,22.733,22.726,22.711,22.703,22.696,22.688,22.673,22.665,22.658,22.658,22.665,22.673,22.688,22.711,22.733,22.771,22.794,22.809,22.817,22.824,22.862,22.900,22.915,22.923,22.938,22.968,23.006,23.052,23.105,23.135,23.150,23.165,23.188,23.210,23.233,23.331,23.467,23.610,23.768,24.038,24.359,24.673,25.000,25.451,25.850,26.232,26.598,26.970,27.304,27.609,27.869,28.013,28.165,28.316,28.460,28.553,28.646,28.739,28.825,28.897,28.997,29.097,29.197,29.268,29.332,29.389,29.439,29.474,29.510,29.545,29.581,29.602,29.652,29.695,29.723,29.744,29.773,29.815,29.851,29.872,29.893,29.907,29.914,29.907,29.886,29.865,29.844,29.822,29.787,29.758,29.737,29.716,29.695,29.680,29.666,29.652,29.645,29.645,29.645,29.645,29.645,29.652,29.659,29.659,29.659,29.659,29.652,29.652,29.645,29.645,29.645,29.638,29.631,29.617,29.602,29.581,29.553,29.524,29.489,29.453,29.439,29.410,29.368,29.325,29.282,29.239,29.204,29.175,29.147,29.125,29.111,29.082,29.061,29.025,28.990,28.925,28.861,28.804,28.754,28.689,28.632,28.574,28.517,28.431,28.287,28.122,27.934,27.703,27.421,27.043,26.561,26.078,25.599,25.141,24.717,24.374,24.083,23.828,23.617,23.497,23.407,23.339,23.286,23.271,23.218,23.150,23.074,23.067,23.052,23.021,22.984,22.946,22.915,22.893,22.878,22.870,22.870,22.855,22.832,22.809,22.794,22.779,22.764,22.741,22.726,22.711,22.688,22.673,22.658,22.635,22.620,22.612,22.604,22.604,22.589,22.574,22.559,22.551,22.544,22.544,22.551,22.551,22.551,22.551,22.544,22.536,22.528,22.528,22.521,22.521,22.513,22.513,22.513,22.513,22.513,22.513,22.513,22.513,22.506,22.506,22.490,22.483,22.468,22.468,22.468,22.468,22.460,22.460,22.460,22.460,22.452,22.452,22.452,22.445,22.445,22.437,22.437,22.437,22.437,22.437,22.437,22.437,22.437,22.445,22.445,22.445,22.445,22.437,22.437,22.429,22.422,22.414,22.407,22.407,22.399,22.399,22.407,22.414,22.414,22.414,22.414,22.414,22.407,22.399,22.391,22.384,22.376,22.369,22.361,22.353,22.346,22.346,22.346,22.346,22.346,22.346,22.346,22.338,22.330,22.330,22.323,22.315,22.308,22.300,22.292,22.285,22.285,22.285,22.292,22.292,22.285,22.270,22.254,22.231,22.209,22.209,22.216,22.216,22.201,22.178,22.155,22.132,22.109,22.102,22.086,22.079,22.063,22.056,22.056,22.048,22.033,22.025,22.018,22.002,21.987,21.979,21.964,21.956,21.941,21.934,21.926,21.918,21.903,21.903,21.895,21.888,21.872,21.872,21.865,21.857,21.842,21.842,21.834,21.826,21.811,21.811,21.803,21.796,21.780,21.780,21.773,21.765,21.750,21.742,21.734,21.727,21.727,21.727,21.734,21.734,21.734,21.734,21.727,21.719,21.719,21.719,21.711,21.711,21.704,21.704,21.704,21.711,21.711,21.711,21.719,21.727,21.727,21.727,21.727,21.734,21.734,21.734,21.734,21.742,21.742,21.742,21.742,21.742,21.750,21.750,21.750,21.750,21.765,21.773,21.788,21.803,21.819,21.819,21.826,21.834,21.842,21.849,21.857,21.865,21.872,21.872,21.872,21.880,21.888,21.888,21.895,21.903,21.918,21.926,21.941,21.949,21.949,21.949,21.949,21.949,21.956,21.956,21.964,21.964,21.964,21.972,21.972,21.972,21.972,21.972,21.972
,23.263,23.263,23.263,23.263,23.256,23.241,23.241,23.233,23.226,23.210,23.203,23.195,23.188,23.173,23.165,23.150,23.142,23.127,23.112,23.105,23.097,23.089,23.089,23.089,23.082,23.074,23.074,23.059,23.052,23.037,23.029,23.021,23.014,23.006,23.006,23.006,22.999,22.991,22.991,22.984,22.976,22.961,22.953,22.938,22.923,22.900,22.885,22.870,22.862,22.847,22.832,22.824,22.817,22.802,22.794,22.779,22.771,22.756,22.741,22.733,22.726,22.711,22.703,22.688,22.680,22.673,22.665,22.658,22.658,22.665,22.673,22.688,22.711,22.733,22.764,22.802,22.817,22.817,22.824,22.862,22.893,22.908,22.915,22.946,22.976,23.021,23.074,23.127,23.158,23.173,23.195,23.210,23.241,23.293,23.437,23.587,23.768,23.985,24.300,24.628,25.007,25.437,25.842,26.239,26.627,27.006,27.333,27.645,27.884,28.049,28.201,28.352,28.467,28.553,28.675,28.768,28.839,28.904,28.982,29.082,29.175,29.261,29.339,29.403,29.446,29.481,29.524,29.560,29.595,29.631,29.659,29.688,29.716,29.744,29.766,29.787,29.822,29.858,29.872,29.879,29.886,29.886,29.872,29.865,29.844,29.822,29.794,29.766,29.751,29.730,29.716,29.695,29.673,29.659,29.652,29.659,29.666,29.673,29.680,29.688,29.695,29.702,29.702,29.702,29.702,29.695,29.695,29.695,29.695,29.695,29.695,29.688,29.666,29.645,29.617,29.588,29.553,29.517,29.496,29.481,29.460,29.432,29.396,29.353,29.318,29.282,29.232,29.197,29.175,29.161,29.140,29.111,29.075,29.040,28.997,28.932,28.868,28.811,28.761,28.696,28.639,28.582,28.517,28.388,28.244,28.086,27.905,27.623,27.246,26.788,26.320,25.850,25.378,24.926,24.539,24.203,23.925,23.708,23.535,23.407,23.331,23.293,23.263,23.210,23.142,23.089,23.074,23.052,23.021,22.984,22.946,22.915,22.893,22.870,22.862,22.855,22.832,22.809,22.794,22.787,22.779,22.756,22.733,22.718,22.703,22.680,22.665,22.650,22.635,22.620,22.612,22.604,22.597,22.582,22.574,22.559,22.551,22.544,22.544,22.544,22.551,22.551,22.551,22.544,22.536,22.528,22.528,22.521,22.513,22.513,22.513,22.513,22.513,22.513,22.513,22.513,22.513,22.506,22.498,22.483,22.468,22.460,22.452,22.452,22.452,22.452,22.452,22.452,22.452,22.452,22.452,22.445,22.437,22.437,22.437,22.437,22.437,22.437,22.437,22.437,22.429,22.429,22.437,22.437,22.429,22.429,22.429,22.422,22.414,22.414,22.407,22.399,22.391,22.391,22.391,22.391,22.399,22.407,22.407,22.407,22.399,22.399,22.391,22.384,22.376,22.369,22.361,22.353,22.346,22.346,22.346,22.346,22.346,22.346,22.338,22.338,22.330,22.330,22.323,22.315,22.308,22.300,22.292,22.285,22.277,22.277,22.285,22.285,22.285,22.277,22.262,22.247,22.224,22.209,22.209,22.209,22.209,22.193,22.170,22.147,22.125,22.102,22.094,22.086,22.079,22.071,22.063,22.056,22.048,22.033,22.025,22.010,22.002,21.987,21.979,21.972,21.956,21.941,21.934,21.918,21.911,21.903,21.895,21.888,21.880,21.872,21.865,21.857,21.849,21.842,21.834,21.826,21.819,21.811,21.811,21.803,21.796,21.780,21.780,21.773,21.765,21.750,21.742,21.734,21.727,21.727,21.727,21.727,21.734,21.734,21.734,21.727,21.719,21.719,21.719,21.711,21.711,21.704,21.704,21.704,21.711,21.711,21.711,21.711,21.711,21.719,21.727,21.727,21.734,21.734,21.734,21.734,21.742,21.742,21.742,21.742,21.742,21.750,21.750,21.750,21.757,21.773,21.773,21.788,21.796,21.811,21.819,21.819,21.826,21.834,21.842,21.849,21.857,21.865,21.872,21.872,21.872,21.888,21.888,21.895,21.903,21.911,21.918,21.934,21.941,21.949,21.949,21.949,21.949,21.949,21.956,21.956,21.956,21.964,21.964,21.964,21.964,21.964,21.964,21.964
,23.271,23.263,23.263,23.256,23.248,23.241,23.233,23.226,23.218,23.210,23.203,23.195,23.188,23.180,23.165,23.150,23.142,23.127,23.112,23.105,23.097,23.089,23.089,23.089,23.082,23.074,23.067,23.059,23.052,23.037,23.029,23.014,23.006,22.999,22.999,22.999,22.999,22.991,22.991,22.984,22.976,22.961,22.953,22.938,22.923,22.908,22.893,22.870,22.862,22.847,22.832,22.817,22.809,22.802,22.787,22.779,22.764,22.756,22.741,22.733,22.726,22.711,22.703,22.688,22.680,22.673,22.665,22.658,22.665,22.665,22.680,22.696,22.711,22.741,22.764,22.802,22.817,22.809,22.824,22.862,22.893,22.908,22.915,22.946,22.991,23.044,23.097,23.135,23.165,23.180,23.203,23.218,23.263,23.361,23.535,23.715,23.948,24.232,24.568,24.963,25.378,25.813,26.224,26.620,26.992,27.341,27.667,27.891,28.071,28.215,28.373,28.467,28.560,28.668,28.775,28.854,28.918,28.982,29.061,29.154,29.239,29.318,29.389,29.446,29.489,29.517,29.560,29.588,29.624,29.645,29.666,29.695,29.723,29.751,29.773,29.794,29.829,29.858,29.872,29.879,29.886,29.879,29.872,29.865,29.844,29.822,29.794,29.780,29.766,29.744,29.723,29.695,29.673,29.652,29.638,29.638,29.638,29.638,29.638,29.645,29.645,29.652,29.652,29.659,29.659,29.659,29.659,29.666,29.673,29.688,29.695,29.695,29.680,29.659,29.638,29.617,29.581,29.545,29.531,29.510,29.496,29.474,29.439,29.410,29.382,29.346,29.304,29.268,29.232,29.211,29.189,29.161,29.125,29.082,29.047,29.004,28.954,28.890,28.832,28.775,28.718,28.653,28.596,28.495,28.373,28.237,28.086,27.833,27.479,27.043,26.576,26.122,25.651,25.170,24.747,24.374,24.060,23.798,23.580,23.437,23.354,23.301,23.248,23.203,23.142,23.089,23.074,23.059,23.029,22.984,22.946,22.915,22.893,22.878,22.855,22.840,22.817,22.794,22.787,22.779,22.764,22.749,22.726,22.711,22.696,22.680,22.658,22.650,22.635,22.620,22.604,22.597,22.589,22.582,22.566,22.559,22.551,22.544,22.544,22.544,22.551,22.551,22.544,22.536,22.536,22.528,22.521,22.521,22.513,22.513,22.513,22.513,22.513,22.513,22.513,22.513,22.513,22.506,22.490,22.475,22.460,22.445,22.437,22.437,22.437,22.437,22.437,22.437,22.437,22.437,22.437,22.437,22.429,22.429,22.429,22.429,22.429,22.429,22.429,22.422,22.422,22.414,22.422,22.422,22.414,22.414,22.407,22.399,22.399,22.391,22.384,22.376,22.376,22.369,22.376,22.376,22.384,22.384,22.391,22.391,22.384,22.384,22.376,22.376,22.369,22.361,22.353,22.346,22.346,22.338,22.338,22.338,22.338,22.330,22.323,22.323,22.323,22.315,22.308,22.308,22.300,22.292,22.285,22.277,22.277,22.277,22.277,22.285,22.285,22.277,22.262,22.239,22.216,22.201,22.201,22.209,22.209,22.193,22.170,22.147,22.125,22.102,22.094,22.086,22.086,22.079,22.063,22.056,22.048,22.033,22.025,22.010,22.002,21.987,21.979,21.972,21.956,21.941,21.934,21.918,21.911,21.903,21.895,21.888,21.880,21.872,21.857,21.849,21.842,21.834,21.826,21.826,21.819,21.811,21.803,21.796,21.788,21.780,21.780,21.773,21.765,21.757,21.742,21.742,21.734,21.727,21.727,21.727,21.727,21.727,21.727,21.727,21.719,21.719,21.719,21.711,21.704,21.704,21.704,21.704,21.704,21.704,21.704,21.704,21.704,21.704,21.719,21.727,21.734,21.742,21.742,21.742,21.742,21.742,21.742,21.742,21.742,21.750,21.750,21.757,21.765,21.773,21.780,21.788,21.796,21.803,21.803,21.811,21.819,21.819,21.826,21.842,21.849,21.849,21.865,21.865,21.872,21.880,21.888,21.895,21.895,21.903,21.918,21.926,21.934,21.941,21.941,21.949,21.949,21.949,21.949,21.949,21.949,21.949,21.956,21.956,21.956,21.964,21.964,21.964
,23.271,23.263,23.263,23.256,23.248,23.241,23.233,23.226,23.218,23.203,23.203,23.203,23.195,23.180,23.165,23.150,23.142,23.127,23.112,23.105,23.097,23.089,23.089,23.082,23.082,23.074,23.059,23.059,23.044,23.037,23.029,23.014,23.006,22.999,22.999,22.999,22.991,22.991,22.984,22.984,22.968,22.961,22.946,22.938,22.923,22.908,22.893,22.878,22.855,22.840,22.824,22.817,22.802,22.794,22.779,22.771,22.756,22.749,22.733,22.733,22.726,22.711,22.696,22.688,22.680,22.665,22.665,22.665,22.665,22.673,22.688,22.696,22.718,22.741,22.764,22.787,22.794,22.787,22.809,22.855,22.893,22.908,22.923,22.961,23.014,23.074,23.127,23.150,23.165,23.180,23.203,23.233,23.301,23.422,23.625,23.858,24.150,24.494,24.873,25.318,25.761,26.188,26.591,26.970,27.326,27.652,27.912,28.078,28.237,28.388,28.495,28.567,28.660,28.782,28.875,28.940,29.004,29.068,29.140,29.225,29.311,29.382,29.446,29.489,29.524,29.553,29.595,29.624,29.645,29.659,29.680,29.709,29.737,29.758,29.787,29.808,29.836,29.858,29.879,29.886,29.893,29.893,29.886,29.879,29.865,29.844,29.822,29.808,29.794,29.773,29.744,29.716,29.688,29.659,29.638,29.624,29.617,29.609,29.609,29.609,29.609,29.609,29.624,29.631,29.638,29.645,29.645,29.652,29.666,29.680,29.695,29.702,29.695,29.680,29.666,29.645,29.617,29.581,29.567,29.545,29.524,29.503,29.481,29.460,29.432,29.403,29.375,29.339,29.304,29.268,29.247,29.218,29.182,29.140,29.111,29.082,29.040,28.982,28.911,28.861,28.804,28.739,28.675,28.589,28.488,28.381,28.244,28.021,27.703,27.290,26.839,26.393,25.931,25.444,24.970,24.568,24.217,23.910,23.663,23.497,23.384,23.309,23.256,23.203,23.142,23.089,23.082,23.067,23.037,22.991,22.953,22.923,22.900,22.885,22.862,22.840,22.809,22.794,22.779,22.771,22.756,22.741,22.726,22.703,22.688,22.673,22.658,22.642,22.635,22.620,22.604,22.597,22.589,22.574,22.566,22.559,22.551,22.544,22.544,22.544,22.544,22.544,22.536,22.536,22.528,22.521,22.521,22.513,22.513,22.506,22.506,22.513,22.521,22.513,22.513,22.513,22.506,22.490,22.475,22.468,22.452,22.437,22.429,22.422,22.422,22.422,22.422,22.422,22.429,22.429,22.429,22.422,22.422,22.422,22.422,22.422,22.422,22.422,22.422,22.422,22.414,22.407,22.407,22.407,22.399,22.391,22.391,22.384,22.376,22.369,22.369,22.361,22.353,22.353,22.353,22.361,22.361,22.369,22.369,22.369,22.369,22.369,22.369,22.361,22.353,22.353,22.346,22.338,22.338,22.338,22.330,22.330,22.323,22.323,22.315,22.315,22.308,22.300,22.300,22.292,22.292,22.285,22.277,22.277,22.270,22.270,22.270,22.277,22.285,22.277,22.262,22.231,22.209,22.193,22.186,22.201,22.201,22.193,22.170,22.147,22.125,22.102,22.094,22.094,22.086,22.079,22.071,22.056,22.048,22.033,22.018,22.010,22.002,21.987,21.972,21.972,21.956,21.941,21.926,21.918,21.903,21.895,21.888,21.888,21.872,21.865,21.857,21.849,21.842,21.826,21.826,21.819,21.819,21.811,21.803,21.796,21.788,21.780,21.773,21.773,21.765,21.757,21.750,21.742,21.734,21.727,21.727,21.727,21.719,21.719,21.719,21.719,21.719,21.719,21.711,21.711,21.704,21.696,21.696,21.696,21.704,21.704,21.696,21.696,21.696,21.696,21.711,21.719,21.734,21.742,21.742,21.742,21.734,21.734,21.734,21.742,21.742,21.750,21.757,21.765,21.765,21.780,21.780,21.788,21.788,21.796,21.796,21.803,21.803,21.811,21.819,21.826,21.834,21.842,21.857,21.865,21.872,21.880,21.888,21.888,21.895,21.895,21.911,21.918,21.926,21.934,21.941,21.941,21.941,21.941,21.941,21.941,21.941,21.949,21.949,21.949,21.956,21.956,21.956,21.956
,23.263,23.263,23.263,23.256,23.248,23.233,23.233,23.226,23.218,23.203,23.203,23.195,23.195,23.180,23.173,23.158,23.142,23.127,23.120,23.112,23.105,23.089,23.089,23.082,23.074,23.067,23.059,23.052,23.044,23.029,23.029,23.014,23.006,22.999,22.999,22.991,22.991,22.984,22.976,22.976,22.968,22.953,22.946,22.938,22.923,22.908,22.893,22.878,22.855,22.840,22.824,22.809,22.802,22.787,22.771,22.764,22.756,22.741,22.733,22.726,22.726,22.711,22.696,22.680,22.673,22.665,22.665,22.665,22.665,22.680,22.688,22.703,22.726,22.749,22.764,22.764,22.771,22.771,22.802,22.855,22.893,22.908,22.931,22.976,23.037,23.097,23.150,23.165,23.180,23.195,23.218,23.271,23.361,23.505,23.730,24.038,24.397,24.777,25.222,25.688,26.144,26.569,26.955,27.304,27.645,27.941,28.086,28.244,28.409,28.546,28.567,28.668,28.782,28.890,28.968,29.047,29.104,29.154,29.225,29.311,29.389,29.453,29.510,29.538,29.574,29.602,29.638,29.659,29.673,29.680,29.702,29.737,29.766,29.780,29.808,29.829,29.851,29.872,29.893,29.907,29.914,29.914,29.914,29.914,29.900,29.879,29.858,29.844,29.822,29.808,29.780,29.744,29.709,29.680,29.659,29.638,29.624,29.609,29.609,29.602,29.609,29.617,29.631,29.645,29.652,29.659,29.666,29.673,29.688,29.702,29.716,29.716,29.716,29.709,29.695,29.680,29.652,29.624,29.602,29.581,29.560,29.538,29.517,29.496,29.474,29.446,29.432,29.396,29.368,29.339,29.311,29.268,29.232,29.204,29.182,29.154,29.118,29.068,29.004,28.947,28.897,28.847,28.768,28.682,28.596,28.510,28.381,28.186,27.898,27.515,27.094,26.671,26.224,25.739,25.222,24.792,24.397,24.045,23.790,23.587,23.429,23.324,23.271,23.210,23.142,23.097,23.089,23.074,23.052,23.006,22.968,22.938,22.915,22.900,22.893,22.855,22.824,22.802,22.787,22.771,22.756,22.733,22.718,22.703,22.688,22.665,22.650,22.642,22.635,22.620,22.604,22.597,22.589,22.574,22.566,22.559,22.551,22.544,22.544,22.544,22.536,22.528,22.528,22.528,22.521,22.513,22.513,22.513,22.506,22.498,22.506,22.513,22.513,22.513,22.506,22.506,22.490,22.483,22.468,22.460,22.445,22.429,22.422,22.414,22.414,22.407,22.407,22.407,22.414,22.414,22.414,22.414,22.414,22.422,22.422,22.422,22.422,22.414,22.414,22.414,22.407,22.391,22.391,22.391,22.384,22.376,22.376,22.369,22.361,22.353,22.353,22.346,22.338,22.338,22.338,22.346,22.346,22.353,22.353,22.353,22.353,22.353,22.353,22.346,22.346,22.338,22.330,22.330,22.330,22.323,22.323,22.315,22.315,22.308,22.308,22.300,22.292,22.285,22.285,22.285,22.285,22.277,22.277,22.270,22.262,22.262,22.262,22.277,22.277,22.270,22.254,22.224,22.201,22.178,22.170,22.178,22.186,22.186,22.163,22.140,22.117,22.094,22.094,22.094,22.086,22.079,22.071,22.056,22.041,22.025,22.018,22.010,22.002,21.987,21.972,21.964,21.956,21.941,21.926,21.911,21.903,21.888,21.880,21.880,21.872,21.857,21.857,21.842,21.834,21.826,21.826,21.819,21.811,21.811,21.803,21.796,21.788,21.773,21.773,21.765,21.765,21.757,21.757,21.750,21.742,21.727,21.727,21.727,21.719,21.711,21.711,21.711,21.711,21.711,21.704,21.704,21.696,21.688,21.688,21.688,21.696,21.696,21.688,21.688,21.681,21.688,21.696,21.711,21.727,21.734,21.734,21.734,21.734,21.734,21.734,21.742,21.742,21.750,21.757,21.765,21.773,21.780,21.780,21.780,21.780,21.788,21.788,21.788,21.796,21.803,21.811,21.819,21.826,21.842,21.849,21.857,21.865,21.880,21.880,21.880,21.888,21.895,21.903,21.911,21.918,21.934,21.934,21.934,21.934,21.941,21.941,21.941,21.941,21.949,21.949,21.949,21.956,21.956,21.956,21.956
,23.263,23.263,23.263,23.248,23.241,23.233,23.226,23.218,23.210,23.203,23.203,23.195,23.188,23.173,23.165,23.158,23.142,23.127,23.120,23.112,23.105,23.089,23.082,23.074,23.067,23.059,23.052,23.044,23.037,23.029,23.021,23.014,23.006,22.999,22.999,22.991,22.984,22.976,22.968,22.961,22.953,22.946,22.938,22.931,22.923,22.908,22.893,22.878,22.855,22.832,22.817,22.809,22.794,22.779,22.771,22.756,22.749,22.741,22.733,22.726,22.718,22.703,22.688,22.673,22.665,22.665,22.665,22.665,22.665,22.673,22.688,22.711,22.733,22.764,22.794,22.787,22.771,22.771,22.809,22.862,22.900,22.923,22.953,23.006,23.067,23.120,23.165,23.195,23.218,23.241,23.278,23.376,23.505,23.678,23.948,24.322,24.717,25.126,25.607,26.092,26.539,26.941,27.297,27.660,27.934,28.122,28.273,28.452,28.560,28.610,28.696,28.804,28.897,28.982,29.075,29.140,29.197,29.247,29.332,29.403,29.467,29.517,29.560,29.588,29.617,29.645,29.673,29.702,29.723,29.737,29.751,29.787,29.815,29.829,29.844,29.858,29.886,29.914,29.943,29.950,29.957,29.957,29.957,29.957,29.943,29.929,29.900,29.886,29.865,29.844,29.815,29.787,29.758,29.723,29.702,29.688,29.673,29.659,29.645,29.645,29.645,29.659,29.673,29.688,29.695,29.695,29.702,29.702,29.716,29.730,29.744,29.744,29.744,29.737,29.723,29.709,29.688,29.659,29.631,29.617,29.595,29.574,29.545,29.531,29.510,29.496,29.474,29.453,29.432,29.410,29.382,29.339,29.304,29.268,29.247,29.218,29.189,29.140,29.082,29.025,28.975,28.925,28.868,28.775,28.682,28.596,28.495,28.323,28.049,27.703,27.341,26.955,26.525,26.048,25.503,25.044,24.621,24.240,23.925,23.655,23.474,23.369,23.301,23.203,23.135,23.105,23.097,23.082,23.052,23.014,22.968,22.938,22.923,22.908,22.893,22.878,22.862,22.847,22.817,22.787,22.764,22.741,22.726,22.711,22.688,22.673,22.658,22.650,22.635,22.620,22.612,22.597,22.589,22.574,22.566,22.559,22.559,22.544,22.544,22.544,22.536,22.528,22.528,22.521,22.513,22.513,22.506,22.498,22.498,22.498,22.498,22.498,22.506,22.506,22.490,22.483,22.475,22.468,22.460,22.452,22.445,22.429,22.429,22.422,22.414,22.407,22.407,22.407,22.407,22.407,22.414,22.414,22.414,22.422,22.422,22.422,22.422,22.414,22.414,22.407,22.399,22.391,22.391,22.391,22.384,22.376,22.369,22.361,22.353,22.353,22.346,22.338,22.338,22.338,22.338,22.346,22.346,22.353,22.353,22.353,22.353,22.353,22.346,22.338,22.330,22.330,22.330,22.330,22.323,22.323,22.315,22.315,22.308,22.308,22.300,22.300,22.292,22.285,22.285,22.285,22.285,22.277,22.277,22.270,22.262,22.262,22.262,22.270,22.270,22.262,22.239,22.209,22.178,22.163,22.155,22.163,22.163,22.163,22.140,22.125,22.109,22.094,22.094,22.094,22.086,22.079,22.071,22.056,22.041,22.018,22.010,22.002,21.995,21.979,21.964,21.956,21.949,21.926,21.918,21.903,21.895,21.880,21.872,21.872,21.865,21.857,21.849,21.842,21.834,21.826,21.826,21.819,21.811,21.803,21.796,21.788,21.780,21.773,21.765,21.765,21.757,21.757,21.750,21.742,21.734,21.727,21.727,21.727,21.719,21.711,21.711,21.711,21.704,21.704,21.696,21.696,21.696,21.688,21.688,21.688,21.688,21.688,21.688,21.681,21.681,21.688,21.688,21.704,21.719,21.727,21.734,21.727,21.727,21.734,21.734,21.742,21.750,21.757,21.757,21.765,21.773,21.773,21.780,21.780,21.780,21.780,21.788,21.788,21.796,21.803,21.811,21.819,21.826,21.842,21.842,21.849,21.857,21.872,21.880,21.880,21.880,21.888,21.895,21.903,21.911,21.926,21.934,21.934,21.934,21.941,21.941,21.941,21.941,21.949,21.949,21.949,21.956,21.956,21.956,21.956
,23.263,23.256,23.256,23.248,23.241,23.233,23.226,23.218,23.210,23.203,23.195,23.188,23.180,23.173,23.165,23.158,23.150,23.135,23.120,23.120,23.105,23.089,23.082,23.067,23.059,23.044,23.037,23.037,23.029,23.021,23.021,23.014,23.014,23.006,22.999,22.991,22.984,22.968,22.961,22.953,22.946,22.931,22.923,22.923,22.915,22.908,22.885,22.870,22.855,22.832,22.817,22.802,22.794,22.779,22.771,22.756,22.749,22.741,22.726,22.718,22.711,22.696,22.680,22.673,22.665,22.658,22.658,22.658,22.658,22.673,22.696,22.718,22.741,22.764,22.779,22.771,22.771,22.779,22.817,22.870,22.908,22.931,22.961,23.014,23.074,23.120,23.165,23.195,23.233,23.278,23.369,23.497,23.670,23.895,24.240,24.650,25.081,25.533,26.034,26.517,26.955,27.333,27.688,27.956,28.158,28.316,28.488,28.589,28.668,28.732,28.832,28.911,28.997,29.090,29.175,29.225,29.282,29.346,29.425,29.481,29.531,29.574,29.617,29.638,29.659,29.688,29.723,29.751,29.766,29.787,29.815,29.851,29.879,29.893,29.893,29.907,29.929,29.950,29.971,29.985,29.985,29.978,29.985,29.985,29.978,29.957,29.929,29.914,29.893,29.865,29.844,29.815,29.787,29.758,29.737,29.723,29.702,29.680,29.659,29.645,29.638,29.645,29.680,29.702,29.709,29.716,29.723,29.737,29.758,29.780,29.787,29.780,29.773,29.766,29.751,29.744,29.723,29.695,29.673,29.652,29.631,29.609,29.581,29.567,29.545,29.524,29.510,29.496,29.474,29.453,29.432,29.403,29.368,29.325,29.304,29.282,29.247,29.204,29.147,29.097,29.047,28.990,28.940,28.861,28.782,28.696,28.603,28.452,28.222,27.912,27.580,27.239,26.824,26.342,25.798,25.304,24.851,24.442,24.053,23.768,23.557,23.414,23.301,23.218,23.150,23.112,23.097,23.082,23.059,23.021,22.976,22.946,22.931,22.908,22.885,22.878,22.862,22.855,22.824,22.794,22.771,22.749,22.733,22.718,22.696,22.680,22.665,22.650,22.642,22.627,22.612,22.604,22.589,22.582,22.574,22.566,22.559,22.551,22.544,22.544,22.536,22.528,22.521,22.513,22.513,22.506,22.498,22.490,22.490,22.490,22.483,22.483,22.483,22.483,22.475,22.468,22.452,22.452,22.445,22.445,22.445,22.437,22.429,22.429,22.422,22.414,22.407,22.407,22.399,22.399,22.407,22.414,22.422,22.422,22.422,22.422,22.422,22.414,22.414,22.407,22.407,22.399,22.391,22.391,22.384,22.376,22.369,22.369,22.361,22.353,22.346,22.346,22.338,22.338,22.346,22.346,22.353,22.353,22.353,22.353,22.346,22.346,22.338,22.330,22.330,22.323,22.323,22.323,22.323,22.315,22.315,22.308,22.308,22.300,22.300,22.300,22.292,22.285,22.285,22.285,22.285,22.277,22.277,22.270,22.262,22.254,22.262,22.270,22.270,22.262,22.231,22.201,22.170,22.147,22.140,22.140,22.140,22.140,22.125,22.117,22.102,22.094,22.094,22.094,22.086,22.079,22.063,22.048,22.033,22.018,22.010,21.995,21.987,21.979,21.956,21.949,21.934,21.926,21.911,21.895,21.888,21.872,21.865,21.857,21.857,21.857,21.849,21.842,21.842,21.834,21.826,21.826,21.819,21.803,21.796,21.780,21.773,21.765,21.757,21.757,21.757,21.750,21.742,21.742,21.734,21.727,21.727,21.727,21.719,21.711,21.704,21.696,21.696,21.688,21.688,21.688,21.688,21.688,21.688,21.681,21.681,21.681,21.681,21.681,21.688,21.688,21.688,21.696,21.704,21.711,21.719,21.719,21.719,21.734,21.734,21.742,21.750,21.757,21.757,21.765,21.765,21.765,21.765,21.773,21.773,21.780,21.780,21.788,21.796,21.803,21.819,21.826,21.834,21.842,21.842,21.849,21.857,21.865,21.872,21.872,21.872,21.888,21.895,21.903,21.911,21.918,21.926,21.934,21.934,21.941,21.941,21.949,21.949,21.956,21.956,21.956,21.956,21.956,21.956,21.956
,23.263,23.256,23.256,23.248,23.241,23.233,23.226,23.218,23.210,23.203,23.195,23.188,23.180,23.173,23.165,23.158,23.150,23.142,23.127,23.120,23.112,23.097,23.074,23.067,23.052,23.037,23.029,23.021,23.021,23.021,23.021,23.021,23.014,23.006,22.999,22.991,22.976,22.961,22.946,22.938,22.931,22.923,22.915,22.915,22.908,22.900,22.885,22.870,22.855,22.832,22.817,22.802,22.794,22.779,22.771,22.756,22.749,22.733,22.726,22.711,22.703,22.688,22.680,22.673,22.665,22.658,22.658,22.658,22.665,22.680,22.703,22.726,22.749,22.764,22.764,22.771,22.771,22.779,22.824,22.870,22.908,22.931,22.984,23.029,23.074,23.127,23.165,23.195,23.241,23.309,23.452,23.610,23.835,24.143,24.561,25.007,25.474,25.960,26.466,26.941,27.362,27.725,28.021,28.208,28.366,28.510,28.639,28.703,28.775,28.868,28.940,29.011,29.090,29.189,29.261,29.311,29.375,29.439,29.489,29.538,29.588,29.631,29.666,29.688,29.716,29.744,29.780,29.808,29.829,29.851,29.886,29.922,29.950,29.964,29.971,29.978,29.999,30.021,30.035,30.042,30.035,30.028,30.028,30.021,30.006,29.985,29.957,29.943,29.922,29.893,29.865,29.844,29.815,29.794,29.773,29.751,29.730,29.702,29.673,29.652,29.645,29.652,29.688,29.709,29.723,29.730,29.737,29.751,29.780,29.815,29.815,29.801,29.794,29.780,29.773,29.766,29.751,29.737,29.716,29.695,29.666,29.645,29.617,29.595,29.574,29.553,29.538,29.524,29.503,29.489,29.474,29.446,29.417,29.389,29.360,29.332,29.304,29.261,29.211,29.161,29.111,29.054,28.997,28.932,28.868,28.797,28.703,28.574,28.388,28.136,27.840,27.522,27.130,26.649,26.100,25.570,25.089,24.650,24.210,23.895,23.648,23.459,23.324,23.241,23.173,23.105,23.097,23.089,23.059,23.021,22.984,22.953,22.931,22.908,22.885,22.862,22.855,22.847,22.817,22.794,22.771,22.756,22.733,22.726,22.703,22.688,22.665,22.658,22.642,22.627,22.612,22.604,22.597,22.589,22.582,22.566,22.559,22.551,22.544,22.544,22.536,22.521,22.513,22.513,22.506,22.498,22.490,22.490,22.483,22.483,22.475,22.475,22.468,22.468,22.460,22.445,22.437,22.437,22.437,22.437,22.445,22.437,22.437,22.437,22.429,22.414,22.407,22.399,22.399,22.391,22.399,22.407,22.422,22.422,22.422,22.422,22.414,22.414,22.407,22.407,22.399,22.399,22.391,22.384,22.376,22.376,22.369,22.361,22.353,22.353,22.346,22.338,22.338,22.338,22.346,22.346,22.346,22.346,22.346,22.346,22.338,22.330,22.330,22.323,22.315,22.308,22.308,22.308,22.308,22.308,22.308,22.300,22.292,22.292,22.292,22.292,22.285,22.285,22.285,22.285,22.285,22.277,22.270,22.262,22.254,22.247,22.254,22.262,22.262,22.254,22.224,22.193,22.155,22.125,22.117,22.117,22.117,22.117,22.109,22.102,22.094,22.094,22.086,22.086,22.086,22.071,22.056,22.048,22.033,22.018,22.002,21.995,21.987,21.972,21.956,21.941,21.926,21.911,21.895,21.888,21.872,21.865,21.857,21.857,21.849,21.849,21.849,21.849,21.842,21.834,21.834,21.826,21.811,21.803,21.788,21.780,21.773,21.765,21.757,21.757,21.750,21.742,21.742,21.734,21.734,21.727,21.727,21.727,21.719,21.711,21.696,21.688,21.681,21.673,21.673,21.681,21.681,21.688,21.681,21.673,21.673,21.673,21.673,21.681,21.688,21.688,21.688,21.688,21.688,21.696,21.704,21.711,21.719,21.727,21.734,21.742,21.750,21.757,21.757,21.757,21.757,21.757,21.757,21.765,21.773,21.773,21.780,21.788,21.796,21.811,21.819,21.826,21.834,21.842,21.842,21.849,21.849,21.857,21.865,21.865,21.872,21.880,21.888,21.895,21.911,21.911,21.926,21.926,21.934,21.934,21.941,21.949,21.956,21.964,21.964,21.964,21.956,21.956,21.956,21.956
,23.256,23.256,23.256,23.248,23.241,23.226,23.226,23.218,23.210,23.195,23.195,23.188,23.180,23.165,23.165,23.158,23.150,23.142,23.135,23.120,23.112,23.097,23.074,23.059,23.044,23.029,23.021,23.021,23.021,23.021,23.021,23.021,23.014,23.006,22.999,22.984,22.968,22.946,22.938,22.931,22.923,22.908,22.908,22.900,22.900,22.893,22.878,22.862,22.847,22.832,22.817,22.802,22.794,22.779,22.771,22.756,22.749,22.733,22.726,22.711,22.703,22.688,22.680,22.665,22.665,22.665,22.665,22.665,22.673,22.696,22.718,22.741,22.756,22.764,22.764,22.764,22.771,22.787,22.832,22.878,22.908,22.938,23.006,23.052,23.089,23.135,23.173,23.203,23.263,23.361,23.542,23.730,24.015,24.404,24.888,25.392,25.894,26.393,26.890,27.333,27.739,28.078,28.266,28.409,28.553,28.689,28.732,28.811,28.904,28.982,29.018,29.097,29.189,29.275,29.332,29.396,29.453,29.510,29.531,29.588,29.645,29.688,29.716,29.744,29.780,29.815,29.836,29.872,29.900,29.929,29.950,29.999,30.035,30.056,30.063,30.070,30.084,30.113,30.120,30.120,30.113,30.106,30.091,30.077,30.049,30.021,29.992,29.971,29.950,29.922,29.893,29.865,29.844,29.822,29.801,29.780,29.751,29.730,29.695,29.673,29.666,29.688,29.716,29.730,29.730,29.730,29.737,29.751,29.780,29.815,29.815,29.808,29.801,29.794,29.787,29.780,29.773,29.766,29.744,29.730,29.709,29.680,29.652,29.631,29.609,29.588,29.560,29.538,29.524,29.510,29.496,29.481,29.460,29.432,29.403,29.375,29.346,29.311,29.261,29.211,29.168,29.118,29.054,28.990,28.940,28.890,28.811,28.696,28.546,28.345,28.093,27.797,27.435,26.970,26.400,25.864,25.355,24.888,24.427,24.053,23.745,23.520,23.384,23.278,23.180,23.105,23.105,23.097,23.067,23.021,22.984,22.953,22.931,22.900,22.878,22.855,22.840,22.832,22.809,22.794,22.779,22.756,22.741,22.726,22.711,22.688,22.673,22.658,22.642,22.627,22.620,22.612,22.604,22.589,22.582,22.574,22.566,22.551,22.544,22.536,22.528,22.521,22.513,22.506,22.498,22.490,22.490,22.483,22.475,22.475,22.475,22.468,22.460,22.452,22.445,22.437,22.429,22.429,22.429,22.437,22.437,22.437,22.437,22.437,22.429,22.414,22.407,22.391,22.384,22.384,22.391,22.399,22.414,22.414,22.414,22.414,22.407,22.399,22.391,22.391,22.391,22.384,22.376,22.376,22.369,22.361,22.353,22.353,22.346,22.338,22.330,22.330,22.330,22.323,22.330,22.330,22.330,22.330,22.330,22.323,22.323,22.315,22.308,22.300,22.300,22.292,22.292,22.292,22.292,22.292,22.285,22.285,22.285,22.277,22.277,22.277,22.277,22.270,22.270,22.270,22.270,22.270,22.262,22.254,22.239,22.231,22.239,22.247,22.247,22.239,22.209,22.170,22.140,22.109,22.102,22.102,22.102,22.102,22.094,22.094,22.086,22.079,22.079,22.079,22.079,22.063,22.056,22.041,22.025,22.010,22.002,21.995,21.979,21.964,21.949,21.934,21.918,21.903,21.895,21.880,21.872,21.857,21.857,21.849,21.842,21.842,21.842,21.842,21.842,21.834,21.834,21.819,21.811,21.796,21.788,21.780,21.773,21.765,21.757,21.757,21.750,21.742,21.742,21.734,21.727,21.727,21.719,21.719,21.711,21.704,21.696,21.673,21.665,21.658,21.658,21.665,21.673,21.673,21.665,21.665,21.658,21.658,21.665,21.673,21.681,21.681,21.681,21.681,21.681,21.681,21.688,21.704,21.711,21.727,21.734,21.742,21.750,21.757,21.757,21.757,21.750,21.750,21.750,21.757,21.765,21.773,21.780,21.788,21.796,21.811,21.819,21.826,21.834,21.842,21.842,21.842,21.842,21.849,21.849,21.857,21.865,21.872,21.880,21.888,21.903,21.903,21.911,21.918,21.926,21.934,21.941,21.949,21.956,21.956,21.956,21.956,21.956,21.949,21.949,21.949
,23.256,23.256,23.248,23.241,23.233,23.226,23.218,23.210,23.203,23.195,23.188,23.180,23.173,23.165,23.165,23.158,23.158,23.142,23.135,23.127,23.112,23.097,23.074,23.059,23.037,23.021,23.021,23.021,23.021,23.021,23.021,23.021,23.021,23.014,22.999,22.976,22.953,22.938,22.931,22.931,22.923,22.915,22.908,22.900,22.893,22.878,22.870,22.862,22.847,22.832,22.824,22.809,22.794,22.779,22.771,22.756,22.749,22.733,22.718,22.711,22.703,22.688,22.680,22.673,22.665,22.665,22.665,22.673,22.696,22.718,22.749,22.764,22.764,22.764,22.756,22.756,22.771,22.794,22.832,22.885,22.931,22.968,23.037,23.082,23.127,23.173,23.210,23.271,23.361,23.505,23.685,23.933,24.285,24.732,25.215,25.761,26.283,26.759,27.217,27.660,28.021,28.287,28.452,28.596,28.696,28.768,28.839,28.940,29.004,29.047,29.097,29.189,29.268,29.339,29.403,29.467,29.510,29.538,29.595,29.652,29.702,29.737,29.787,29.822,29.851,29.879,29.922,29.957,29.978,29.992,30.028,30.070,30.113,30.141,30.148,30.162,30.176,30.197,30.197,30.197,30.176,30.162,30.148,30.120,30.091,30.049,30.021,29.999,29.978,29.957,29.922,29.900,29.872,29.844,29.822,29.808,29.787,29.766,29.716,29.695,29.688,29.709,29.751,29.758,29.758,29.751,29.744,29.758,29.780,29.808,29.815,29.815,29.808,29.794,29.787,29.780,29.780,29.766,29.758,29.751,29.730,29.702,29.680,29.659,29.638,29.609,29.595,29.567,29.545,29.524,29.517,29.510,29.489,29.460,29.446,29.417,29.389,29.353,29.318,29.275,29.225,29.175,29.111,29.047,28.990,28.947,28.890,28.782,28.646,28.481,28.287,28.013,27.688,27.275,26.693,26.188,25.688,25.193,24.702,24.247,23.903,23.663,23.482,23.316,23.203,23.142,23.105,23.082,23.059,23.029,22.991,22.961,22.931,22.900,22.862,22.840,22.824,22.817,22.809,22.802,22.794,22.771,22.749,22.733,22.711,22.696,22.673,22.658,22.650,22.635,22.620,22.604,22.597,22.582,22.574,22.566,22.559,22.544,22.536,22.521,22.513,22.513,22.506,22.498,22.490,22.490,22.483,22.483,22.475,22.475,22.475,22.468,22.460,22.452,22.452,22.445,22.437,22.429,22.429,22.437,22.437,22.437,22.429,22.422,22.414,22.407,22.399,22.384,22.376,22.376,22.384,22.384,22.391,22.399,22.399,22.391,22.391,22.391,22.384,22.384,22.376,22.376,22.361,22.353,22.353,22.346,22.338,22.330,22.330,22.323,22.315,22.308,22.308,22.300,22.300,22.300,22.300,22.300,22.300,22.300,22.292,22.292,22.285,22.285,22.285,22.277,22.277,22.277,22.277,22.277,22.270,22.262,22.262,22.254,22.254,22.254,22.254,22.254,22.254,22.254,22.254,22.254,22.239,22.231,22.224,22.216,22.224,22.231,22.231,22.216,22.193,22.155,22.125,22.102,22.094,22.094,22.102,22.094,22.086,22.079,22.071,22.071,22.071,22.071,22.063,22.056,22.048,22.033,22.025,22.010,22.002,21.987,21.979,21.956,21.949,21.934,21.918,21.903,21.895,21.880,21.872,21.865,21.857,21.849,21.842,21.842,21.842,21.842,21.842,21.834,21.826,21.811,21.803,21.796,21.788,21.780,21.773,21.765,21.765,21.757,21.757,21.750,21.742,21.734,21.727,21.719,21.711,21.711,21.704,21.696,21.681,21.665,21.658,21.658,21.658,21.658,21.658,21.665,21.658,21.650,21.650,21.650,21.658,21.665,21.673,21.681,21.673,21.665,21.665,21.673,21.681,21.688,21.704,21.711,21.727,21.734,21.742,21.757,21.757,21.757,21.750,21.750,21.750,21.757,21.757,21.765,21.773,21.780,21.788,21.803,21.811,21.819,21.826,21.842,21.842,21.842,21.842,21.842,21.849,21.849,21.857,21.865,21.872,21.872,21.888,21.895,21.903,21.903,21.911,21.918,21.934,21.934,21.941,21.949,21.949,21.949,21.941,21.941,21.941,21.941
,23.256,23.248,23.248,23.241,23.233,23.226,23.218,23.203,23.203,23.195,23.188,23.180,23.173,23.165,23.165,23.165,23.158,23.142,23.135,23.127,23.112,23.097,23.074,23.059,23.037,23.021,23.021,23.021,23.021,23.021,23.021,23.021,23.021,23.014,22.991,22.968,22.946,22.931,22.923,22.923,22.923,22.923,22.908,22.893,22.885,22.870,22.862,22.855,22.847,22.840,22.824,22.817,22.802,22.787,22.771,22.756,22.749,22.733,22.718,22.711,22.703,22.696,22.680,22.673,22.673,22.673,22.680,22.696,22.718,22.741,22.764,22.771,22.771,22.764,22.756,22.764,22.779,22.809,22.847,22.893,22.938,22.991,23.059,23.105,23.150,23.210,23.256,23.346,23.482,23.640,23.865,24.180,24.568,25.037,25.555,26.114,26.634,27.101,27.536,27.927,28.244,28.474,28.617,28.725,28.804,28.868,28.961,29.032,29.082,29.118,29.197,29.268,29.346,29.417,29.481,29.524,29.567,29.609,29.666,29.716,29.766,29.808,29.858,29.886,29.914,29.950,29.992,30.021,30.042,30.056,30.084,30.127,30.162,30.190,30.197,30.204,30.219,30.233,30.240,30.226,30.212,30.190,30.169,30.148,30.113,30.077,30.042,30.028,30.014,29.992,29.957,29.929,29.900,29.879,29.858,29.836,29.822,29.794,29.744,29.716,29.709,29.737,29.787,29.794,29.787,29.773,29.766,29.766,29.787,29.808,29.822,29.822,29.808,29.801,29.794,29.787,29.780,29.773,29.773,29.766,29.751,29.730,29.716,29.695,29.673,29.652,29.624,29.602,29.574,29.553,29.531,29.524,29.510,29.489,29.467,29.446,29.425,29.396,29.360,29.325,29.282,29.225,29.168,29.104,29.040,28.990,28.947,28.861,28.739,28.596,28.445,28.222,27.934,27.558,27.050,26.554,26.063,25.562,25.037,24.546,24.135,23.828,23.580,23.399,23.271,23.180,23.112,23.082,23.067,23.044,22.999,22.968,22.938,22.908,22.862,22.832,22.817,22.817,22.817,22.817,22.809,22.779,22.756,22.733,22.718,22.696,22.673,22.665,22.650,22.635,22.620,22.604,22.589,22.582,22.566,22.559,22.551,22.536,22.528,22.513,22.506,22.498,22.490,22.490,22.490,22.483,22.483,22.483,22.475,22.475,22.475,22.475,22.468,22.468,22.460,22.460,22.452,22.445,22.445,22.437,22.429,22.429,22.414,22.414,22.407,22.399,22.391,22.376,22.376,22.369,22.369,22.376,22.376,22.384,22.384,22.376,22.376,22.376,22.369,22.369,22.361,22.353,22.346,22.338,22.330,22.330,22.323,22.315,22.308,22.308,22.300,22.292,22.285,22.277,22.270,22.270,22.270,22.270,22.270,22.270,22.270,22.270,22.270,22.270,22.262,22.262,22.262,22.262,22.262,22.262,22.254,22.247,22.239,22.231,22.231,22.231,22.231,22.231,22.231,22.231,22.231,22.231,22.224,22.216,22.201,22.201,22.201,22.209,22.209,22.193,22.170,22.140,22.117,22.094,22.094,22.102,22.102,22.102,22.086,22.071,22.063,22.056,22.056,22.056,22.048,22.041,22.041,22.033,22.025,22.010,22.002,21.987,21.972,21.956,21.949,21.934,21.926,21.911,21.895,21.888,21.880,21.872,21.857,21.857,21.849,21.834,21.834,21.834,21.834,21.826,21.819,21.811,21.803,21.796,21.788,21.780,21.780,21.773,21.773,21.773,21.765,21.757,21.742,21.734,21.719,21.704,21.696,21.696,21.696,21.688,21.673,21.665,21.658,21.650,21.650,21.642,21.642,21.650,21.642,21.642,21.642,21.650,21.650,21.658,21.665,21.665,21.665,21.658,21.658,21.665,21.673,21.681,21.696,21.704,21.719,21.727,21.742,21.750,21.750,21.750,21.750,21.750,21.750,21.757,21.757,21.757,21.765,21.773,21.780,21.796,21.803,21.811,21.826,21.834,21.834,21.834,21.834,21.834,21.834,21.842,21.842,21.849,21.857,21.865,21.872,21.880,21.888,21.895,21.903,21.903,21.911,21.918,21.926,21.926,21.934,21.934,21.926,21.926,21.926,21.926
,23.248,23.248,23.248,23.241,23.233,23.218,23.210,23.203,23.195,23.188,23.188,23.180,23.173,23.173,23.165,23.165,23.158,23.142,23.135,23.127,23.112,23.097,23.074,23.059,23.044,23.029,23.021,23.021,23.021,23.021,23.021,23.021,23.021,23.014,22.991,22.968,22.946,22.923,22.923,22.923,22.923,22.923,22.908,22.893,22.878,22.862,22.855,22.855,22.847,22.840,22.832,22.817,22.809,22.794,22.771,22.764,22.749,22.733,22.718,22.711,22.703,22.696,22.680,22.673,22.680,22.688,22.696,22.711,22.733,22.749,22.764,22.771,22.779,22.779,22.764,22.771,22.794,22.824,22.870,22.908,22.953,23.006,23.067,23.112,23.158,23.218,23.286,23.422,23.580,23.768,24.053,24.434,24.866,25.348,25.909,26.474,26.977,27.421,27.811,28.158,28.431,28.625,28.746,28.825,28.904,28.975,29.061,29.111,29.154,29.204,29.275,29.346,29.417,29.489,29.545,29.588,29.631,29.688,29.723,29.773,29.822,29.879,29.914,29.936,29.964,29.999,30.042,30.077,30.091,30.106,30.127,30.162,30.197,30.219,30.226,30.233,30.240,30.254,30.254,30.240,30.226,30.204,30.190,30.169,30.141,30.106,30.070,30.056,30.042,30.021,29.985,29.964,29.936,29.907,29.886,29.872,29.851,29.815,29.773,29.744,29.744,29.773,29.822,29.822,29.808,29.787,29.780,29.780,29.794,29.808,29.822,29.822,29.815,29.808,29.801,29.801,29.794,29.787,29.780,29.773,29.758,29.751,29.737,29.716,29.702,29.680,29.652,29.631,29.609,29.581,29.553,29.531,29.524,29.510,29.489,29.474,29.453,29.432,29.403,29.368,29.332,29.282,29.225,29.161,29.104,29.054,29.004,28.940,28.847,28.725,28.596,28.424,28.179,27.840,27.391,26.904,26.415,25.923,25.363,24.836,24.374,23.978,23.700,23.497,23.339,23.203,23.127,23.097,23.074,23.052,23.006,22.984,22.953,22.915,22.870,22.840,22.824,22.824,22.824,22.832,22.817,22.787,22.764,22.741,22.718,22.696,22.673,22.665,22.650,22.635,22.620,22.604,22.589,22.574,22.559,22.551,22.544,22.528,22.513,22.513,22.498,22.490,22.483,22.483,22.483,22.483,22.483,22.483,22.483,22.483,22.483,22.483,22.475,22.475,22.475,22.468,22.468,22.460,22.452,22.437,22.429,22.422,22.407,22.399,22.391,22.391,22.376,22.369,22.361,22.361,22.361,22.361,22.361,22.361,22.361,22.361,22.361,22.353,22.353,22.353,22.346,22.338,22.323,22.315,22.308,22.308,22.300,22.292,22.292,22.285,22.277,22.270,22.254,22.254,22.247,22.239,22.239,22.239,22.239,22.239,22.239,22.239,22.247,22.247,22.247,22.247,22.247,22.247,22.247,22.239,22.231,22.224,22.209,22.209,22.209,22.209,22.209,22.209,22.209,22.209,22.209,22.209,22.201,22.193,22.178,22.178,22.178,22.186,22.186,22.178,22.155,22.125,22.102,22.086,22.086,22.094,22.102,22.094,22.079,22.071,22.056,22.041,22.041,22.033,22.033,22.033,22.033,22.025,22.018,22.010,21.995,21.987,21.972,21.956,21.941,21.934,21.926,21.918,21.903,21.895,21.888,21.880,21.865,21.857,21.849,21.834,21.834,21.826,21.826,21.819,21.811,21.811,21.803,21.788,21.788,21.788,21.780,21.780,21.780,21.780,21.773,21.765,21.750,21.727,21.711,21.696,21.688,21.688,21.681,21.681,21.665,21.665,21.658,21.650,21.642,21.635,21.635,21.627,21.627,21.635,21.635,21.642,21.642,21.650,21.650,21.650,21.650,21.650,21.658,21.658,21.665,21.673,21.688,21.696,21.711,21.719,21.734,21.742,21.750,21.750,21.750,21.750,21.750,21.757,21.757,21.757,21.757,21.765,21.773,21.780,21.796,21.803,21.819,21.826,21.826,21.826,21.826,21.826,21.826,21.834,21.834,21.842,21.849,21.849,21.857,21.872,21.880,21.880,21.888,21.895,21.895,21.903,21.903,21.911,21.911,21.911,21.911,21.911,21.911,21.911
,23.248,23.248,23.248,23.241,23.233,23.218,23.210,23.203,23.195,23.188,23.188,23.180,23.180,23.173,23.173,23.165,23.158,23.142,23.135,23.127,23.112,23.097,23.074,23.059,23.044,23.037,23.029,23.029,23.021,23.014,23.014,23.021,23.014,23.006,22.984,22.961,22.938,22.923,22.923,22.923,22.923,22.915,22.908,22.893,22.870,22.855,22.855,22.855,22.847,22.840,22.832,22.824,22.809,22.794,22.779,22.764,22.749,22.733,22.726,22.718,22.711,22.696,22.688,22.688,22.688,22.696,22.718,22.726,22.733,22.749,22.764,22.771,22.787,22.794,22.771,22.779,22.809,22.840,22.885,22.931,22.976,23.014,23.082,23.127,23.173,23.226,23.331,23.497,23.685,23.903,24.277,24.710,25.185,25.695,26.283,26.831,27.319,27.732,28.064,28.359,28.589,28.746,28.832,28.911,28.997,29.082,29.140,29.182,29.232,29.296,29.346,29.417,29.489,29.560,29.588,29.652,29.709,29.758,29.766,29.822,29.872,29.922,29.943,29.964,29.992,30.028,30.077,30.106,30.120,30.127,30.148,30.190,30.219,30.233,30.233,30.247,30.261,30.275,30.275,30.261,30.240,30.226,30.219,30.197,30.169,30.134,30.106,30.084,30.070,30.049,30.021,29.992,29.964,29.943,29.922,29.900,29.872,29.844,29.801,29.780,29.794,29.829,29.858,29.851,29.829,29.808,29.794,29.794,29.801,29.808,29.815,29.815,29.815,29.815,29.808,29.808,29.808,29.808,29.794,29.780,29.773,29.766,29.751,29.737,29.716,29.695,29.673,29.652,29.631,29.602,29.574,29.545,29.531,29.524,29.510,29.496,29.481,29.460,29.439,29.410,29.375,29.339,29.275,29.225,29.175,29.132,29.068,29.011,28.940,28.861,28.746,28.603,28.395,28.107,27.696,27.217,26.737,26.246,25.673,25.118,24.598,24.143,23.843,23.610,23.407,23.226,23.158,23.120,23.082,23.052,23.021,22.999,22.968,22.931,22.878,22.840,22.824,22.824,22.824,22.832,22.817,22.787,22.764,22.741,22.718,22.703,22.680,22.665,22.650,22.635,22.620,22.604,22.589,22.566,22.559,22.544,22.536,22.528,22.513,22.506,22.498,22.483,22.483,22.483,22.483,22.475,22.475,22.475,22.475,22.475,22.475,22.475,22.475,22.475,22.468,22.468,22.468,22.460,22.452,22.437,22.422,22.407,22.399,22.391,22.384,22.376,22.369,22.361,22.353,22.346,22.346,22.346,22.346,22.346,22.338,22.338,22.338,22.338,22.330,22.330,22.323,22.315,22.300,22.300,22.285,22.277,22.277,22.270,22.270,22.262,22.247,22.239,22.231,22.224,22.216,22.209,22.209,22.209,22.209,22.209,22.209,22.209,22.216,22.224,22.224,22.224,22.224,22.224,22.224,22.216,22.201,22.201,22.186,22.178,22.178,22.186,22.186,22.186,22.186,22.186,22.186,22.186,22.178,22.170,22.155,22.147,22.155,22.163,22.163,22.155,22.132,22.109,22.086,22.071,22.079,22.086,22.086,22.086,22.071,22.056,22.041,22.025,22.025,22.018,22.018,22.018,22.018,22.018,22.010,22.002,21.995,21.979,21.964,21.949,21.941,21.934,21.926,21.918,21.911,21.903,21.895,21.880,21.872,21.857,21.849,21.834,21.834,21.826,21.819,21.811,21.811,21.803,21.796,21.788,21.788,21.788,21.780,21.780,21.780,21.780,21.780,21.765,21.750,21.727,21.704,21.688,21.681,21.673,21.673,21.665,21.665,21.658,21.658,21.650,21.642,21.627,21.619,21.612,21.612,21.619,21.627,21.635,21.635,21.635,21.635,21.635,21.635,21.642,21.650,21.658,21.658,21.665,21.673,21.688,21.696,21.711,21.719,21.727,21.734,21.742,21.742,21.750,21.757,21.757,21.757,21.757,21.765,21.765,21.773,21.780,21.788,21.803,21.811,21.819,21.819,21.819,21.819,21.826,21.826,21.826,21.826,21.834,21.834,21.842,21.849,21.857,21.865,21.865,21.872,21.880,21.880,21.888,21.888,21.895,21.895,21.895,21.903,21.903,21.903,21.903
,23.248,23.248,23.248,23.241,23.233,23.218,23.218,23.203,23.195,23.188,23.188,23.180,23.180,23.173,23.165,23.158,23.150,23.135,23.120,23.112,23.105,23.089,23.082,23.067,23.059,23.052,23.037,23.037,23.029,23.014,23.014,23.006,22.999,22.991,22.976,22.961,22.946,22.931,22.923,22.923,22.915,22.908,22.893,22.885,22.878,22.862,22.855,22.855,22.847,22.832,22.832,22.817,22.809,22.794,22.779,22.764,22.749,22.733,22.726,22.711,22.703,22.696,22.696,22.688,22.696,22.718,22.733,22.733,22.726,22.726,22.741,22.764,22.779,22.787,22.779,22.802,22.832,22.885,22.931,22.976,23.029,23.074,23.127,23.180,23.241,23.324,23.459,23.632,23.865,24.165,24.591,25.037,25.540,26.085,26.656,27.181,27.631,27.999,28.301,28.531,28.703,28.818,28.890,28.968,29.047,29.132,29.197,29.261,29.318,29.368,29.410,29.474,29.524,29.574,29.652,29.716,29.758,29.780,29.815,29.851,29.886,29.907,29.943,29.950,29.978,30.021,30.084,30.098,30.120,30.148,30.176,30.212,30.247,30.268,30.275,30.289,30.303,30.317,30.317,30.303,30.282,30.261,30.254,30.233,30.197,30.162,30.134,30.113,30.091,30.070,30.049,30.021,29.992,29.964,29.943,29.922,29.893,29.858,29.829,29.815,29.836,29.886,29.886,29.865,29.836,29.815,29.808,29.801,29.808,29.815,29.822,29.829,29.829,29.829,29.808,29.815,29.822,29.822,29.815,29.801,29.780,29.766,29.758,29.744,29.716,29.688,29.673,29.659,29.638,29.617,29.588,29.567,29.545,29.531,29.524,29.510,29.496,29.489,29.467,29.446,29.410,29.382,29.339,29.289,29.239,29.197,29.132,29.061,28.997,28.940,28.861,28.732,28.553,28.301,27.912,27.493,27.035,26.539,26.012,25.451,24.911,24.427,24.053,23.753,23.512,23.316,23.195,23.135,23.089,23.052,23.029,22.999,22.976,22.938,22.878,22.832,22.809,22.817,22.824,22.817,22.802,22.764,22.741,22.733,22.718,22.703,22.688,22.673,22.658,22.642,22.620,22.604,22.589,22.574,22.559,22.551,22.544,22.528,22.513,22.506,22.498,22.483,22.483,22.483,22.483,22.475,22.475,22.475,22.475,22.475,22.475,22.468,22.468,22.468,22.468,22.468,22.460,22.452,22.445,22.429,22.414,22.399,22.391,22.384,22.376,22.369,22.369,22.361,22.353,22.346,22.346,22.338,22.338,22.338,22.330,22.330,22.330,22.330,22.323,22.315,22.308,22.300,22.285,22.277,22.270,22.262,22.254,22.254,22.254,22.247,22.231,22.224,22.209,22.201,22.193,22.186,22.186,22.186,22.186,22.186,22.186,22.193,22.201,22.209,22.209,22.209,22.209,22.209,22.209,22.201,22.193,22.186,22.170,22.170,22.170,22.170,22.178,22.186,22.186,22.178,22.178,22.178,22.163,22.155,22.140,22.140,22.140,22.147,22.147,22.140,22.125,22.102,22.086,22.071,22.063,22.071,22.071,22.071,22.056,22.048,22.033,22.025,22.018,22.018,22.018,22.018,22.010,22.002,21.995,21.995,21.979,21.972,21.964,21.941,21.941,21.934,21.926,21.918,21.911,21.903,21.895,21.880,21.865,21.857,21.849,21.834,21.826,21.819,21.811,21.811,21.803,21.803,21.796,21.788,21.788,21.788,21.780,21.780,21.780,21.780,21.773,21.757,21.742,21.727,21.704,21.688,21.681,21.673,21.665,21.665,21.658,21.650,21.650,21.642,21.635,21.619,21.612,21.604,21.612,21.612,21.619,21.627,21.627,21.627,21.627,21.627,21.635,21.635,21.642,21.658,21.658,21.665,21.665,21.681,21.688,21.696,21.711,21.719,21.727,21.734,21.742,21.757,21.757,21.757,21.765,21.765,21.773,21.780,21.788,21.788,21.796,21.803,21.811,21.819,21.819,21.819,21.819,21.826,21.826,21.826,21.826,21.834,21.834,21.842,21.849,21.857,21.857,21.865,21.872,21.880,21.880,21.888,21.888,21.895,21.895,21.895,21.903,21.903,21.903,21.903
,23.248,23.248,23.248,23.241,23.233,23.226,23.218,23.210,23.203,23.195,23.188,23.188,23.180,23.173,23.158,23.150,23.142,23.127,23.112,23.105,23.097,23.082,23.082,23.074,23.074,23.067,23.059,23.044,23.029,23.014,23.006,22.991,22.984,22.968,22.961,22.961,22.953,22.938,22.923,22.915,22.908,22.893,22.885,22.885,22.878,22.870,22.855,22.855,22.847,22.832,22.824,22.817,22.802,22.794,22.779,22.764,22.756,22.741,22.726,22.711,22.703,22.696,22.696,22.703,22.711,22.726,22.733,22.726,22.726,22.726,22.741,22.764,22.779,22.787,22.794,22.809,22.847,22.900,22.953,23.006,23.059,23.120,23.180,23.241,23.324,23.444,23.602,23.805,24.083,24.449,24.888,25.385,25.916,26.466,27.021,27.507,27.912,28.237,28.481,28.660,28.797,28.890,28.954,29.032,29.104,29.175,29.239,29.318,29.375,29.417,29.460,29.496,29.553,29.624,29.695,29.744,29.780,29.808,29.836,29.865,29.893,29.922,29.936,29.964,29.999,30.049,30.077,30.113,30.148,30.176,30.212,30.247,30.282,30.310,30.324,30.332,30.339,30.353,30.353,30.339,30.324,30.303,30.289,30.261,30.226,30.190,30.155,30.134,30.120,30.098,30.070,30.042,30.014,29.992,29.971,29.950,29.922,29.886,29.851,29.836,29.858,29.900,29.893,29.865,29.836,29.815,29.808,29.808,29.808,29.815,29.822,29.836,29.836,29.844,29.836,29.844,29.844,29.844,29.829,29.801,29.787,29.773,29.766,29.744,29.723,29.695,29.666,29.652,29.638,29.624,29.595,29.574,29.560,29.538,29.524,29.517,29.510,29.496,29.481,29.467,29.439,29.410,29.375,29.332,29.289,29.247,29.189,29.118,29.061,29.011,28.975,28.868,28.711,28.495,28.165,27.782,27.370,26.904,26.371,25.813,25.267,24.747,24.285,23.933,23.640,23.407,23.241,23.158,23.097,23.052,23.014,22.984,22.961,22.923,22.855,22.817,22.802,22.802,22.817,22.809,22.779,22.733,22.711,22.711,22.718,22.703,22.688,22.673,22.658,22.642,22.627,22.612,22.597,22.582,22.566,22.559,22.551,22.536,22.521,22.506,22.498,22.483,22.483,22.483,22.483,22.475,22.475,22.468,22.468,22.468,22.460,22.460,22.452,22.452,22.452,22.452,22.452,22.445,22.437,22.422,22.407,22.391,22.384,22.384,22.376,22.369,22.369,22.361,22.353,22.346,22.338,22.338,22.330,22.330,22.330,22.323,22.323,22.315,22.308,22.300,22.292,22.277,22.270,22.270,22.262,22.254,22.239,22.239,22.239,22.224,22.216,22.209,22.201,22.193,22.178,22.178,22.178,22.170,22.170,22.170,22.178,22.178,22.186,22.193,22.193,22.201,22.201,22.201,22.201,22.193,22.186,22.178,22.170,22.163,22.163,22.170,22.178,22.186,22.186,22.178,22.170,22.170,22.163,22.147,22.132,22.125,22.132,22.140,22.140,22.140,22.117,22.102,22.079,22.063,22.056,22.056,22.048,22.048,22.041,22.033,22.025,22.018,22.018,22.018,22.018,22.010,22.002,21.995,21.987,21.979,21.972,21.964,21.956,21.941,21.941,21.934,21.926,21.918,21.903,21.895,21.888,21.880,21.865,21.857,21.849,21.834,21.826,21.819,21.811,21.803,21.803,21.803,21.796,21.796,21.796,21.788,21.780,21.773,21.773,21.765,21.765,21.750,21.734,21.719,21.704,21.688,21.681,21.673,21.665,21.658,21.650,21.650,21.642,21.642,21.627,21.619,21.604,21.604,21.604,21.612,21.619,21.619,21.619,21.612,21.612,21.612,21.627,21.635,21.642,21.658,21.658,21.665,21.665,21.673,21.681,21.688,21.696,21.711,21.719,21.734,21.742,21.757,21.765,21.773,21.780,21.788,21.788,21.796,21.803,21.803,21.803,21.803,21.811,21.811,21.811,21.819,21.826,21.826,21.834,21.834,21.834,21.842,21.849,21.849,21.857,21.857,21.865,21.872,21.880,21.880,21.888,21.895,21.895,21.903,21.903,21.903,21.903,21.903,21.903,21.903
,23.256,23.256,23.248,23.241,23.241,23.233,23.226,23.210,23.203,23.195,23.195,23.188,23.180,23.173,23.158,23.142,23.135,23.120,23.105,23.097,23.089,23.082,23.082,23.089,23.089,23.082,23.067,23.052,23.037,23.014,22.999,22.984,22.968,22.961,22.953,22.961,22.961,22.953,22.931,22.915,22.900,22.885,22.878,22.878,22.878,22.870,22.862,22.855,22.847,22.832,22.817,22.809,22.802,22.787,22.779,22.764,22.756,22.741,22.726,22.711,22.703,22.703,22.703,22.703,22.718,22.733,22.733,22.726,22.726,22.726,22.756,22.771,22.787,22.794,22.802,22.824,22.862,22.915,22.976,23.021,23.074,23.127,23.203,23.278,23.392,23.542,23.730,23.985,24.337,24.755,25.215,25.747,26.298,26.831,27.348,27.782,28.143,28.424,28.610,28.761,28.868,28.947,29.018,29.082,29.147,29.204,29.289,29.360,29.410,29.453,29.489,29.531,29.588,29.666,29.723,29.766,29.801,29.836,29.858,29.879,29.907,29.929,29.950,29.992,30.028,30.063,30.098,30.148,30.183,30.204,30.240,30.282,30.324,30.353,30.360,30.360,30.367,30.374,30.381,30.367,30.353,30.339,30.317,30.289,30.261,30.219,30.183,30.162,30.141,30.120,30.098,30.063,30.042,30.014,29.992,29.971,29.943,29.907,29.879,29.858,29.872,29.907,29.900,29.872,29.844,29.815,29.808,29.808,29.815,29.815,29.829,29.836,29.851,29.851,29.858,29.865,29.865,29.858,29.844,29.815,29.794,29.780,29.773,29.758,29.737,29.709,29.680,29.659,29.645,29.631,29.609,29.588,29.567,29.553,29.538,29.531,29.524,29.510,29.496,29.481,29.460,29.439,29.403,29.368,29.339,29.296,29.239,29.182,29.125,29.082,29.068,28.997,28.868,28.675,28.402,28.057,27.681,27.261,26.715,26.166,25.607,25.059,24.546,24.135,23.790,23.505,23.316,23.210,23.135,23.059,22.999,22.976,22.953,22.908,22.855,22.824,22.809,22.794,22.809,22.802,22.764,22.711,22.688,22.703,22.711,22.703,22.688,22.673,22.658,22.642,22.627,22.620,22.604,22.597,22.574,22.566,22.559,22.544,22.521,22.513,22.498,22.490,22.483,22.483,22.475,22.475,22.468,22.468,22.460,22.460,22.452,22.452,22.445,22.445,22.445,22.445,22.437,22.437,22.422,22.414,22.399,22.384,22.384,22.384,22.376,22.369,22.361,22.361,22.346,22.338,22.330,22.330,22.323,22.323,22.323,22.315,22.308,22.308,22.300,22.285,22.277,22.262,22.254,22.254,22.247,22.239,22.231,22.224,22.216,22.209,22.201,22.193,22.186,22.178,22.170,22.163,22.163,22.155,22.155,22.155,22.155,22.163,22.170,22.178,22.178,22.186,22.186,22.186,22.186,22.186,22.178,22.163,22.155,22.147,22.155,22.163,22.170,22.170,22.170,22.170,22.163,22.155,22.147,22.132,22.125,22.117,22.117,22.125,22.125,22.125,22.109,22.094,22.071,22.056,22.048,22.041,22.033,22.025,22.025,22.025,22.025,22.018,22.018,22.018,22.018,22.010,21.995,21.987,21.979,21.972,21.964,21.956,21.956,21.941,21.941,21.934,21.926,21.911,21.903,21.895,21.880,21.872,21.857,21.857,21.849,21.834,21.826,21.819,21.811,21.803,21.803,21.803,21.803,21.796,21.796,21.788,21.780,21.773,21.765,21.765,21.750,21.742,21.727,21.719,21.711,21.696,21.681,21.673,21.658,21.650,21.642,21.642,21.642,21.635,21.619,21.612,21.604,21.596,21.596,21.612,21.619,21.619,21.612,21.612,21.604,21.604,21.619,21.627,21.642,21.650,21.658,21.658,21.665,21.665,21.673,21.681,21.688,21.696,21.711,21.727,21.742,21.757,21.773,21.780,21.788,21.796,21.803,21.811,21.811,21.811,21.811,21.803,21.803,21.803,21.811,21.819,21.826,21.826,21.834,21.834,21.842,21.842,21.849,21.849,21.857,21.857,21.865,21.872,21.872,21.880,21.888,21.888,21.895,21.903,21.903,21.903,21.903,21.903,21.903,21.903
,23.263,23.256,23.256,23.248,23.241,23.233,23.226,23.218,23.210,23.195,23.195,23.188,23.180,23.173,23.158,23.142,23.127,23.112,23.105,23.089,23.082,23.082,23.082,23.089,23.089,23.089,23.074,23.059,23.037,23.014,22.991,22.976,22.968,22.953,22.953,22.961,22.961,22.953,22.938,22.915,22.893,22.878,22.878,22.878,22.878,22.870,22.862,22.855,22.840,22.824,22.817,22.809,22.802,22.787,22.779,22.771,22.756,22.741,22.733,22.718,22.703,22.703,22.703,22.711,22.718,22.726,22.726,22.726,22.726,22.733,22.771,22.779,22.787,22.809,22.824,22.855,22.893,22.938,22.999,23.044,23.089,23.135,23.210,23.324,23.459,23.625,23.850,24.203,24.621,25.074,25.570,26.129,26.678,27.188,27.645,28.013,28.323,28.567,28.696,28.825,28.925,28.997,29.068,29.125,29.175,29.232,29.325,29.396,29.446,29.481,29.510,29.574,29.645,29.709,29.744,29.794,29.829,29.858,29.886,29.907,29.922,29.943,29.985,30.028,30.049,30.070,30.148,30.190,30.219,30.240,30.268,30.317,30.353,30.374,30.381,30.381,30.381,30.388,30.395,30.381,30.367,30.360,30.346,30.317,30.282,30.247,30.204,30.183,30.162,30.141,30.120,30.091,30.063,30.042,30.021,29.992,29.964,29.929,29.907,29.886,29.900,29.929,29.922,29.893,29.858,29.836,29.822,29.822,29.822,29.829,29.836,29.851,29.858,29.865,29.872,29.879,29.879,29.872,29.851,29.829,29.801,29.787,29.787,29.780,29.758,29.730,29.702,29.680,29.659,29.645,29.624,29.602,29.588,29.567,29.553,29.545,29.538,29.531,29.517,29.496,29.481,29.460,29.432,29.403,29.382,29.353,29.296,29.232,29.189,29.154,29.147,29.097,28.997,28.832,28.596,28.294,27.963,27.580,27.035,26.503,25.938,25.355,24.836,24.374,23.978,23.648,23.429,23.301,23.188,23.082,22.999,22.984,22.953,22.908,22.870,22.847,22.817,22.794,22.802,22.794,22.764,22.711,22.696,22.703,22.711,22.703,22.688,22.673,22.658,22.642,22.635,22.620,22.612,22.597,22.582,22.566,22.559,22.544,22.528,22.513,22.506,22.490,22.490,22.483,22.475,22.468,22.468,22.460,22.460,22.452,22.452,22.445,22.437,22.437,22.437,22.437,22.429,22.422,22.414,22.399,22.391,22.376,22.376,22.376,22.376,22.369,22.361,22.353,22.346,22.330,22.323,22.323,22.315,22.308,22.308,22.308,22.300,22.292,22.277,22.270,22.254,22.247,22.231,22.231,22.224,22.216,22.209,22.201,22.193,22.186,22.178,22.170,22.163,22.155,22.147,22.140,22.140,22.140,22.132,22.132,22.132,22.140,22.147,22.147,22.155,22.163,22.163,22.163,22.163,22.163,22.155,22.140,22.132,22.132,22.132,22.140,22.147,22.155,22.155,22.147,22.140,22.140,22.125,22.117,22.102,22.094,22.102,22.102,22.109,22.109,22.094,22.079,22.056,22.041,22.025,22.025,22.018,22.010,22.002,22.010,22.010,22.010,22.010,22.010,22.002,21.995,21.987,21.972,21.964,21.956,21.949,21.949,21.949,21.941,21.934,21.934,21.926,21.911,21.903,21.888,21.880,21.865,21.857,21.857,21.849,21.834,21.834,21.819,21.811,21.803,21.803,21.803,21.796,21.796,21.796,21.788,21.780,21.765,21.765,21.757,21.750,21.734,21.727,21.719,21.711,21.696,21.681,21.665,21.658,21.642,21.635,21.627,21.627,21.627,21.619,21.604,21.596,21.596,21.596,21.604,21.612,21.612,21.612,21.604,21.604,21.604,21.612,21.627,21.635,21.642,21.650,21.650,21.658,21.665,21.665,21.673,21.673,21.688,21.704,21.719,21.727,21.750,21.765,21.773,21.788,21.796,21.803,21.811,21.811,21.811,21.803,21.803,21.796,21.796,21.803,21.811,21.811,21.819,21.826,21.834,21.834,21.834,21.842,21.842,21.842,21.849,21.857,21.857,21.857,21.865,21.872,21.880,21.880,21.888,21.888,21.888,21.888,21.888,21.888,21.888
,23.263,23.256,23.256,23.248,23.241,23.226,23.226,23.218,23.210,23.203,23.195,23.188,23.180,23.165,23.158,23.142,23.135,23.120,23.112,23.097,23.089,23.082,23.082,23.089,23.089,23.082,23.067,23.052,23.037,23.014,22.999,22.984,22.968,22.953,22.953,22.953,22.946,22.938,22.931,22.915,22.900,22.885,22.878,22.878,22.870,22.862,22.855,22.847,22.840,22.824,22.817,22.809,22.802,22.787,22.779,22.771,22.764,22.749,22.733,22.718,22.711,22.703,22.703,22.718,22.726,22.726,22.726,22.726,22.733,22.749,22.771,22.787,22.809,22.832,22.862,22.893,22.938,22.999,23.052,23.105,23.150,23.210,23.286,23.429,23.595,23.790,24.083,24.516,24.977,25.459,25.997,26.539,27.057,27.529,27.934,28.251,28.488,28.653,28.782,28.882,28.975,29.054,29.125,29.161,29.218,29.296,29.375,29.432,29.474,29.503,29.545,29.617,29.673,29.730,29.780,29.822,29.851,29.886,29.914,29.922,29.943,29.985,30.028,30.042,30.070,30.120,30.176,30.212,30.240,30.268,30.303,30.346,30.374,30.381,30.388,30.395,30.409,30.416,30.416,30.402,30.388,30.374,30.367,30.346,30.310,30.261,30.233,30.212,30.190,30.162,30.141,30.120,30.091,30.063,30.042,30.014,29.985,29.950,29.929,29.914,29.929,29.964,29.950,29.922,29.893,29.865,29.844,29.836,29.836,29.836,29.836,29.851,29.865,29.872,29.879,29.886,29.886,29.872,29.858,29.836,29.815,29.794,29.794,29.794,29.780,29.758,29.716,29.702,29.680,29.659,29.645,29.624,29.609,29.595,29.574,29.567,29.567,29.560,29.538,29.524,29.510,29.489,29.474,29.453,29.432,29.410,29.368,29.304,29.254,29.211,29.197,29.147,29.047,28.904,28.689,28.445,28.150,27.797,27.377,26.831,26.276,25.739,25.207,24.702,24.255,23.888,23.617,23.437,23.278,23.135,23.059,22.991,22.938,22.908,22.878,22.840,22.809,22.794,22.794,22.779,22.756,22.733,22.711,22.703,22.711,22.703,22.688,22.673,22.665,22.650,22.635,22.627,22.612,22.597,22.582,22.566,22.551,22.536,22.528,22.513,22.506,22.490,22.490,22.483,22.475,22.468,22.468,22.460,22.460,22.452,22.452,22.445,22.437,22.437,22.437,22.437,22.429,22.422,22.414,22.399,22.384,22.376,22.376,22.376,22.369,22.361,22.361,22.346,22.338,22.323,22.315,22.315,22.308,22.300,22.292,22.285,22.285,22.277,22.262,22.254,22.239,22.224,22.216,22.209,22.209,22.201,22.186,22.178,22.170,22.163,22.155,22.147,22.147,22.140,22.125,22.117,22.109,22.102,22.094,22.094,22.102,22.102,22.109,22.117,22.125,22.125,22.132,22.132,22.132,22.125,22.117,22.102,22.094,22.086,22.094,22.109,22.117,22.117,22.117,22.117,22.109,22.102,22.094,22.086,22.071,22.063,22.063,22.071,22.071,22.071,22.063,22.048,22.033,22.018,22.010,22.002,22.002,22.002,21.995,21.995,21.995,21.995,21.995,21.995,21.987,21.987,21.972,21.964,21.956,21.949,21.941,21.941,21.934,21.934,21.926,21.918,21.911,21.903,21.895,21.888,21.880,21.865,21.857,21.857,21.849,21.842,21.834,21.819,21.811,21.803,21.803,21.803,21.796,21.796,21.788,21.788,21.780,21.765,21.765,21.757,21.750,21.734,21.727,21.711,21.704,21.688,21.673,21.658,21.650,21.635,21.627,21.627,21.627,21.619,21.612,21.596,21.589,21.589,21.596,21.604,21.612,21.612,21.612,21.604,21.604,21.604,21.604,21.612,21.627,21.635,21.642,21.650,21.658,21.665,21.673,21.673,21.681,21.696,21.696,21.711,21.719,21.734,21.750,21.757,21.773,21.780,21.788,21.796,21.796,21.788,21.788,21.780,21.780,21.780,21.780,21.788,21.788,21.796,21.803,21.811,21.811,21.811,21.819,21.819,21.819,21.826,21.834,21.834,21.834,21.842,21.842,21.849,21.849,21.849,21.849,21.849,21.842,21.842,21.842,21.842
,23.263,23.263,23.256,23.248,23.241,23.226,23.226,23.218,23.210,23.203,23.195,23.188,23.180,23.165,23.158,23.150,23.142,23.135,23.120,23.112,23.105,23.097,23.089,23.082,23.082,23.067,23.059,23.044,23.037,23.014,22.999,22.991,22.976,22.961,22.953,22.946,22.938,22.931,22.923,22.915,22.900,22.893,22.878,22.870,22.862,22.847,22.840,22.840,22.832,22.824,22.817,22.817,22.802,22.794,22.779,22.771,22.764,22.749,22.733,22.718,22.711,22.711,22.711,22.726,22.733,22.726,22.726,22.726,22.733,22.756,22.771,22.794,22.817,22.847,22.885,22.923,22.976,23.044,23.097,23.158,23.218,23.293,23.399,23.557,23.745,23.993,24.367,24.814,25.318,25.857,26.400,26.926,27.413,27.847,28.201,28.445,28.625,28.746,28.854,28.947,29.032,29.111,29.154,29.218,29.282,29.360,29.425,29.474,29.510,29.545,29.595,29.652,29.709,29.758,29.801,29.836,29.872,29.907,29.929,29.943,29.971,30.014,30.042,30.063,30.091,30.141,30.197,30.240,30.268,30.303,30.339,30.367,30.388,30.402,30.409,30.416,30.423,30.437,30.444,30.430,30.409,30.395,30.388,30.367,30.332,30.296,30.261,30.240,30.219,30.190,30.169,30.141,30.113,30.091,30.063,30.042,30.014,29.978,29.950,29.936,29.950,29.978,29.978,29.957,29.922,29.893,29.872,29.858,29.844,29.844,29.851,29.858,29.872,29.879,29.879,29.886,29.879,29.872,29.858,29.836,29.822,29.808,29.801,29.794,29.780,29.766,29.730,29.702,29.680,29.666,29.673,29.652,29.631,29.617,29.602,29.595,29.588,29.581,29.574,29.560,29.545,29.531,29.517,29.496,29.481,29.460,29.417,29.368,29.311,29.254,29.218,29.175,29.104,28.997,28.797,28.603,28.373,28.078,27.688,27.181,26.656,26.122,25.570,25.037,24.546,24.105,23.790,23.557,23.369,23.203,23.089,22.991,22.938,22.915,22.870,22.840,22.824,22.802,22.787,22.771,22.756,22.741,22.726,22.718,22.711,22.703,22.688,22.673,22.665,22.650,22.635,22.627,22.612,22.597,22.582,22.566,22.551,22.536,22.521,22.513,22.506,22.498,22.490,22.483,22.475,22.468,22.468,22.460,22.460,22.452,22.452,22.445,22.445,22.437,22.437,22.437,22.437,22.422,22.414,22.399,22.384,22.369,22.369,22.369,22.369,22.361,22.353,22.346,22.330,22.323,22.308,22.300,22.300,22.292,22.277,22.277,22.270,22.262,22.254,22.239,22.224,22.209,22.201,22.201,22.193,22.178,22.170,22.163,22.163,22.147,22.140,22.140,22.132,22.117,22.109,22.094,22.086,22.079,22.071,22.063,22.071,22.071,22.079,22.086,22.094,22.102,22.102,22.102,22.102,22.094,22.086,22.071,22.063,22.056,22.063,22.071,22.079,22.079,22.079,22.079,22.071,22.071,22.063,22.056,22.048,22.041,22.041,22.041,22.041,22.041,22.025,22.018,22.002,21.995,21.995,21.995,21.995,21.995,21.987,21.979,21.979,21.979,21.972,21.972,21.972,21.964,21.956,21.956,21.949,21.941,21.941,21.934,21.934,21.926,21.918,21.911,21.903,21.895,21.888,21.880,21.872,21.865,21.857,21.857,21.849,21.842,21.834,21.826,21.819,21.803,21.803,21.796,21.796,21.788,21.788,21.788,21.780,21.773,21.765,21.757,21.750,21.734,21.727,21.711,21.704,21.688,21.665,21.658,21.642,21.635,21.627,21.627,21.627,21.619,21.604,21.596,21.589,21.581,21.589,21.604,21.612,21.612,21.612,21.612,21.604,21.604,21.604,21.604,21.612,21.627,21.635,21.650,21.658,21.673,21.688,21.688,21.688,21.696,21.704,21.704,21.711,21.719,21.727,21.734,21.750,21.757,21.765,21.765,21.765,21.765,21.765,21.765,21.765,21.765,21.765,21.765,21.765,21.773,21.773,21.780,21.788,21.788,21.788,21.788,21.796,21.796,21.803,21.803,21.811,21.811,21.811,21.811,21.811,21.811,21.811,21.803,21.803,21.803,21.803,21.803
,23.271,23.271,23.263,23.256,23.241,23.226,23.226,23.218,23.218,23.210,23.203,23.188,23.180,23.165,23.158,23.150,23.150,23.142,23.127,23.120,23.112,23.105,23.089,23.082,23.067,23.059,23.044,23.044,23.029,23.014,23.006,22.999,22.984,22.968,22.953,22.946,22.931,22.923,22.915,22.908,22.908,22.893,22.878,22.862,22.847,22.840,22.832,22.832,22.832,22.824,22.824,22.817,22.809,22.794,22.779,22.771,22.764,22.749,22.733,22.726,22.718,22.718,22.718,22.726,22.733,22.726,22.726,22.726,22.741,22.771,22.787,22.809,22.832,22.862,22.908,22.953,23.006,23.059,23.127,23.195,23.263,23.354,23.497,23.678,23.918,24.225,24.650,25.126,25.666,26.254,26.780,27.275,27.725,28.122,28.424,28.603,28.732,28.847,28.925,29.018,29.097,29.161,29.211,29.282,29.353,29.417,29.481,29.524,29.560,29.595,29.645,29.688,29.737,29.787,29.822,29.858,29.893,29.929,29.943,29.971,30.006,30.042,30.063,30.091,30.127,30.169,30.226,30.268,30.310,30.339,30.367,30.395,30.416,30.430,30.430,30.437,30.451,30.466,30.466,30.451,30.437,30.423,30.409,30.388,30.360,30.324,30.296,30.268,30.240,30.219,30.190,30.162,30.141,30.113,30.091,30.070,30.042,30.006,29.971,29.943,29.950,29.978,29.992,29.985,29.957,29.922,29.893,29.872,29.865,29.858,29.865,29.872,29.879,29.886,29.886,29.886,29.879,29.872,29.858,29.844,29.836,29.815,29.808,29.801,29.794,29.773,29.737,29.716,29.688,29.680,29.695,29.680,29.652,29.631,29.624,29.617,29.609,29.602,29.595,29.588,29.581,29.567,29.553,29.538,29.524,29.503,29.467,29.425,29.375,29.325,29.282,29.232,29.182,29.104,28.947,28.782,28.589,28.345,27.977,27.522,27.021,26.466,25.916,25.363,24.829,24.337,23.970,23.700,23.467,23.263,23.112,23.014,22.946,22.908,22.862,22.847,22.832,22.802,22.794,22.779,22.756,22.741,22.733,22.726,22.718,22.703,22.688,22.673,22.665,22.650,22.635,22.627,22.612,22.597,22.582,22.566,22.544,22.528,22.521,22.513,22.513,22.506,22.490,22.483,22.475,22.468,22.468,22.468,22.460,22.460,22.452,22.452,22.445,22.445,22.445,22.445,22.437,22.422,22.407,22.391,22.384,22.369,22.361,22.361,22.361,22.361,22.346,22.338,22.323,22.315,22.300,22.300,22.292,22.285,22.270,22.262,22.254,22.247,22.239,22.224,22.209,22.201,22.193,22.186,22.178,22.163,22.155,22.147,22.140,22.132,22.132,22.125,22.117,22.102,22.094,22.079,22.063,22.056,22.041,22.041,22.041,22.041,22.048,22.056,22.063,22.071,22.079,22.079,22.071,22.063,22.056,22.041,22.033,22.025,22.033,22.033,22.041,22.048,22.048,22.048,22.041,22.041,22.033,22.025,22.025,22.018,22.018,22.018,22.010,22.010,21.995,21.987,21.979,21.972,21.979,21.987,21.987,21.987,21.979,21.972,21.964,21.956,21.956,21.956,21.956,21.956,21.949,21.949,21.949,21.941,21.934,21.934,21.926,21.918,21.911,21.903,21.903,21.888,21.888,21.880,21.872,21.865,21.865,21.857,21.849,21.834,21.834,21.826,21.819,21.803,21.803,21.796,21.788,21.780,21.780,21.780,21.780,21.773,21.765,21.757,21.750,21.734,21.719,21.711,21.696,21.681,21.665,21.650,21.642,21.627,21.619,21.619,21.619,21.619,21.604,21.589,21.581,21.581,21.589,21.596,21.612,21.619,21.619,21.612,21.612,21.604,21.604,21.596,21.604,21.612,21.627,21.642,21.658,21.673,21.688,21.688,21.696,21.704,21.704,21.704,21.696,21.704,21.711,21.719,21.727,21.734,21.742,21.742,21.742,21.742,21.750,21.750,21.750,21.750,21.750,21.750,21.742,21.750,21.750,21.757,21.765,21.765,21.765,21.765,21.773,21.773,21.773,21.780,21.780,21.780,21.780,21.780,21.780,21.780,21.773,21.773,21.773,21.773,21.773,21.773
,23.286,23.286,23.271,23.263,23.248,23.233,23.226,23.226,23.218,23.210,23.203,23.188,23.180,23.165,23.165,23.158,23.150,23.142,23.142,23.127,23.120,23.105,23.089,23.074,23.059,23.044,23.044,23.037,23.029,23.014,23.014,22.999,22.991,22.976,22.953,22.938,22.923,22.908,22.908,22.900,22.900,22.893,22.878,22.862,22.847,22.832,22.832,22.832,22.832,22.832,22.832,22.824,22.809,22.794,22.787,22.771,22.764,22.749,22.741,22.726,22.726,22.726,22.726,22.726,22.733,22.726,22.726,22.741,22.756,22.779,22.802,22.824,22.855,22.885,22.931,22.991,23.037,23.074,23.135,23.210,23.293,23.399,23.572,23.805,24.113,24.494,24.948,25.459,26.034,26.642,27.130,27.587,27.992,28.345,28.589,28.718,28.825,28.932,29.004,29.097,29.168,29.211,29.282,29.353,29.417,29.474,29.531,29.567,29.609,29.659,29.688,29.730,29.773,29.815,29.836,29.879,29.922,29.943,29.978,30.014,30.042,30.070,30.098,30.134,30.176,30.212,30.261,30.303,30.346,30.381,30.395,30.430,30.451,30.466,30.451,30.458,30.473,30.494,30.487,30.473,30.458,30.444,30.430,30.409,30.381,30.346,30.324,30.289,30.268,30.240,30.219,30.190,30.162,30.134,30.113,30.091,30.063,30.035,29.992,29.957,29.943,29.957,30.006,30.006,29.978,29.943,29.914,29.900,29.886,29.872,29.879,29.886,29.893,29.900,29.900,29.886,29.879,29.872,29.865,29.858,29.851,29.836,29.822,29.815,29.808,29.787,29.758,29.730,29.702,29.688,29.695,29.695,29.680,29.652,29.638,29.631,29.617,29.617,29.609,29.602,29.602,29.602,29.581,29.567,29.560,29.545,29.524,29.481,29.439,29.410,29.389,29.339,29.289,29.232,29.118,28.961,28.775,28.567,28.237,27.833,27.341,26.780,26.254,25.680,25.118,24.591,24.158,23.858,23.587,23.339,23.150,23.059,22.968,22.878,22.862,22.855,22.832,22.794,22.802,22.779,22.749,22.733,22.741,22.733,22.726,22.711,22.688,22.673,22.665,22.650,22.642,22.627,22.620,22.597,22.582,22.566,22.551,22.528,22.521,22.521,22.513,22.506,22.498,22.483,22.475,22.468,22.468,22.468,22.468,22.460,22.460,22.452,22.445,22.445,22.445,22.437,22.437,22.422,22.407,22.391,22.376,22.361,22.361,22.361,22.361,22.353,22.346,22.330,22.323,22.308,22.300,22.292,22.285,22.270,22.262,22.254,22.247,22.231,22.216,22.209,22.193,22.186,22.170,22.170,22.155,22.147,22.132,22.132,22.125,22.117,22.109,22.109,22.094,22.086,22.079,22.056,22.048,22.033,22.025,22.018,22.018,22.018,22.018,22.025,22.041,22.041,22.048,22.048,22.048,22.041,22.033,22.018,22.010,22.010,22.010,22.010,22.018,22.018,22.018,22.018,22.018,22.010,22.010,22.010,22.002,21.995,21.995,21.995,21.987,21.987,21.979,21.964,21.956,21.956,21.964,21.979,21.987,21.987,21.979,21.964,21.956,21.949,21.949,21.949,21.949,21.949,21.949,21.941,21.941,21.934,21.934,21.926,21.918,21.911,21.903,21.903,21.895,21.888,21.888,21.880,21.872,21.865,21.865,21.857,21.849,21.834,21.834,21.826,21.819,21.803,21.803,21.796,21.788,21.780,21.780,21.780,21.780,21.773,21.773,21.757,21.750,21.734,21.719,21.704,21.688,21.673,21.658,21.642,21.635,21.627,21.619,21.619,21.619,21.612,21.604,21.589,21.581,21.581,21.581,21.596,21.604,21.612,21.612,21.612,21.604,21.604,21.604,21.596,21.596,21.604,21.619,21.635,21.650,21.665,21.681,21.688,21.696,21.696,21.696,21.696,21.688,21.696,21.696,21.704,21.711,21.719,21.727,21.727,21.727,21.734,21.742,21.742,21.742,21.742,21.742,21.734,21.734,21.734,21.742,21.742,21.750,21.757,21.757,21.757,21.757,21.757,21.765,21.765,21.765,21.765,21.765,21.765,21.765,21.757,21.757,21.750,21.750,21.750,21.750,21.750
,23.293,23.293,23.286,23.271,23.256,23.241,23.233,23.226,23.218,23.210,23.195,23.188,23.180,23.165,23.165,23.158,23.158,23.142,23.142,23.127,23.120,23.105,23.089,23.074,23.059,23.044,23.037,23.037,23.029,23.021,23.014,23.006,22.991,22.976,22.961,22.946,22.923,22.908,22.900,22.900,22.893,22.885,22.870,22.855,22.847,22.832,22.832,22.832,22.832,22.832,22.832,22.824,22.817,22.802,22.794,22.779,22.771,22.756,22.749,22.741,22.733,22.726,22.726,22.726,22.733,22.726,22.726,22.749,22.771,22.794,22.817,22.847,22.885,22.923,22.976,23.029,23.082,23.135,23.195,23.271,23.376,23.512,23.700,24.000,24.389,24.851,25.296,25.850,26.444,27.021,27.486,27.876,28.222,28.510,28.682,28.804,28.904,28.982,29.075,29.147,29.211,29.268,29.339,29.396,29.453,29.510,29.560,29.617,29.659,29.695,29.723,29.766,29.801,29.836,29.872,29.907,29.950,29.985,30.021,30.049,30.077,30.106,30.148,30.183,30.219,30.254,30.303,30.346,30.381,30.409,30.444,30.473,30.487,30.487,30.480,30.487,30.494,30.501,30.501,30.487,30.473,30.458,30.444,30.423,30.395,30.367,30.346,30.317,30.289,30.261,30.240,30.212,30.183,30.162,30.134,30.113,30.084,30.056,30.028,29.985,29.964,29.964,30.021,30.021,29.999,29.964,29.936,29.922,29.907,29.900,29.893,29.900,29.900,29.900,29.900,29.893,29.886,29.879,29.879,29.879,29.872,29.865,29.851,29.844,29.829,29.801,29.773,29.744,29.716,29.695,29.688,29.695,29.695,29.680,29.659,29.638,29.631,29.624,29.617,29.609,29.617,29.617,29.609,29.602,29.588,29.588,29.581,29.553,29.517,29.489,29.496,29.460,29.403,29.318,29.218,29.075,28.897,28.689,28.438,28.028,27.594,27.137,26.583,26.026,25.481,24.955,24.449,24.098,23.775,23.482,23.278,23.112,22.999,22.923,22.900,22.855,22.817,22.809,22.802,22.771,22.749,22.733,22.733,22.733,22.733,22.718,22.688,22.680,22.673,22.658,22.650,22.635,22.620,22.604,22.582,22.566,22.551,22.536,22.528,22.521,22.513,22.506,22.498,22.483,22.475,22.468,22.468,22.468,22.468,22.460,22.460,22.452,22.445,22.445,22.437,22.437,22.429,22.422,22.407,22.391,22.376,22.361,22.361,22.361,22.353,22.346,22.338,22.323,22.315,22.300,22.292,22.285,22.277,22.262,22.247,22.239,22.231,22.216,22.201,22.193,22.178,22.170,22.155,22.147,22.140,22.132,22.117,22.109,22.109,22.102,22.094,22.086,22.079,22.079,22.063,22.048,22.041,22.025,22.025,22.018,22.010,22.010,22.010,22.010,22.018,22.025,22.033,22.033,22.033,22.025,22.025,22.010,22.010,22.010,22.010,22.010,22.018,22.018,22.018,22.010,22.010,22.010,22.002,22.002,21.995,21.995,21.987,21.987,21.987,21.979,21.972,21.956,21.956,21.956,21.956,21.972,21.987,21.987,21.987,21.972,21.956,21.949,21.949,21.949,21.949,21.949,21.949,21.941,21.934,21.934,21.926,21.926,21.918,21.911,21.911,21.903,21.895,21.888,21.888,21.880,21.880,21.872,21.865,21.857,21.849,21.834,21.834,21.819,21.811,21.803,21.803,21.796,21.788,21.780,21.780,21.780,21.780,21.773,21.765,21.757,21.742,21.727,21.711,21.696,21.688,21.673,21.658,21.642,21.635,21.619,21.619,21.619,21.612,21.604,21.596,21.589,21.581,21.581,21.581,21.589,21.596,21.604,21.604,21.604,21.604,21.604,21.604,21.596,21.596,21.604,21.612,21.627,21.642,21.658,21.665,21.673,21.673,21.681,21.688,21.688,21.688,21.696,21.696,21.711,21.719,21.727,21.727,21.734,21.734,21.742,21.742,21.750,21.757,21.757,21.750,21.750,21.742,21.742,21.750,21.757,21.765,21.765,21.765,21.765,21.765,21.765,21.765,21.765,21.765,21.765,21.773,21.780,21.780,21.780,21.773,21.765,21.757,21.750,21.750,21.750
,23.309,23.301,23.293,23.286,23.271,23.256,23.241,23.233,23.218,23.210,23.195,23.180,23.173,23.165,23.158,23.158,23.150,23.142,23.135,23.127,23.120,23.105,23.089,23.074,23.059,23.044,23.037,23.037,23.029,23.021,23.014,23.006,22.991,22.976,22.961,22.946,22.931,22.915,22.900,22.893,22.885,22.878,22.862,22.855,22.855,22.847,22.840,22.840,22.840,22.832,22.832,22.824,22.824,22.817,22.802,22.794,22.779,22.764,22.749,22.749,22.741,22.726,22.726,22.726,22.733,22.733,22.741,22.756,22.779,22.802,22.832,22.870,22.908,22.961,23.021,23.074,23.135,23.210,23.278,23.376,23.512,23.693,23.940,24.307,24.732,25.207,25.710,26.276,26.846,27.384,27.819,28.165,28.431,28.632,28.789,28.882,28.968,29.047,29.132,29.204,29.261,29.325,29.382,29.432,29.489,29.538,29.609,29.666,29.709,29.730,29.766,29.801,29.836,29.872,29.914,29.950,29.985,30.028,30.056,30.077,30.113,30.148,30.190,30.226,30.261,30.303,30.346,30.381,30.416,30.444,30.480,30.508,30.522,30.529,30.529,30.529,30.536,30.543,30.543,30.522,30.501,30.480,30.466,30.437,30.409,30.381,30.360,30.339,30.317,30.289,30.254,30.233,30.212,30.183,30.162,30.134,30.106,30.084,30.049,30.021,29.999,29.985,30.028,30.021,29.999,29.971,29.943,29.936,29.929,29.922,29.914,29.907,29.907,29.900,29.900,29.900,29.893,29.893,29.893,29.893,29.893,29.886,29.872,29.858,29.836,29.815,29.787,29.758,29.737,29.709,29.695,29.695,29.695,29.695,29.680,29.666,29.659,29.652,29.645,29.645,29.652,29.659,29.659,29.652,29.645,29.645,29.645,29.624,29.595,29.574,29.574,29.553,29.510,29.425,29.289,29.182,29.032,28.839,28.596,28.258,27.876,27.457,26.941,26.415,25.872,25.318,24.799,24.367,23.985,23.655,23.384,23.195,23.059,22.984,22.885,22.855,22.840,22.824,22.794,22.779,22.756,22.733,22.726,22.741,22.741,22.726,22.703,22.688,22.673,22.665,22.650,22.635,22.620,22.604,22.589,22.574,22.559,22.544,22.528,22.521,22.513,22.506,22.490,22.483,22.475,22.468,22.468,22.468,22.468,22.468,22.460,22.452,22.445,22.437,22.437,22.437,22.429,22.422,22.407,22.391,22.376,22.361,22.361,22.353,22.353,22.346,22.338,22.323,22.315,22.300,22.292,22.285,22.277,22.262,22.247,22.231,22.224,22.209,22.193,22.178,22.170,22.155,22.147,22.140,22.132,22.125,22.109,22.102,22.094,22.086,22.079,22.079,22.071,22.063,22.056,22.048,22.048,22.041,22.025,22.025,22.018,22.018,22.010,22.018,22.018,22.025,22.025,22.025,22.025,22.025,22.025,22.025,22.018,22.018,22.018,22.025,22.025,22.025,22.018,22.018,22.018,22.018,22.010,22.002,22.002,21.995,21.995,21.995,21.995,21.995,21.979,21.972,21.964,21.964,21.972,21.979,21.995,21.995,21.987,21.972,21.956,21.949,21.956,21.956,21.964,21.964,21.956,21.949,21.941,21.926,21.926,21.926,21.918,21.911,21.911,21.911,21.903,21.895,21.888,21.888,21.888,21.872,21.865,21.857,21.849,21.834,21.826,21.819,21.811,21.803,21.796,21.796,21.788,21.788,21.788,21.788,21.780,21.773,21.765,21.750,21.742,21.727,21.711,21.696,21.688,21.673,21.658,21.642,21.635,21.627,21.619,21.612,21.612,21.604,21.596,21.589,21.589,21.589,21.589,21.581,21.581,21.589,21.589,21.589,21.589,21.596,21.596,21.604,21.604,21.612,21.619,21.627,21.627,21.635,21.642,21.650,21.650,21.658,21.673,21.681,21.688,21.696,21.711,21.727,21.734,21.742,21.742,21.750,21.757,21.757,21.765,21.773,21.773,21.780,21.780,21.773,21.765,21.765,21.773,21.780,21.788,21.796,21.796,21.788,21.788,21.788,21.788,21.788,21.788,21.788,21.803,21.811,21.819,21.819,21.819,21.803,21.788,21.780,21.780,21.780
,23.316,23.309,23.301,23.293,23.278,23.263,23.248,23.241,23.226,23.210,23.195,23.180,23.173,23.165,23.158,23.158,23.150,23.142,23.135,23.127,23.112,23.097,23.082,23.074,23.067,23.052,23.044,23.037,23.029,23.021,23.014,23.006,22.991,22.976,22.961,22.946,22.938,22.915,22.900,22.885,22.878,22.870,22.855,22.855,22.855,22.855,22.847,22.840,22.840,22.832,22.832,22.832,22.824,22.817,22.809,22.802,22.787,22.779,22.764,22.749,22.741,22.733,22.733,22.733,22.733,22.733,22.749,22.764,22.787,22.817,22.847,22.885,22.931,22.991,23.044,23.105,23.173,23.256,23.346,23.489,23.663,23.865,24.203,24.621,25.089,25.592,26.122,26.671,27.210,27.717,28.107,28.395,28.596,28.746,28.882,28.961,29.032,29.118,29.189,29.254,29.318,29.375,29.417,29.474,29.524,29.588,29.659,29.709,29.744,29.773,29.808,29.836,29.872,29.914,29.957,29.992,30.028,30.056,30.084,30.113,30.148,30.190,30.226,30.261,30.303,30.346,30.381,30.416,30.444,30.480,30.515,30.543,30.564,30.578,30.571,30.571,30.578,30.592,30.585,30.564,30.536,30.515,30.494,30.466,30.430,30.402,30.381,30.360,30.339,30.317,30.282,30.254,30.233,30.212,30.190,30.155,30.134,30.106,30.077,30.049,30.028,30.021,30.035,30.028,29.999,29.971,29.957,29.950,29.950,29.943,29.929,29.922,29.914,29.907,29.907,29.900,29.900,29.900,29.907,29.907,29.907,29.900,29.886,29.872,29.851,29.829,29.801,29.780,29.758,29.730,29.709,29.702,29.702,29.702,29.695,29.688,29.680,29.680,29.673,29.680,29.695,29.709,29.709,29.709,29.702,29.709,29.709,29.695,29.673,29.645,29.638,29.624,29.588,29.524,29.375,29.268,29.154,29.011,28.782,28.495,28.158,27.768,27.312,26.788,26.239,25.680,25.155,24.658,24.217,23.828,23.512,23.301,23.135,23.006,22.900,22.870,22.847,22.817,22.802,22.787,22.764,22.733,22.726,22.741,22.741,22.733,22.711,22.696,22.680,22.665,22.650,22.635,22.620,22.604,22.589,22.574,22.566,22.551,22.536,22.528,22.513,22.506,22.490,22.483,22.483,22.475,22.475,22.475,22.475,22.468,22.460,22.452,22.445,22.429,22.429,22.429,22.429,22.422,22.407,22.391,22.376,22.361,22.353,22.353,22.346,22.338,22.330,22.323,22.315,22.300,22.292,22.285,22.270,22.254,22.239,22.231,22.216,22.201,22.186,22.170,22.155,22.147,22.132,22.132,22.125,22.117,22.102,22.094,22.086,22.079,22.071,22.063,22.063,22.056,22.048,22.048,22.048,22.041,22.033,22.025,22.025,22.018,22.018,22.018,22.018,22.018,22.018,22.018,22.018,22.025,22.025,22.025,22.033,22.033,22.033,22.033,22.025,22.025,22.025,22.025,22.018,22.018,22.010,22.010,22.002,21.995,21.995,21.995,22.002,21.995,21.987,21.979,21.972,21.972,21.972,21.987,21.995,21.995,21.995,21.979,21.964,21.956,21.956,21.964,21.972,21.972,21.964,21.949,21.934,21.926,21.918,21.918,21.918,21.918,21.918,21.911,21.903,21.895,21.895,21.895,21.888,21.872,21.872,21.857,21.849,21.842,21.826,21.811,21.803,21.796,21.796,21.796,21.796,21.788,21.788,21.788,21.780,21.773,21.757,21.750,21.734,21.719,21.704,21.696,21.681,21.665,21.658,21.642,21.635,21.627,21.612,21.612,21.604,21.596,21.596,21.596,21.589,21.589,21.589,21.581,21.573,21.573,21.573,21.573,21.581,21.589,21.596,21.604,21.612,21.619,21.619,21.619,21.619,21.612,21.619,21.627,21.635,21.642,21.658,21.673,21.688,21.704,21.719,21.734,21.742,21.750,21.757,21.765,21.765,21.773,21.780,21.788,21.788,21.796,21.796,21.788,21.788,21.780,21.788,21.796,21.803,21.811,21.811,21.803,21.803,21.803,21.803,21.803,21.803,21.803,21.826,21.834,21.849,21.849,21.842,21.826,21.819,21.803,21.796,21.796
,23.331,23.324,23.316,23.301,23.286,23.271,23.256,23.241,23.226,23.210,23.195,23.188,23.180,23.173,23.165,23.165,23.158,23.142,23.135,23.120,23.112,23.097,23.082,23.074,23.067,23.052,23.044,23.037,23.029,23.021,23.014,22.999,22.991,22.976,22.961,22.953,22.938,22.923,22.900,22.885,22.870,22.855,22.855,22.855,22.862,22.855,22.855,22.847,22.840,22.824,22.824,22.824,22.824,22.817,22.817,22.802,22.794,22.779,22.771,22.756,22.749,22.733,22.733,22.726,22.733,22.733,22.756,22.779,22.802,22.824,22.862,22.908,22.953,23.006,23.067,23.135,23.203,23.278,23.407,23.595,23.798,24.030,24.464,24.926,25.437,25.975,26.510,27.014,27.522,28.013,28.345,28.560,28.725,28.861,28.954,29.025,29.104,29.197,29.247,29.311,29.375,29.425,29.467,29.510,29.574,29.652,29.702,29.744,29.787,29.829,29.851,29.879,29.922,29.957,29.999,30.035,30.063,30.091,30.120,30.155,30.190,30.226,30.261,30.296,30.339,30.381,30.416,30.451,30.487,30.515,30.543,30.578,30.606,30.620,30.613,30.613,30.627,30.635,30.627,30.599,30.578,30.557,30.529,30.494,30.466,30.430,30.409,30.388,30.360,30.339,30.310,30.275,30.254,30.233,30.212,30.183,30.155,30.120,30.098,30.070,30.056,30.049,30.049,30.028,30.006,29.985,29.971,29.978,29.978,29.971,29.950,29.943,29.929,29.922,29.914,29.914,29.914,29.914,29.922,29.922,29.922,29.922,29.907,29.886,29.865,29.836,29.815,29.801,29.780,29.758,29.737,29.723,29.723,29.716,29.695,29.695,29.688,29.688,29.695,29.709,29.730,29.751,29.751,29.751,29.751,29.758,29.773,29.758,29.737,29.709,29.695,29.680,29.652,29.602,29.481,29.353,29.261,29.175,28.975,28.703,28.402,28.064,27.674,27.137,26.591,26.056,25.503,24.977,24.471,24.023,23.678,23.429,23.210,23.014,22.953,22.900,22.847,22.794,22.817,22.802,22.764,22.726,22.726,22.733,22.733,22.733,22.718,22.703,22.680,22.665,22.658,22.642,22.627,22.604,22.589,22.582,22.566,22.551,22.544,22.528,22.521,22.506,22.498,22.490,22.483,22.483,22.475,22.475,22.475,22.468,22.460,22.445,22.437,22.429,22.429,22.422,22.422,22.414,22.407,22.391,22.376,22.361,22.353,22.346,22.346,22.338,22.330,22.323,22.308,22.292,22.285,22.277,22.262,22.247,22.239,22.224,22.209,22.193,22.178,22.163,22.147,22.132,22.125,22.125,22.117,22.102,22.094,22.086,22.071,22.063,22.056,22.048,22.048,22.048,22.041,22.041,22.041,22.041,22.033,22.033,22.025,22.018,22.018,22.010,22.010,22.010,22.010,22.010,22.010,22.010,22.018,22.025,22.033,22.033,22.033,22.025,22.025,22.018,22.018,22.018,22.018,22.010,22.002,22.002,21.995,21.987,21.987,21.995,21.995,21.995,21.979,21.972,21.972,21.964,21.972,21.987,21.995,21.995,21.987,21.972,21.964,21.949,21.956,21.972,21.972,21.972,21.964,21.941,21.934,21.918,21.918,21.911,21.911,21.911,21.911,21.911,21.903,21.895,21.895,21.888,21.888,21.872,21.865,21.865,21.857,21.842,21.826,21.811,21.803,21.796,21.796,21.796,21.788,21.788,21.788,21.780,21.780,21.765,21.757,21.742,21.727,21.711,21.704,21.696,21.681,21.665,21.658,21.642,21.635,21.619,21.612,21.604,21.596,21.589,21.589,21.589,21.596,21.589,21.589,21.573,21.566,21.558,21.558,21.566,21.573,21.581,21.589,21.604,21.612,21.612,21.612,21.612,21.604,21.596,21.596,21.604,21.619,21.635,21.650,21.665,21.688,21.711,21.719,21.727,21.742,21.750,21.757,21.765,21.773,21.773,21.780,21.788,21.788,21.796,21.796,21.788,21.788,21.788,21.796,21.803,21.803,21.811,21.811,21.811,21.811,21.803,21.803,21.803,21.803,21.803,21.819,21.834,21.849,21.849,21.849,21.834,21.819,21.811,21.803,21.803
,23.339,23.331,23.324,23.309,23.286,23.263,23.256,23.241,23.233,23.218,23.210,23.203,23.195,23.188,23.173,23.173,23.165,23.150,23.142,23.127,23.112,23.097,23.089,23.082,23.074,23.059,23.052,23.037,23.029,23.014,23.006,22.991,22.984,22.968,22.961,22.946,22.938,22.923,22.900,22.885,22.862,22.855,22.855,22.855,22.862,22.855,22.855,22.840,22.832,22.824,22.824,22.824,22.824,22.817,22.817,22.809,22.794,22.779,22.771,22.756,22.749,22.733,22.726,22.726,22.733,22.749,22.764,22.794,22.824,22.855,22.885,22.946,23.006,23.067,23.120,23.195,23.278,23.361,23.482,23.685,23.933,24.247,24.688,25.193,25.739,26.305,26.868,27.333,27.782,28.215,28.553,28.703,28.818,28.932,29.025,29.111,29.175,29.239,29.318,29.375,29.425,29.467,29.510,29.567,29.624,29.688,29.737,29.787,29.829,29.865,29.900,29.929,29.964,29.999,30.042,30.070,30.106,30.127,30.162,30.190,30.226,30.254,30.296,30.339,30.381,30.416,30.458,30.487,30.522,30.543,30.578,30.620,30.642,30.656,30.656,30.656,30.663,30.670,30.670,30.642,30.613,30.585,30.557,30.522,30.487,30.451,30.430,30.409,30.381,30.360,30.332,30.303,30.275,30.254,30.233,30.204,30.176,30.141,30.113,30.091,30.084,30.077,30.063,30.042,30.014,29.992,29.992,29.999,29.999,29.992,29.971,29.964,29.950,29.936,29.922,29.922,29.914,29.922,29.922,29.936,29.936,29.936,29.922,29.900,29.879,29.858,29.836,29.815,29.801,29.780,29.758,29.751,29.744,29.737,29.723,29.702,29.680,29.680,29.680,29.702,29.723,29.751,29.751,29.751,29.758,29.780,29.808,29.801,29.773,29.751,29.751,29.751,29.730,29.666,29.567,29.446,29.346,29.247,29.104,28.854,28.582,28.280,27.891,27.450,26.948,26.393,25.850,25.318,24.784,24.270,23.888,23.557,23.309,23.150,23.044,22.908,22.840,22.847,22.840,22.794,22.764,22.749,22.726,22.726,22.726,22.733,22.718,22.703,22.688,22.673,22.658,22.642,22.627,22.612,22.597,22.582,22.574,22.559,22.544,22.536,22.528,22.513,22.506,22.498,22.490,22.483,22.483,22.475,22.475,22.468,22.460,22.452,22.445,22.429,22.429,22.422,22.414,22.407,22.399,22.384,22.369,22.353,22.353,22.346,22.338,22.330,22.323,22.308,22.300,22.285,22.277,22.270,22.262,22.239,22.231,22.216,22.209,22.186,22.170,22.155,22.147,22.125,22.117,22.109,22.102,22.094,22.079,22.071,22.056,22.056,22.041,22.041,22.033,22.033,22.025,22.025,22.025,22.025,22.025,22.025,22.018,22.018,22.010,22.002,21.995,21.995,21.995,21.987,21.987,21.995,22.002,22.010,22.010,22.018,22.010,22.002,22.002,21.995,21.995,21.995,21.995,21.987,21.987,21.987,21.979,21.979,21.972,21.972,21.972,21.964,21.956,21.949,21.949,21.949,21.964,21.972,21.979,21.987,21.972,21.964,21.949,21.941,21.949,21.956,21.964,21.964,21.949,21.934,21.926,21.918,21.911,21.911,21.911,21.911,21.903,21.903,21.895,21.895,21.888,21.880,21.872,21.865,21.865,21.857,21.849,21.842,21.834,21.819,21.803,21.796,21.796,21.796,21.788,21.788,21.780,21.773,21.765,21.757,21.742,21.734,21.727,21.704,21.696,21.688,21.681,21.665,21.658,21.642,21.635,21.619,21.604,21.589,21.581,21.581,21.589,21.589,21.596,21.596,21.589,21.573,21.558,21.558,21.558,21.558,21.566,21.573,21.581,21.589,21.596,21.604,21.596,21.589,21.589,21.589,21.596,21.604,21.619,21.635,21.650,21.665,21.681,21.696,21.711,21.711,21.719,21.727,21.742,21.750,21.750,21.757,21.765,21.765,21.765,21.765,21.765,21.765,21.765,21.765,21.773,21.780,21.780,21.788,21.788,21.788,21.788,21.780,21.780,21.773,21.773,21.773,21.780,21.796,21.803,21.803,21.803,21.796,21.788,21.780,21.780,21.780
,23.339,23.331,23.324,23.301,23.278,23.263,23.248,23.241,23.233,23.226,23.218,23.210,23.203,23.203,23.188,23.180,23.173,23.158,23.142,23.135,23.120,23.105,23.089,23.089,23.074,23.067,23.052,23.037,23.029,23.014,22.999,22.991,22.976,22.961,22.953,22.938,22.931,22.915,22.900,22.885,22.870,22.855,22.855,22.855,22.862,22.855,22.847,22.840,22.832,22.824,22.824,22.824,22.824,22.817,22.809,22.802,22.794,22.779,22.764,22.756,22.741,22.733,22.726,22.726,22.741,22.764,22.787,22.809,22.840,22.885,22.923,22.976,23.037,23.120,23.195,23.256,23.339,23.459,23.617,23.820,24.113,24.501,24.948,25.481,26.048,26.627,27.159,27.631,28.071,28.445,28.682,28.811,28.911,28.997,29.090,29.168,29.232,29.296,29.368,29.417,29.460,29.496,29.538,29.602,29.659,29.709,29.758,29.808,29.858,29.893,29.929,29.957,29.992,30.028,30.070,30.098,30.134,30.169,30.197,30.226,30.254,30.289,30.332,30.374,30.416,30.458,30.501,30.536,30.564,30.585,30.620,30.656,30.677,30.691,30.684,30.684,30.691,30.705,30.698,30.677,30.649,30.620,30.585,30.550,30.508,30.473,30.451,30.423,30.402,30.374,30.346,30.324,30.296,30.268,30.240,30.219,30.190,30.162,30.134,30.113,30.106,30.113,30.098,30.063,30.035,30.006,30.006,30.014,30.014,30.006,29.992,29.978,29.964,29.950,29.943,29.929,29.929,29.922,29.929,29.936,29.943,29.943,29.929,29.907,29.886,29.865,29.844,29.829,29.815,29.794,29.780,29.773,29.766,29.758,29.744,29.716,29.695,29.688,29.688,29.702,29.723,29.751,29.751,29.751,29.758,29.787,29.822,29.829,29.815,29.794,29.794,29.808,29.801,29.737,29.624,29.531,29.432,29.325,29.204,28.982,28.732,28.460,28.143,27.739,27.261,26.722,26.202,25.658,25.104,24.553,24.075,23.730,23.467,23.263,23.037,22.938,22.893,22.862,22.817,22.802,22.787,22.749,22.726,22.718,22.718,22.726,22.718,22.703,22.688,22.673,22.658,22.642,22.627,22.612,22.597,22.582,22.574,22.559,22.544,22.544,22.528,22.521,22.506,22.506,22.498,22.490,22.483,22.483,22.475,22.468,22.460,22.452,22.445,22.429,22.429,22.422,22.414,22.407,22.391,22.376,22.361,22.353,22.346,22.346,22.338,22.330,22.315,22.308,22.300,22.285,22.270,22.262,22.254,22.239,22.224,22.216,22.201,22.186,22.170,22.155,22.147,22.132,22.117,22.102,22.094,22.086,22.071,22.056,22.056,22.048,22.033,22.025,22.025,22.018,22.010,22.010,22.010,22.010,22.010,22.010,22.010,22.010,22.002,21.995,21.995,21.987,21.979,21.979,21.972,21.979,21.979,21.987,21.987,21.987,21.987,21.979,21.979,21.972,21.972,21.972,21.964,21.964,21.964,21.964,21.964,21.964,21.956,21.949,21.941,21.934,21.934,21.926,21.926,21.934,21.941,21.956,21.964,21.964,21.956,21.949,21.934,21.926,21.934,21.941,21.949,21.941,21.934,21.926,21.918,21.903,21.895,21.895,21.895,21.895,21.888,21.888,21.888,21.880,21.872,21.872,21.865,21.857,21.849,21.849,21.849,21.842,21.834,21.819,21.803,21.796,21.796,21.788,21.788,21.780,21.773,21.765,21.757,21.750,21.734,21.727,21.711,21.704,21.696,21.688,21.681,21.673,21.658,21.642,21.635,21.619,21.596,21.589,21.581,21.573,21.581,21.589,21.596,21.596,21.589,21.573,21.558,21.550,21.550,21.558,21.558,21.566,21.566,21.573,21.581,21.581,21.581,21.581,21.581,21.589,21.604,21.612,21.627,21.642,21.658,21.665,21.673,21.688,21.696,21.696,21.704,21.704,21.719,21.727,21.734,21.734,21.734,21.734,21.734,21.727,21.734,21.734,21.734,21.734,21.742,21.742,21.750,21.750,21.757,21.757,21.757,21.750,21.750,21.750,21.742,21.742,21.734,21.734,21.734,21.734,21.742,21.742,21.742,21.742,21.750,21.750
,23.346,23.339,23.324,23.301,23.278,23.256,23.248,23.241,23.241,23.233,23.226,23.218,23.218,23.210,23.195,23.188,23.180,23.165,23.150,23.135,23.120,23.105,23.097,23.089,23.082,23.067,23.052,23.037,23.021,23.006,22.991,22.984,22.968,22.953,22.938,22.938,22.923,22.915,22.900,22.885,22.870,22.862,22.855,22.855,22.855,22.855,22.840,22.832,22.824,22.817,22.817,22.817,22.817,22.817,22.809,22.802,22.787,22.771,22.764,22.756,22.749,22.741,22.726,22.733,22.749,22.771,22.802,22.832,22.862,22.900,22.953,23.006,23.067,23.142,23.248,23.309,23.399,23.535,23.745,23.985,24.315,24.732,25.207,25.754,26.334,26.912,27.406,27.884,28.309,28.646,28.797,28.904,28.990,29.068,29.154,29.225,29.296,29.360,29.410,29.453,29.489,29.524,29.581,29.638,29.695,29.737,29.787,29.836,29.886,29.922,29.957,29.978,30.014,30.056,30.091,30.127,30.169,30.204,30.233,30.254,30.289,30.324,30.367,30.409,30.458,30.501,30.543,30.578,30.606,30.627,30.656,30.684,30.705,30.719,30.712,30.712,30.719,30.726,30.719,30.705,30.677,30.649,30.613,30.571,30.529,30.494,30.473,30.444,30.416,30.395,30.367,30.346,30.317,30.289,30.261,30.233,30.204,30.176,30.155,30.141,30.127,30.127,30.127,30.091,30.056,30.028,30.021,30.028,30.035,30.028,30.014,29.999,29.985,29.971,29.957,29.943,29.936,29.929,29.936,29.943,29.950,29.950,29.929,29.914,29.893,29.872,29.858,29.844,29.829,29.815,29.794,29.787,29.787,29.780,29.773,29.751,29.737,29.730,29.730,29.744,29.766,29.787,29.780,29.773,29.780,29.808,29.851,29.872,29.872,29.851,29.844,29.865,29.858,29.808,29.688,29.588,29.503,29.410,29.282,29.090,28.875,28.632,28.373,27.999,27.565,27.079,26.547,26.004,25.437,24.866,24.322,23.933,23.610,23.331,23.105,23.014,22.931,22.847,22.824,22.824,22.802,22.749,22.726,22.718,22.718,22.718,22.718,22.703,22.696,22.680,22.658,22.642,22.635,22.620,22.597,22.589,22.574,22.566,22.551,22.544,22.536,22.528,22.521,22.506,22.498,22.490,22.483,22.483,22.475,22.460,22.460,22.452,22.445,22.429,22.422,22.422,22.407,22.399,22.384,22.369,22.361,22.346,22.346,22.346,22.338,22.323,22.315,22.308,22.292,22.277,22.270,22.262,22.247,22.239,22.224,22.209,22.201,22.186,22.170,22.155,22.147,22.132,22.117,22.102,22.086,22.079,22.063,22.056,22.048,22.041,22.025,22.025,22.018,22.010,22.002,22.002,22.002,21.995,22.002,22.002,22.002,22.002,21.995,21.995,21.987,21.979,21.972,21.964,21.964,21.964,21.964,21.964,21.964,21.964,21.964,21.964,21.956,21.949,21.949,21.949,21.949,21.941,21.949,21.949,21.956,21.956,21.941,21.934,21.926,21.918,21.911,21.911,21.911,21.918,21.926,21.941,21.949,21.956,21.949,21.934,21.926,21.918,21.918,21.926,21.934,21.934,21.918,21.911,21.903,21.895,21.888,21.888,21.888,21.888,21.880,21.880,21.880,21.872,21.865,21.857,21.849,21.849,21.842,21.849,21.849,21.842,21.834,21.826,21.811,21.796,21.788,21.788,21.780,21.773,21.765,21.757,21.750,21.742,21.727,21.719,21.711,21.696,21.696,21.688,21.681,21.673,21.658,21.642,21.627,21.612,21.596,21.581,21.573,21.566,21.573,21.581,21.596,21.596,21.581,21.566,21.558,21.550,21.550,21.550,21.558,21.558,21.558,21.558,21.558,21.566,21.566,21.573,21.573,21.589,21.604,21.619,21.635,21.650,21.658,21.665,21.673,21.681,21.681,21.681,21.681,21.688,21.696,21.711,21.719,21.719,21.711,21.711,21.704,21.696,21.704,21.704,21.711,21.711,21.711,21.719,21.719,21.719,21.727,21.727,21.727,21.727,21.719,21.719,21.719,21.711,21.696,21.688,21.681,21.681,21.688,21.696,21.711,21.719,21.719,21.719
,23.354,23.346,23.331,23.309,23.278,23.263,23.248,23.248,23.241,23.241,23.233,23.233,23.226,23.210,23.203,23.195,23.180,23.165,23.150,23.135,23.120,23.105,23.097,23.089,23.082,23.067,23.052,23.037,23.021,23.006,22.991,22.976,22.968,22.953,22.938,22.931,22.923,22.908,22.900,22.885,22.878,22.862,22.862,22.855,22.855,22.847,22.840,22.832,22.824,22.817,22.817,22.817,22.817,22.817,22.809,22.802,22.794,22.779,22.771,22.764,22.756,22.741,22.726,22.733,22.756,22.779,22.817,22.855,22.893,22.923,22.984,23.037,23.097,23.173,23.278,23.369,23.474,23.610,23.843,24.173,24.539,24.955,25.466,26.026,26.605,27.174,27.645,28.086,28.481,28.789,28.897,28.982,29.061,29.147,29.204,29.282,29.353,29.410,29.446,29.481,29.517,29.553,29.624,29.673,29.723,29.773,29.815,29.865,29.907,29.950,29.971,29.999,30.042,30.084,30.113,30.162,30.204,30.240,30.261,30.289,30.324,30.367,30.409,30.451,30.494,30.543,30.592,30.620,30.642,30.663,30.684,30.705,30.726,30.740,30.740,30.740,30.740,30.747,30.740,30.726,30.698,30.670,30.635,30.592,30.550,30.515,30.494,30.466,30.437,30.409,30.388,30.367,30.339,30.317,30.282,30.247,30.219,30.197,30.169,30.162,30.148,30.134,30.141,30.120,30.084,30.049,30.049,30.056,30.056,30.049,30.035,30.021,30.006,29.992,29.971,29.964,29.950,29.943,29.943,29.950,29.957,29.950,29.936,29.922,29.907,29.893,29.872,29.865,29.851,29.836,29.815,29.808,29.808,29.801,29.794,29.794,29.794,29.787,29.794,29.822,29.844,29.858,29.851,29.822,29.822,29.858,29.900,29.929,29.936,29.922,29.914,29.907,29.900,29.872,29.744,29.631,29.553,29.496,29.346,29.189,29.011,28.811,28.560,28.230,27.869,27.450,26.875,26.356,25.798,25.207,24.635,24.165,23.738,23.384,23.263,23.105,22.946,22.824,22.862,22.840,22.802,22.749,22.749,22.733,22.718,22.718,22.718,22.711,22.703,22.688,22.665,22.650,22.635,22.620,22.604,22.589,22.582,22.566,22.559,22.551,22.544,22.536,22.528,22.513,22.506,22.490,22.490,22.483,22.475,22.460,22.460,22.452,22.445,22.429,22.422,22.414,22.407,22.391,22.384,22.369,22.361,22.353,22.346,22.346,22.338,22.323,22.315,22.300,22.292,22.277,22.270,22.254,22.247,22.231,22.224,22.209,22.193,22.178,22.170,22.155,22.140,22.125,22.109,22.094,22.086,22.071,22.056,22.048,22.041,22.033,22.025,22.018,22.010,22.002,21.995,21.987,21.987,21.987,21.987,21.987,21.995,21.995,21.995,21.987,21.979,21.972,21.964,21.956,21.956,21.949,21.949,21.949,21.956,21.949,21.949,21.949,21.941,21.941,21.941,21.941,21.934,21.934,21.934,21.941,21.941,21.941,21.934,21.918,21.911,21.911,21.903,21.903,21.903,21.911,21.918,21.934,21.941,21.949,21.941,21.934,21.918,21.918,21.918,21.918,21.926,21.918,21.911,21.903,21.895,21.888,21.888,21.888,21.880,21.880,21.880,21.880,21.872,21.865,21.857,21.849,21.842,21.842,21.842,21.849,21.849,21.842,21.842,21.826,21.811,21.796,21.788,21.780,21.780,21.765,21.757,21.750,21.742,21.734,21.727,21.719,21.711,21.696,21.696,21.688,21.681,21.665,21.650,21.635,21.619,21.604,21.589,21.573,21.566,21.566,21.566,21.581,21.589,21.589,21.581,21.566,21.558,21.550,21.550,21.550,21.558,21.550,21.550,21.550,21.543,21.543,21.550,21.558,21.566,21.581,21.596,21.619,21.635,21.650,21.658,21.658,21.665,21.665,21.665,21.665,21.665,21.673,21.681,21.696,21.704,21.711,21.704,21.696,21.688,21.681,21.688,21.688,21.696,21.704,21.704,21.704,21.704,21.704,21.711,21.711,21.711,21.711,21.711,21.711,21.711,21.704,21.681,21.665,21.658,21.650,21.665,21.681,21.696,21.711,21.711,21.711
,23.369,23.361,23.346,23.316,23.293,23.271,23.263,23.256,23.256,23.248,23.241,23.233,23.226,23.218,23.210,23.195,23.180,23.165,23.150,23.135,23.120,23.105,23.097,23.089,23.074,23.059,23.052,23.037,23.021,23.006,22.991,22.976,22.961,22.946,22.938,22.931,22.923,22.908,22.900,22.885,22.878,22.862,22.862,22.855,22.847,22.840,22.832,22.824,22.824,22.817,22.817,22.824,22.824,22.817,22.817,22.809,22.802,22.787,22.779,22.779,22.771,22.756,22.726,22.741,22.764,22.802,22.840,22.878,22.915,22.961,22.999,23.067,23.150,23.241,23.309,23.437,23.587,23.745,23.955,24.359,24.799,25.244,25.754,26.327,26.897,27.435,27.934,28.330,28.625,28.832,28.997,29.061,29.111,29.175,29.268,29.346,29.403,29.446,29.489,29.517,29.560,29.609,29.659,29.709,29.751,29.794,29.836,29.886,29.929,29.957,29.985,30.028,30.063,30.091,30.141,30.190,30.226,30.261,30.289,30.324,30.367,30.409,30.451,30.494,30.536,30.585,30.627,30.656,30.670,30.684,30.705,30.733,30.754,30.775,30.775,30.775,30.775,30.782,30.775,30.754,30.726,30.691,30.663,30.620,30.578,30.536,30.508,30.480,30.458,30.430,30.409,30.388,30.360,30.332,30.310,30.275,30.247,30.219,30.190,30.169,30.162,30.155,30.148,30.127,30.106,30.084,30.077,30.084,30.084,30.077,30.056,30.049,30.028,30.014,29.992,29.971,29.964,29.950,29.943,29.950,29.957,29.950,29.943,29.936,29.922,29.907,29.893,29.879,29.865,29.858,29.836,29.829,29.829,29.822,29.815,29.808,29.808,29.815,29.822,29.851,29.872,29.893,29.886,29.872,29.872,29.900,29.943,29.964,29.971,29.957,29.950,29.943,29.922,29.872,29.780,29.680,29.595,29.517,29.410,29.282,29.118,28.925,28.696,28.474,28.136,27.688,27.188,26.700,26.151,25.548,24.955,24.382,23.933,23.632,23.407,23.120,22.961,22.923,22.878,22.817,22.787,22.787,22.749,22.726,22.718,22.718,22.718,22.711,22.703,22.696,22.673,22.658,22.642,22.627,22.612,22.604,22.589,22.574,22.566,22.559,22.551,22.544,22.536,22.521,22.513,22.498,22.490,22.483,22.475,22.468,22.460,22.452,22.445,22.429,22.422,22.414,22.407,22.391,22.384,22.376,22.369,22.353,22.353,22.346,22.338,22.323,22.315,22.300,22.292,22.277,22.270,22.254,22.247,22.231,22.216,22.201,22.193,22.178,22.163,22.147,22.140,22.125,22.109,22.094,22.079,22.063,22.056,22.048,22.041,22.025,22.018,22.010,22.002,21.995,21.987,21.987,21.979,21.979,21.987,21.987,21.995,21.995,21.987,21.987,21.979,21.964,21.964,21.956,21.956,21.949,21.949,21.949,21.956,21.949,21.949,21.949,21.941,21.941,21.941,21.941,21.934,21.934,21.934,21.941,21.941,21.934,21.934,21.926,21.918,21.911,21.911,21.903,21.911,21.918,21.926,21.941,21.949,21.949,21.949,21.941,21.934,21.926,21.918,21.918,21.926,21.918,21.918,21.911,21.903,21.888,21.888,21.888,21.880,21.880,21.880,21.880,21.872,21.865,21.857,21.849,21.842,21.842,21.842,21.842,21.849,21.842,21.842,21.826,21.811,21.796,21.788,21.780,21.773,21.757,21.757,21.750,21.742,21.734,21.727,21.719,21.711,21.696,21.688,21.681,21.673,21.658,21.642,21.627,21.619,21.596,21.589,21.573,21.566,21.566,21.566,21.573,21.581,21.581,21.573,21.566,21.558,21.550,21.550,21.550,21.558,21.550,21.550,21.543,21.543,21.543,21.543,21.543,21.558,21.566,21.581,21.604,21.619,21.635,21.650,21.650,21.650,21.650,21.658,21.658,21.658,21.673,21.681,21.696,21.711,21.711,21.711,21.704,21.696,21.688,21.696,21.696,21.704,21.704,21.704,21.704,21.704,21.711,21.711,21.719,21.727,21.727,21.727,21.727,21.727,21.719,21.704,21.681,21.673,21.665,21.688,21.704,21.727,21.742,21.742,21.742
,23.376,23.369,23.354,23.331,23.309,23.286,23.271,23.271,23.263,23.256,23.241,23.233,23.226,23.218,23.203,23.195,23.180,23.165,23.150,23.135,23.120,23.105,23.089,23.082,23.067,23.059,23.044,23.037,23.021,23.006,22.991,22.984,22.968,22.953,22.938,22.931,22.923,22.908,22.893,22.885,22.878,22.870,22.862,22.847,22.840,22.832,22.824,22.824,22.824,22.824,22.824,22.824,22.824,22.824,22.817,22.817,22.802,22.794,22.794,22.794,22.787,22.779,22.741,22.749,22.771,22.809,22.862,22.893,22.938,22.984,23.037,23.089,23.173,23.286,23.376,23.489,23.648,23.858,24.150,24.553,25.015,25.518,26.048,26.620,27.174,27.681,28.136,28.495,28.746,28.911,29.047,29.111,29.161,29.225,29.325,29.396,29.446,29.489,29.531,29.567,29.609,29.652,29.695,29.737,29.780,29.822,29.858,29.900,29.936,29.971,30.006,30.042,30.070,30.113,30.162,30.212,30.254,30.296,30.324,30.367,30.409,30.451,30.494,30.536,30.578,30.620,30.656,30.684,30.698,30.712,30.733,30.761,30.789,30.803,30.803,30.810,30.810,30.817,30.803,30.775,30.747,30.719,30.684,30.642,30.599,30.557,30.529,30.494,30.473,30.451,30.423,30.402,30.381,30.353,30.332,30.303,30.275,30.240,30.212,30.190,30.176,30.169,30.162,30.148,30.127,30.113,30.106,30.106,30.098,30.091,30.070,30.063,30.042,30.021,29.999,29.985,29.971,29.957,29.950,29.950,29.957,29.950,29.943,29.943,29.929,29.914,29.907,29.893,29.879,29.865,29.851,29.844,29.836,29.829,29.822,29.815,29.808,29.808,29.815,29.851,29.879,29.893,29.893,29.886,29.886,29.914,29.950,29.978,29.978,29.971,29.964,29.964,29.943,29.900,29.815,29.730,29.638,29.553,29.474,29.339,29.182,29.018,28.847,28.617,28.309,27.920,27.507,26.985,26.437,25.872,25.267,24.688,24.203,23.813,23.452,23.226,23.074,22.961,22.847,22.824,22.817,22.794,22.741,22.733,22.726,22.711,22.711,22.711,22.711,22.703,22.688,22.665,22.642,22.627,22.612,22.612,22.597,22.589,22.574,22.566,22.559,22.544,22.536,22.521,22.513,22.498,22.490,22.483,22.483,22.468,22.460,22.452,22.445,22.429,22.422,22.414,22.407,22.399,22.384,22.384,22.376,22.369,22.353,22.353,22.338,22.330,22.315,22.308,22.292,22.285,22.270,22.262,22.247,22.231,22.216,22.201,22.193,22.178,22.155,22.147,22.140,22.125,22.109,22.094,22.086,22.071,22.056,22.048,22.041,22.025,22.018,22.002,21.995,21.987,21.987,21.979,21.979,21.979,21.979,21.987,21.987,21.987,21.987,21.987,21.979,21.972,21.964,21.964,21.956,21.956,21.956,21.956,21.956,21.956,21.949,21.949,21.949,21.949,21.949,21.949,21.949,21.949,21.949,21.941,21.941,21.941,21.934,21.934,21.934,21.934,21.926,21.926,21.926,21.926,21.941,21.949,21.956,21.964,21.964,21.956,21.949,21.941,21.941,21.934,21.934,21.926,21.918,21.918,21.911,21.903,21.895,21.888,21.888,21.880,21.880,21.880,21.872,21.872,21.857,21.849,21.842,21.842,21.842,21.842,21.849,21.842,21.834,21.819,21.811,21.796,21.780,21.780,21.773,21.757,21.757,21.757,21.750,21.742,21.727,21.719,21.711,21.696,21.681,21.673,21.665,21.650,21.635,21.627,21.612,21.596,21.589,21.581,21.573,21.566,21.566,21.566,21.566,21.573,21.566,21.566,21.558,21.558,21.558,21.558,21.558,21.550,21.550,21.543,21.543,21.543,21.543,21.543,21.550,21.558,21.573,21.589,21.604,21.619,21.627,21.635,21.635,21.642,21.650,21.658,21.665,21.673,21.688,21.711,21.719,21.727,21.734,21.727,21.719,21.719,21.719,21.719,21.719,21.719,21.719,21.719,21.727,21.727,21.734,21.742,21.742,21.750,21.757,21.757,21.757,21.757,21.742,21.727,21.719,21.711,21.727,21.750,21.765,21.780,21.780,21.788
,23.392,23.384,23.369,23.346,23.316,23.293,23.286,23.278,23.271,23.263,23.248,23.233,23.218,23.210,23.195,23.195,23.180,23.165,23.150,23.127,23.112,23.097,23.082,23.074,23.067,23.052,23.044,23.037,23.021,23.006,22.999,22.984,22.968,22.953,22.938,22.931,22.915,22.900,22.893,22.885,22.878,22.870,22.855,22.847,22.832,22.824,22.824,22.824,22.824,22.824,22.824,22.832,22.832,22.824,22.824,22.817,22.809,22.802,22.809,22.809,22.809,22.794,22.756,22.756,22.779,22.824,22.878,22.915,22.953,23.006,23.059,23.120,23.203,23.316,23.444,23.572,23.738,23.978,24.367,24.792,25.259,25.791,26.342,26.904,27.442,27.934,28.323,28.625,28.847,28.997,29.097,29.147,29.204,29.275,29.375,29.439,29.496,29.538,29.574,29.617,29.659,29.695,29.730,29.773,29.808,29.844,29.879,29.914,29.943,29.978,30.014,30.049,30.084,30.127,30.183,30.233,30.282,30.332,30.367,30.409,30.451,30.501,30.543,30.578,30.620,30.656,30.691,30.712,30.733,30.740,30.768,30.796,30.817,30.831,30.831,30.831,30.838,30.845,30.831,30.803,30.775,30.747,30.712,30.670,30.627,30.585,30.550,30.515,30.487,30.466,30.444,30.416,30.395,30.367,30.346,30.324,30.296,30.261,30.233,30.212,30.197,30.190,30.183,30.176,30.162,30.155,30.155,30.141,30.127,30.106,30.077,30.070,30.056,30.035,30.014,29.999,29.985,29.964,29.957,29.957,29.957,29.957,29.950,29.943,29.943,29.929,29.922,29.907,29.900,29.879,29.865,29.858,29.851,29.836,29.829,29.815,29.808,29.808,29.808,29.829,29.858,29.872,29.872,29.865,29.879,29.900,29.936,29.964,29.978,29.971,29.964,29.964,29.957,29.929,29.851,29.773,29.688,29.602,29.524,29.382,29.239,29.104,28.947,28.725,28.467,28.158,27.746,27.239,26.722,26.195,25.584,25.007,24.464,23.978,23.595,23.376,23.173,22.968,22.862,22.855,22.832,22.779,22.749,22.741,22.726,22.711,22.711,22.718,22.718,22.718,22.703,22.673,22.650,22.627,22.620,22.612,22.604,22.597,22.582,22.566,22.559,22.551,22.536,22.521,22.513,22.498,22.490,22.490,22.483,22.475,22.460,22.452,22.445,22.429,22.422,22.414,22.414,22.407,22.391,22.384,22.384,22.376,22.361,22.353,22.346,22.338,22.323,22.308,22.300,22.285,22.270,22.262,22.254,22.231,22.216,22.201,22.186,22.170,22.155,22.147,22.132,22.117,22.109,22.094,22.086,22.079,22.063,22.048,22.041,22.025,22.018,22.002,21.995,21.987,21.987,21.979,21.979,21.979,21.979,21.979,21.987,21.987,21.987,21.979,21.979,21.972,21.972,21.964,21.964,21.964,21.964,21.964,21.956,21.956,21.956,21.956,21.956,21.956,21.956,21.956,21.956,21.956,21.956,21.949,21.941,21.941,21.941,21.941,21.949,21.949,21.941,21.934,21.934,21.934,21.949,21.956,21.964,21.972,21.972,21.964,21.964,21.956,21.949,21.941,21.934,21.926,21.926,21.918,21.911,21.903,21.895,21.895,21.888,21.880,21.880,21.880,21.872,21.872,21.865,21.849,21.842,21.842,21.842,21.842,21.842,21.842,21.826,21.819,21.803,21.788,21.780,21.773,21.773,21.765,21.765,21.757,21.750,21.742,21.734,21.719,21.711,21.696,21.681,21.673,21.658,21.642,21.627,21.619,21.604,21.596,21.589,21.581,21.573,21.566,21.558,21.558,21.558,21.558,21.558,21.558,21.558,21.558,21.558,21.558,21.558,21.550,21.543,21.543,21.535,21.535,21.535,21.535,21.543,21.550,21.566,21.573,21.589,21.604,21.612,21.619,21.627,21.635,21.650,21.658,21.665,21.681,21.696,21.719,21.734,21.742,21.750,21.742,21.742,21.742,21.742,21.734,21.734,21.734,21.734,21.734,21.742,21.742,21.750,21.757,21.765,21.765,21.773,21.780,21.780,21.780,21.773,21.765,21.757,21.757,21.765,21.788,21.803,21.811,21.811,21.811
,23.407,23.407,23.384,23.361,23.331,23.301,23.293,23.286,23.278,23.263,23.248,23.233,23.218,23.203,23.195,23.188,23.180,23.165,23.142,23.127,23.112,23.089,23.082,23.074,23.067,23.052,23.044,23.029,23.021,23.006,22.999,22.984,22.968,22.953,22.938,22.923,22.915,22.900,22.893,22.885,22.878,22.870,22.855,22.840,22.832,22.817,22.817,22.817,22.824,22.824,22.824,22.832,22.832,22.824,22.824,22.824,22.817,22.817,22.824,22.824,22.824,22.817,22.771,22.771,22.794,22.840,22.885,22.931,22.976,23.014,23.074,23.158,23.248,23.346,23.512,23.685,23.880,24.128,24.591,25.059,25.548,26.070,26.642,27.181,27.703,28.186,28.510,28.725,28.918,29.090,29.147,29.182,29.247,29.332,29.417,29.489,29.545,29.588,29.624,29.659,29.695,29.723,29.766,29.808,29.836,29.872,29.893,29.922,29.950,29.992,30.028,30.056,30.098,30.148,30.204,30.261,30.317,30.367,30.402,30.444,30.494,30.543,30.578,30.613,30.649,30.691,30.726,30.747,30.761,30.775,30.803,30.824,30.845,30.859,30.852,30.852,30.859,30.866,30.852,30.824,30.803,30.775,30.740,30.698,30.656,30.613,30.571,30.536,30.508,30.487,30.466,30.437,30.416,30.388,30.367,30.339,30.317,30.282,30.254,30.233,30.219,30.204,30.204,30.212,30.212,30.204,30.212,30.183,30.155,30.120,30.091,30.077,30.063,30.049,30.028,30.014,29.999,29.978,29.971,29.971,29.964,29.964,29.957,29.957,29.950,29.950,29.936,29.929,29.914,29.900,29.886,29.879,29.865,29.858,29.836,29.829,29.815,29.808,29.801,29.801,29.815,29.829,29.829,29.829,29.836,29.865,29.907,29.943,29.964,29.971,29.957,29.957,29.957,29.943,29.879,29.801,29.723,29.645,29.538,29.425,29.304,29.175,29.004,28.811,28.610,28.366,27.920,27.486,27.014,26.496,25.909,25.311,24.717,24.165,23.843,23.535,23.241,22.976,22.946,22.885,22.817,22.756,22.764,22.749,22.726,22.703,22.703,22.711,22.718,22.718,22.711,22.680,22.650,22.627,22.627,22.620,22.612,22.597,22.582,22.574,22.566,22.551,22.536,22.521,22.513,22.498,22.490,22.490,22.483,22.475,22.468,22.452,22.445,22.429,22.422,22.422,22.414,22.407,22.399,22.391,22.391,22.376,22.369,22.361,22.353,22.338,22.323,22.315,22.300,22.285,22.277,22.262,22.254,22.239,22.216,22.201,22.186,22.170,22.155,22.140,22.132,22.117,22.109,22.102,22.094,22.079,22.063,22.056,22.041,22.025,22.018,22.002,21.995,21.987,21.987,21.979,21.972,21.972,21.972,21.979,21.979,21.979,21.979,21.979,21.972,21.972,21.972,21.964,21.964,21.956,21.956,21.956,21.956,21.949,21.949,21.949,21.949,21.956,21.956,21.956,21.956,21.956,21.949,21.941,21.934,21.934,21.934,21.949,21.956,21.956,21.956,21.941,21.934,21.934,21.949,21.956,21.972,21.972,21.972,21.972,21.964,21.956,21.956,21.949,21.941,21.926,21.918,21.918,21.911,21.903,21.903,21.895,21.888,21.880,21.880,21.872,21.872,21.865,21.865,21.849,21.842,21.834,21.834,21.842,21.842,21.834,21.826,21.811,21.803,21.788,21.780,21.773,21.765,21.757,21.757,21.757,21.757,21.742,21.742,21.727,21.711,21.696,21.681,21.665,21.650,21.635,21.619,21.612,21.604,21.589,21.589,21.581,21.573,21.566,21.558,21.550,21.550,21.543,21.543,21.550,21.558,21.558,21.550,21.550,21.550,21.543,21.535,21.535,21.527,21.527,21.527,21.535,21.535,21.550,21.550,21.558,21.566,21.589,21.596,21.604,21.619,21.635,21.642,21.658,21.665,21.681,21.704,21.719,21.734,21.742,21.750,21.750,21.750,21.750,21.750,21.750,21.742,21.742,21.742,21.742,21.750,21.757,21.757,21.765,21.773,21.773,21.780,21.788,21.788,21.796,21.788,21.788,21.780,21.780,21.788,21.803,21.811,21.819,21.819,21.819
,23.422,23.422,23.407,23.376,23.346,23.316,23.301,23.293,23.286,23.271,23.248,23.233,23.218,23.203,23.188,23.180,23.173,23.158,23.142,23.127,23.112,23.097,23.082,23.074,23.067,23.052,23.044,23.037,23.029,23.014,22.999,22.984,22.968,22.953,22.938,22.923,22.915,22.900,22.893,22.885,22.878,22.862,22.855,22.840,22.832,22.817,22.817,22.817,22.824,22.824,22.824,22.824,22.824,22.824,22.824,22.824,22.817,22.824,22.824,22.824,22.824,22.817,22.779,22.787,22.809,22.847,22.885,22.931,22.984,23.037,23.082,23.173,23.286,23.422,23.557,23.775,24.053,24.389,24.807,25.311,25.842,26.378,26.948,27.464,27.927,28.337,28.653,28.832,28.982,29.118,29.197,29.225,29.275,29.360,29.453,29.531,29.588,29.624,29.666,29.695,29.730,29.766,29.801,29.836,29.865,29.886,29.907,29.936,29.964,29.999,30.028,30.063,30.106,30.162,30.219,30.282,30.339,30.388,30.437,30.480,30.529,30.578,30.620,30.649,30.684,30.726,30.768,30.789,30.803,30.817,30.838,30.859,30.873,30.881,30.866,30.866,30.873,30.881,30.881,30.859,30.831,30.803,30.768,30.726,30.684,30.642,30.599,30.564,30.529,30.508,30.487,30.458,30.437,30.409,30.381,30.353,30.332,30.303,30.275,30.247,30.233,30.226,30.219,30.233,30.240,30.247,30.247,30.212,30.176,30.141,30.106,30.084,30.077,30.070,30.049,30.035,30.014,29.992,29.978,29.971,29.971,29.971,29.964,29.964,29.964,29.957,29.950,29.943,29.929,29.914,29.900,29.893,29.886,29.879,29.858,29.836,29.829,29.815,29.808,29.801,29.808,29.822,29.822,29.794,29.794,29.822,29.865,29.907,29.943,29.950,29.943,29.936,29.929,29.922,29.879,29.808,29.730,29.645,29.560,29.467,29.339,29.182,29.047,28.911,28.718,28.452,28.100,27.732,27.268,26.722,26.195,25.599,25.015,24.471,24.030,23.610,23.324,23.158,22.999,22.862,22.809,22.817,22.794,22.749,22.726,22.718,22.703,22.703,22.718,22.726,22.711,22.680,22.650,22.627,22.627,22.620,22.612,22.597,22.589,22.582,22.566,22.551,22.536,22.521,22.513,22.498,22.498,22.490,22.483,22.475,22.468,22.452,22.445,22.437,22.429,22.422,22.414,22.407,22.399,22.391,22.384,22.376,22.369,22.361,22.353,22.338,22.330,22.315,22.308,22.292,22.277,22.270,22.254,22.239,22.224,22.209,22.186,22.170,22.155,22.147,22.132,22.117,22.109,22.094,22.086,22.071,22.063,22.056,22.048,22.033,22.018,22.010,22.002,21.987,21.987,21.979,21.972,21.972,21.972,21.972,21.979,21.979,21.979,21.979,21.972,21.972,21.964,21.964,21.956,21.956,21.949,21.941,21.941,21.934,21.941,21.941,21.949,21.956,21.956,21.956,21.956,21.949,21.941,21.934,21.918,21.918,21.926,21.941,21.949,21.956,21.949,21.934,21.926,21.926,21.934,21.941,21.949,21.956,21.964,21.964,21.956,21.956,21.949,21.934,21.926,21.918,21.918,21.911,21.903,21.903,21.895,21.888,21.880,21.880,21.872,21.872,21.865,21.865,21.857,21.842,21.834,21.834,21.834,21.834,21.834,21.826,21.826,21.811,21.803,21.788,21.780,21.773,21.765,21.757,21.757,21.757,21.750,21.742,21.734,21.719,21.704,21.688,21.673,21.658,21.650,21.627,21.612,21.604,21.596,21.589,21.581,21.573,21.566,21.558,21.550,21.543,21.535,21.535,21.535,21.535,21.543,21.550,21.543,21.543,21.535,21.535,21.535,21.527,21.527,21.527,21.527,21.535,21.535,21.543,21.550,21.550,21.558,21.573,21.589,21.596,21.619,21.635,21.650,21.658,21.673,21.688,21.696,21.719,21.727,21.734,21.742,21.742,21.742,21.742,21.742,21.742,21.742,21.742,21.742,21.742,21.750,21.750,21.757,21.757,21.757,21.765,21.765,21.773,21.773,21.773,21.773,21.773,21.773,21.773,21.780,21.780,21.780,21.780,21.780,21.780
,23.437,23.429,23.414,23.384,23.354,23.324,23.309,23.293,23.286,23.271,23.248,23.233,23.218,23.203,23.188,23.173,23.165,23.158,23.135,23.127,23.112,23.097,23.082,23.082,23.067,23.059,23.044,23.044,23.029,23.014,22.999,22.991,22.976,22.961,22.938,22.923,22.915,22.900,22.885,22.878,22.870,22.862,22.847,22.840,22.824,22.817,22.817,22.817,22.817,22.817,22.817,22.817,22.817,22.817,22.817,22.817,22.824,22.817,22.817,22.817,22.817,22.824,22.802,22.802,22.824,22.855,22.893,22.946,23.006,23.059,23.120,23.195,23.324,23.497,23.670,23.888,24.210,24.621,25.059,25.577,26.129,26.686,27.225,27.732,28.165,28.495,28.725,28.911,29.047,29.147,29.211,29.254,29.318,29.396,29.496,29.574,29.631,29.666,29.695,29.723,29.758,29.794,29.829,29.858,29.879,29.900,29.914,29.943,29.978,30.006,30.035,30.070,30.120,30.176,30.233,30.296,30.360,30.409,30.458,30.508,30.557,30.606,30.656,30.684,30.719,30.761,30.803,30.824,30.838,30.852,30.866,30.888,30.902,30.902,30.895,30.895,30.902,30.902,30.895,30.881,30.859,30.824,30.789,30.747,30.705,30.663,30.620,30.585,30.550,30.529,30.494,30.473,30.451,30.416,30.388,30.367,30.339,30.317,30.289,30.261,30.247,30.240,30.233,30.247,30.254,30.261,30.261,30.233,30.197,30.162,30.134,30.106,30.091,30.077,30.070,30.049,30.028,29.999,29.985,29.985,29.985,29.978,29.971,29.971,29.971,29.964,29.957,29.950,29.943,29.929,29.922,29.907,29.900,29.886,29.865,29.851,29.836,29.822,29.808,29.808,29.808,29.822,29.822,29.808,29.808,29.822,29.858,29.907,29.929,29.936,29.914,29.900,29.893,29.893,29.872,29.808,29.730,29.645,29.574,29.481,29.368,29.225,29.104,28.968,28.789,28.567,28.301,27.912,27.471,26.992,26.488,25.909,25.333,24.777,24.225,23.828,23.527,23.286,23.029,22.915,22.870,22.840,22.787,22.756,22.733,22.718,22.696,22.703,22.711,22.726,22.711,22.680,22.650,22.627,22.627,22.620,22.612,22.597,22.589,22.582,22.574,22.559,22.544,22.528,22.513,22.498,22.498,22.490,22.483,22.475,22.468,22.460,22.452,22.437,22.429,22.422,22.414,22.407,22.399,22.391,22.384,22.376,22.369,22.361,22.353,22.346,22.330,22.315,22.308,22.292,22.277,22.270,22.254,22.239,22.224,22.209,22.186,22.170,22.155,22.147,22.140,22.125,22.109,22.094,22.086,22.071,22.063,22.056,22.048,22.033,22.018,22.018,22.002,21.995,21.987,21.979,21.972,21.972,21.972,21.972,21.972,21.972,21.972,21.972,21.972,21.964,21.956,21.949,21.949,21.941,21.934,21.926,21.918,21.918,21.926,21.934,21.941,21.949,21.949,21.949,21.941,21.934,21.926,21.911,21.903,21.903,21.911,21.926,21.941,21.941,21.934,21.926,21.911,21.911,21.911,21.918,21.934,21.941,21.941,21.941,21.941,21.941,21.934,21.926,21.918,21.903,21.903,21.903,21.903,21.895,21.888,21.880,21.880,21.872,21.865,21.857,21.857,21.849,21.842,21.834,21.834,21.834,21.834,21.834,21.834,21.826,21.826,21.819,21.803,21.796,21.780,21.773,21.765,21.750,21.750,21.750,21.750,21.742,21.727,21.719,21.704,21.688,21.665,21.658,21.642,21.627,21.612,21.604,21.596,21.589,21.573,21.566,21.566,21.558,21.543,21.535,21.535,21.527,21.520,21.527,21.527,21.535,21.527,21.527,21.520,21.520,21.520,21.520,21.520,21.527,21.527,21.535,21.535,21.543,21.543,21.550,21.558,21.566,21.581,21.596,21.619,21.642,21.658,21.665,21.673,21.688,21.696,21.711,21.719,21.719,21.727,21.727,21.727,21.727,21.727,21.727,21.727,21.727,21.727,21.734,21.734,21.742,21.742,21.742,21.742,21.742,21.742,21.742,21.742,21.742,21.742,21.750,21.750,21.750,21.750,21.742,21.742,21.734,21.734,21.734
,23.452,23.444,23.414,23.392,23.354,23.324,23.309,23.293,23.286,23.271,23.248,23.241,23.218,23.203,23.188,23.173,23.165,23.150,23.135,23.127,23.120,23.105,23.089,23.082,23.074,23.067,23.052,23.044,23.029,23.014,22.999,22.991,22.976,22.961,22.938,22.931,22.915,22.900,22.885,22.878,22.870,22.855,22.847,22.832,22.832,22.824,22.817,22.817,22.817,22.817,22.809,22.809,22.809,22.809,22.809,22.817,22.824,22.817,22.787,22.779,22.794,22.824,22.824,22.824,22.832,22.862,22.908,22.968,23.029,23.074,23.150,23.248,23.384,23.565,23.790,24.038,24.382,24.821,25.304,25.835,26.393,26.963,27.471,27.949,28.345,28.639,28.797,28.961,29.097,29.189,29.232,29.282,29.353,29.432,29.531,29.609,29.666,29.702,29.723,29.751,29.787,29.815,29.851,29.872,29.893,29.907,29.929,29.950,29.985,30.021,30.049,30.091,30.141,30.197,30.254,30.317,30.381,30.437,30.480,30.536,30.585,30.642,30.691,30.719,30.754,30.796,30.838,30.859,30.873,30.873,30.888,30.909,30.923,30.937,30.930,30.930,30.923,30.923,30.909,30.895,30.873,30.845,30.803,30.761,30.726,30.684,30.642,30.606,30.571,30.543,30.515,30.487,30.458,30.430,30.402,30.381,30.360,30.324,30.303,30.282,30.261,30.247,30.247,30.254,30.268,30.275,30.268,30.247,30.219,30.190,30.162,30.127,30.106,30.091,30.084,30.063,30.042,30.014,30.006,29.999,29.992,29.985,29.978,29.978,29.978,29.971,29.964,29.957,29.957,29.943,29.936,29.922,29.907,29.893,29.872,29.858,29.836,29.822,29.808,29.808,29.808,29.815,29.815,29.815,29.815,29.829,29.858,29.900,29.929,29.929,29.900,29.879,29.872,29.872,29.865,29.801,29.730,29.652,29.588,29.503,29.396,29.275,29.140,29.004,28.868,28.696,28.445,28.064,27.667,27.261,26.744,26.195,25.636,25.067,24.479,24.068,23.700,23.376,23.120,22.999,22.900,22.824,22.802,22.771,22.741,22.711,22.696,22.703,22.711,22.718,22.711,22.680,22.650,22.627,22.620,22.620,22.604,22.597,22.582,22.582,22.574,22.559,22.544,22.528,22.521,22.506,22.498,22.490,22.483,22.475,22.468,22.460,22.452,22.445,22.437,22.429,22.414,22.407,22.399,22.391,22.384,22.376,22.369,22.369,22.361,22.353,22.338,22.323,22.308,22.292,22.277,22.270,22.254,22.239,22.224,22.209,22.193,22.178,22.163,22.147,22.140,22.125,22.109,22.094,22.086,22.071,22.063,22.056,22.048,22.041,22.025,22.018,22.010,22.002,21.987,21.979,21.972,21.964,21.964,21.964,21.964,21.964,21.964,21.964,21.964,21.956,21.949,21.949,21.941,21.934,21.918,21.911,21.903,21.903,21.918,21.926,21.934,21.941,21.941,21.941,21.934,21.926,21.911,21.903,21.895,21.888,21.903,21.918,21.926,21.934,21.926,21.911,21.895,21.895,21.895,21.903,21.911,21.918,21.926,21.926,21.934,21.934,21.926,21.918,21.903,21.895,21.895,21.895,21.895,21.888,21.880,21.880,21.872,21.865,21.857,21.857,21.849,21.842,21.834,21.834,21.826,21.826,21.826,21.826,21.826,21.826,21.819,21.819,21.811,21.796,21.788,21.773,21.765,21.750,21.742,21.742,21.742,21.734,21.719,21.711,21.696,21.681,21.665,21.650,21.635,21.619,21.612,21.604,21.589,21.581,21.566,21.566,21.558,21.550,21.535,21.527,21.527,21.520,21.512,21.520,21.520,21.520,21.512,21.512,21.504,21.504,21.512,21.512,21.520,21.520,21.527,21.527,21.535,21.535,21.543,21.543,21.550,21.566,21.581,21.596,21.619,21.642,21.658,21.665,21.673,21.688,21.696,21.704,21.704,21.711,21.711,21.711,21.711,21.711,21.711,21.711,21.711,21.711,21.719,21.727,21.734,21.734,21.734,21.734,21.727,21.727,21.719,21.719,21.711,21.719,21.719,21.727,21.727,21.727,21.719,21.711,21.704,21.696,21.688,21.688
,23.474,23.452,23.422,23.384,23.354,23.324,23.309,23.293,23.278,23.271,23.256,23.241,23.226,23.203,23.188,23.173,23.165,23.142,23.135,23.127,23.120,23.105,23.097,23.089,23.082,23.067,23.059,23.044,23.029,23.014,22.999,22.984,22.976,22.961,22.946,22.931,22.915,22.900,22.885,22.878,22.870,22.855,22.847,22.840,22.832,22.832,22.824,22.817,22.817,22.809,22.809,22.802,22.802,22.802,22.802,22.824,22.824,22.802,22.756,22.741,22.764,22.817,22.847,22.847,22.840,22.862,22.915,22.991,23.044,23.089,23.180,23.309,23.459,23.640,23.895,24.217,24.591,25.015,25.533,26.085,26.649,27.188,27.681,28.100,28.467,28.746,28.875,29.004,29.125,29.225,29.268,29.318,29.389,29.481,29.574,29.652,29.702,29.737,29.744,29.780,29.815,29.851,29.872,29.893,29.907,29.922,29.943,29.964,29.992,30.028,30.070,30.113,30.162,30.226,30.282,30.346,30.402,30.458,30.508,30.564,30.620,30.677,30.719,30.754,30.789,30.831,30.866,30.888,30.895,30.895,30.909,30.930,30.951,30.965,30.958,30.951,30.951,30.944,30.923,30.902,30.881,30.859,30.817,30.782,30.740,30.705,30.663,30.627,30.585,30.557,30.536,30.508,30.480,30.451,30.423,30.402,30.374,30.353,30.324,30.296,30.268,30.254,30.254,30.268,30.282,30.289,30.282,30.261,30.233,30.212,30.183,30.155,30.127,30.106,30.091,30.084,30.063,30.035,30.035,30.028,30.021,29.999,29.992,29.992,29.985,29.978,29.971,29.971,29.964,29.957,29.943,29.936,29.922,29.900,29.879,29.858,29.844,29.822,29.815,29.808,29.808,29.808,29.815,29.815,29.822,29.829,29.858,29.893,29.922,29.922,29.893,29.872,29.865,29.872,29.858,29.801,29.737,29.673,29.595,29.524,29.432,29.318,29.161,29.047,28.947,28.811,28.531,28.215,27.876,27.493,26.963,26.459,25.931,25.355,24.784,24.292,23.843,23.459,23.278,23.067,22.900,22.809,22.832,22.794,22.749,22.711,22.703,22.703,22.703,22.711,22.711,22.680,22.650,22.627,22.620,22.612,22.604,22.589,22.582,22.582,22.574,22.559,22.544,22.528,22.521,22.506,22.498,22.498,22.490,22.483,22.475,22.468,22.460,22.452,22.445,22.429,22.422,22.407,22.399,22.391,22.384,22.384,22.376,22.376,22.369,22.353,22.338,22.323,22.315,22.292,22.277,22.270,22.262,22.239,22.224,22.209,22.201,22.178,22.163,22.155,22.147,22.125,22.109,22.094,22.086,22.071,22.063,22.056,22.048,22.041,22.033,22.025,22.018,22.002,21.995,21.979,21.972,21.964,21.964,21.964,21.956,21.956,21.956,21.956,21.956,21.956,21.949,21.941,21.934,21.926,21.918,21.903,21.895,21.895,21.903,21.918,21.926,21.934,21.934,21.934,21.926,21.918,21.911,21.895,21.888,21.888,21.888,21.903,21.918,21.918,21.918,21.903,21.888,21.888,21.888,21.895,21.903,21.911,21.911,21.918,21.926,21.918,21.918,21.903,21.895,21.895,21.895,21.888,21.888,21.880,21.880,21.872,21.865,21.857,21.857,21.849,21.842,21.834,21.834,21.826,21.819,21.819,21.819,21.819,21.819,21.819,21.819,21.811,21.803,21.796,21.788,21.773,21.765,21.750,21.742,21.734,21.734,21.719,21.711,21.704,21.688,21.673,21.665,21.650,21.635,21.619,21.612,21.596,21.589,21.573,21.566,21.558,21.550,21.535,21.527,21.520,21.520,21.512,21.512,21.504,21.504,21.504,21.504,21.497,21.489,21.489,21.497,21.504,21.512,21.512,21.520,21.520,21.527,21.527,21.535,21.535,21.543,21.558,21.573,21.596,21.619,21.642,21.658,21.665,21.673,21.688,21.688,21.696,21.696,21.696,21.696,21.704,21.704,21.704,21.704,21.704,21.704,21.711,21.719,21.727,21.734,21.734,21.734,21.727,21.719,21.711,21.711,21.704,21.704,21.704,21.704,21.711,21.719,21.711,21.704,21.688,21.681,21.673,21.665,21.665
,23.497,23.459,23.399,23.361,23.339,23.316,23.301,23.278,23.271,23.263,23.256,23.241,23.226,23.210,23.203,23.180,23.165,23.150,23.142,23.135,23.127,23.112,23.105,23.089,23.082,23.067,23.052,23.037,23.021,22.999,22.991,22.976,22.968,22.953,22.946,22.931,22.923,22.908,22.893,22.878,22.870,22.855,22.847,22.840,22.840,22.832,22.832,22.824,22.817,22.809,22.809,22.802,22.802,22.802,22.809,22.824,22.832,22.809,22.756,22.741,22.771,22.824,22.862,22.855,22.855,22.870,22.923,22.999,23.052,23.105,23.180,23.339,23.527,23.738,23.978,24.359,24.792,25.252,25.761,26.320,26.861,27.377,27.876,28.244,28.531,28.754,28.932,29.054,29.147,29.225,29.296,29.353,29.432,29.524,29.624,29.702,29.744,29.766,29.787,29.822,29.851,29.879,29.900,29.922,29.936,29.943,29.964,29.985,30.014,30.049,30.084,30.127,30.183,30.247,30.310,30.374,30.437,30.487,30.543,30.599,30.656,30.719,30.761,30.796,30.824,30.866,30.895,30.902,30.902,30.909,30.930,30.951,30.972,30.986,30.979,30.972,30.965,30.958,30.944,30.916,30.888,30.866,30.838,30.803,30.761,30.719,30.691,30.649,30.613,30.578,30.557,30.529,30.501,30.473,30.444,30.423,30.395,30.374,30.353,30.317,30.282,30.261,30.254,30.282,30.303,30.310,30.296,30.275,30.254,30.226,30.204,30.176,30.155,30.134,30.113,30.098,30.091,30.084,30.084,30.077,30.049,30.014,29.999,29.992,29.992,29.985,29.978,29.978,29.971,29.964,29.957,29.943,29.929,29.907,29.886,29.865,29.851,29.829,29.815,29.808,29.808,29.808,29.808,29.808,29.808,29.822,29.844,29.886,29.914,29.922,29.900,29.879,29.865,29.865,29.858,29.815,29.751,29.680,29.609,29.553,29.474,29.353,29.211,29.111,28.997,28.847,28.625,28.381,28.042,27.631,27.203,26.737,26.217,25.651,25.059,24.486,24.030,23.693,23.399,23.112,22.931,22.862,22.840,22.787,22.749,22.733,22.718,22.718,22.711,22.711,22.711,22.680,22.650,22.627,22.620,22.612,22.604,22.589,22.582,22.582,22.574,22.559,22.544,22.528,22.521,22.506,22.506,22.498,22.490,22.483,22.483,22.475,22.468,22.452,22.445,22.437,22.429,22.414,22.407,22.399,22.391,22.384,22.384,22.376,22.369,22.353,22.346,22.330,22.315,22.300,22.285,22.277,22.262,22.247,22.231,22.216,22.201,22.186,22.170,22.163,22.147,22.132,22.117,22.102,22.086,22.071,22.063,22.056,22.048,22.041,22.033,22.025,22.018,22.002,21.995,21.979,21.972,21.964,21.964,21.964,21.956,21.956,21.956,21.956,21.956,21.949,21.949,21.941,21.934,21.926,21.911,21.895,21.895,21.895,21.895,21.911,21.926,21.934,21.934,21.934,21.926,21.918,21.918,21.903,21.895,21.888,21.888,21.903,21.911,21.918,21.911,21.895,21.888,21.888,21.888,21.895,21.903,21.911,21.911,21.918,21.926,21.918,21.918,21.911,21.903,21.895,21.895,21.888,21.888,21.880,21.880,21.872,21.865,21.857,21.849,21.842,21.834,21.834,21.826,21.826,21.819,21.819,21.819,21.819,21.819,21.819,21.811,21.803,21.796,21.788,21.780,21.773,21.765,21.750,21.750,21.734,21.727,21.711,21.704,21.696,21.688,21.673,21.658,21.642,21.635,21.619,21.604,21.596,21.589,21.573,21.558,21.543,21.535,21.527,21.520,21.520,21.512,21.512,21.504,21.504,21.504,21.504,21.497,21.497,21.489,21.489,21.489,21.489,21.497,21.504,21.504,21.504,21.512,21.520,21.520,21.520,21.535,21.543,21.566,21.589,21.604,21.627,21.650,21.665,21.673,21.688,21.696,21.696,21.696,21.696,21.696,21.704,21.704,21.704,21.704,21.704,21.711,21.719,21.719,21.727,21.734,21.734,21.734,21.727,21.719,21.711,21.711,21.704,21.704,21.704,21.704,21.719,21.719,21.719,21.711,21.696,21.688,21.673,21.673,21.665
,23.505,23.459,23.384,23.354,23.331,23.316,23.301,23.278,23.271,23.263,23.248,23.233,23.226,23.218,23.203,23.195,23.180,23.165,23.150,23.142,23.135,23.120,23.105,23.089,23.082,23.059,23.044,23.021,23.006,22.991,22.984,22.968,22.961,22.953,22.946,22.938,22.923,22.915,22.900,22.885,22.870,22.862,22.855,22.847,22.847,22.847,22.832,22.832,22.824,22.809,22.809,22.802,22.802,22.802,22.809,22.832,22.840,22.824,22.764,22.749,22.771,22.840,22.878,22.862,22.855,22.870,22.931,22.999,23.059,23.112,23.203,23.369,23.580,23.828,24.105,24.501,24.948,25.422,25.945,26.517,27.057,27.544,28.006,28.352,28.610,28.804,28.968,29.090,29.182,29.247,29.318,29.382,29.467,29.560,29.659,29.730,29.773,29.801,29.822,29.858,29.886,29.914,29.936,29.950,29.957,29.964,29.978,30.006,30.035,30.063,30.098,30.148,30.204,30.268,30.332,30.395,30.451,30.508,30.564,30.620,30.684,30.747,30.789,30.824,30.852,30.888,30.916,30.916,30.923,30.930,30.958,30.979,31.000,31.014,31.000,30.993,30.979,30.965,30.958,30.930,30.902,30.873,30.845,30.817,30.782,30.740,30.712,30.670,30.635,30.599,30.571,30.550,30.522,30.487,30.466,30.437,30.416,30.395,30.374,30.339,30.296,30.268,30.275,30.310,30.339,30.339,30.324,30.296,30.275,30.247,30.219,30.190,30.162,30.148,30.127,30.113,30.098,30.091,30.098,30.091,30.063,30.021,29.999,29.999,29.992,29.985,29.985,29.978,29.978,29.971,29.957,29.943,29.929,29.907,29.886,29.872,29.851,29.836,29.815,29.801,29.801,29.794,29.794,29.794,29.801,29.815,29.836,29.872,29.900,29.914,29.900,29.879,29.865,29.858,29.858,29.815,29.758,29.695,29.624,29.567,29.496,29.396,29.268,29.147,29.025,28.897,28.718,28.474,28.158,27.804,27.435,26.955,26.444,25.909,25.304,24.717,24.225,23.835,23.482,23.195,22.991,22.878,22.832,22.802,22.771,22.741,22.726,22.718,22.718,22.711,22.703,22.673,22.642,22.627,22.627,22.612,22.604,22.589,22.582,22.574,22.566,22.559,22.544,22.528,22.521,22.506,22.506,22.498,22.498,22.490,22.483,22.475,22.468,22.460,22.445,22.445,22.429,22.422,22.414,22.407,22.399,22.391,22.384,22.376,22.369,22.353,22.346,22.338,22.323,22.308,22.292,22.277,22.262,22.247,22.231,22.216,22.209,22.193,22.178,22.163,22.155,22.140,22.125,22.109,22.094,22.079,22.063,22.056,22.048,22.041,22.025,22.018,22.010,22.002,21.995,21.987,21.979,21.964,21.964,21.956,21.956,21.956,21.956,21.956,21.956,21.949,21.949,21.941,21.934,21.926,21.911,21.903,21.895,21.895,21.895,21.911,21.918,21.926,21.934,21.934,21.934,21.926,21.918,21.911,21.903,21.895,21.895,21.903,21.911,21.911,21.903,21.895,21.895,21.895,21.903,21.903,21.911,21.918,21.926,21.926,21.926,21.918,21.918,21.918,21.911,21.903,21.895,21.888,21.880,21.880,21.872,21.872,21.865,21.857,21.849,21.842,21.834,21.826,21.826,21.819,21.819,21.819,21.819,21.819,21.819,21.811,21.811,21.796,21.796,21.788,21.780,21.773,21.765,21.757,21.750,21.734,21.727,21.711,21.704,21.688,21.681,21.673,21.658,21.642,21.635,21.619,21.604,21.596,21.589,21.573,21.550,21.543,21.535,21.527,21.512,21.512,21.512,21.504,21.504,21.504,21.504,21.497,21.497,21.497,21.489,21.489,21.489,21.489,21.489,21.489,21.489,21.489,21.497,21.504,21.504,21.512,21.520,21.535,21.558,21.581,21.596,21.619,21.642,21.665,21.673,21.688,21.696,21.696,21.696,21.696,21.696,21.704,21.711,21.711,21.719,21.711,21.719,21.719,21.727,21.734,21.742,21.742,21.742,21.734,21.727,21.719,21.711,21.711,21.711,21.711,21.719,21.727,21.734,21.734,21.727,21.711,21.704,21.688,21.688,21.688
,23.512,23.459,23.384,23.354,23.339,23.324,23.309,23.286,23.271,23.256,23.226,23.210,23.210,23.218,23.210,23.203,23.188,23.173,23.158,23.150,23.135,23.120,23.105,23.089,23.074,23.059,23.037,23.014,22.999,22.984,22.968,22.968,22.961,22.953,22.946,22.938,22.931,22.915,22.900,22.885,22.878,22.862,22.862,22.855,22.855,22.847,22.840,22.832,22.824,22.817,22.809,22.802,22.802,22.802,22.809,22.832,22.840,22.824,22.771,22.756,22.779,22.840,22.885,22.870,22.862,22.870,22.938,23.006,23.067,23.127,23.256,23.437,23.655,23.918,24.255,24.658,25.111,25.592,26.122,26.693,27.225,27.696,28.114,28.431,28.675,28.854,29.004,29.118,29.211,29.275,29.339,29.410,29.489,29.581,29.688,29.758,29.801,29.829,29.851,29.886,29.922,29.950,29.971,29.978,29.985,29.985,29.999,30.021,30.049,30.077,30.120,30.169,30.226,30.289,30.353,30.409,30.473,30.529,30.578,30.635,30.698,30.761,30.803,30.838,30.873,30.909,30.930,30.937,30.951,30.965,30.986,31.007,31.028,31.035,31.021,31.007,30.986,30.972,30.965,30.937,30.909,30.881,30.845,30.824,30.796,30.761,30.726,30.691,30.656,30.620,30.592,30.564,30.536,30.515,30.480,30.458,30.430,30.402,30.388,30.353,30.310,30.282,30.303,30.353,30.388,30.388,30.353,30.317,30.289,30.268,30.233,30.197,30.176,30.155,30.141,30.120,30.098,30.084,30.098,30.091,30.063,30.021,29.999,29.999,29.992,29.985,29.985,29.985,29.978,29.971,29.957,29.943,29.929,29.907,29.886,29.872,29.858,29.836,29.815,29.801,29.794,29.787,29.787,29.787,29.794,29.801,29.822,29.858,29.879,29.893,29.886,29.879,29.865,29.851,29.851,29.815,29.758,29.695,29.624,29.574,29.510,29.432,29.304,29.168,29.047,28.940,28.775,28.539,28.273,27.985,27.616,27.159,26.678,26.173,25.555,24.963,24.427,23.970,23.602,23.301,23.059,22.878,22.832,22.817,22.787,22.749,22.726,22.718,22.718,22.711,22.688,22.665,22.642,22.627,22.627,22.612,22.604,22.589,22.574,22.574,22.566,22.559,22.544,22.536,22.521,22.513,22.506,22.506,22.506,22.498,22.483,22.475,22.468,22.460,22.452,22.445,22.437,22.429,22.422,22.414,22.414,22.399,22.391,22.384,22.369,22.353,22.346,22.338,22.330,22.315,22.292,22.277,22.262,22.247,22.231,22.216,22.209,22.193,22.178,22.170,22.155,22.140,22.125,22.117,22.102,22.094,22.071,22.056,22.048,22.033,22.025,22.018,22.010,21.995,21.995,21.987,21.979,21.964,21.964,21.956,21.949,21.949,21.949,21.949,21.949,21.949,21.941,21.941,21.934,21.926,21.918,21.903,21.903,21.895,21.895,21.911,21.918,21.918,21.926,21.934,21.934,21.926,21.926,21.918,21.911,21.903,21.903,21.903,21.903,21.903,21.895,21.895,21.903,21.903,21.911,21.918,21.918,21.926,21.926,21.934,21.926,21.926,21.926,21.918,21.911,21.903,21.895,21.888,21.880,21.872,21.865,21.865,21.865,21.857,21.849,21.842,21.834,21.826,21.819,21.819,21.811,21.811,21.811,21.811,21.811,21.811,21.803,21.796,21.788,21.780,21.773,21.773,21.765,21.757,21.750,21.734,21.727,21.711,21.696,21.688,21.673,21.665,21.650,21.642,21.635,21.619,21.604,21.596,21.581,21.566,21.550,21.535,21.527,21.520,21.504,21.504,21.512,21.504,21.504,21.504,21.504,21.497,21.497,21.497,21.489,21.481,21.481,21.481,21.481,21.481,21.474,21.481,21.481,21.489,21.497,21.497,21.512,21.527,21.543,21.566,21.589,21.612,21.635,21.658,21.673,21.681,21.696,21.696,21.688,21.688,21.696,21.704,21.711,21.719,21.719,21.719,21.719,21.727,21.727,21.742,21.742,21.750,21.750,21.734,21.734,21.727,21.719,21.719,21.719,21.719,21.719,21.734,21.742,21.734,21.734,21.727,21.711,21.704,21.704,21.704
,23.520,23.459,23.399,23.361,23.346,23.331,23.316,23.293,23.278,23.256,23.210,23.180,23.180,23.210,23.210,23.203,23.188,23.173,23.165,23.150,23.135,23.120,23.105,23.089,23.074,23.052,23.029,23.014,22.991,22.976,22.968,22.961,22.953,22.946,22.946,22.938,22.931,22.915,22.908,22.893,22.878,22.862,22.862,22.862,22.855,22.847,22.847,22.832,22.824,22.817,22.809,22.802,22.794,22.794,22.802,22.824,22.832,22.824,22.779,22.764,22.787,22.840,22.885,22.878,22.870,22.870,22.953,23.029,23.089,23.158,23.316,23.520,23.745,24.008,24.397,24.829,25.289,25.776,26.305,26.839,27.362,27.847,28.222,28.488,28.718,28.904,29.032,29.140,29.232,29.311,29.360,29.432,29.517,29.609,29.709,29.780,29.829,29.858,29.879,29.914,29.957,29.985,29.992,29.999,30.006,30.006,30.021,30.042,30.063,30.098,30.141,30.190,30.247,30.310,30.374,30.430,30.487,30.543,30.592,30.656,30.712,30.775,30.817,30.852,30.888,30.923,30.944,30.958,30.979,31.000,31.014,31.028,31.042,31.049,31.028,31.021,31.000,30.986,30.979,30.944,30.916,30.888,30.845,30.824,30.803,30.775,30.747,30.712,30.677,30.635,30.613,30.578,30.557,30.536,30.494,30.473,30.444,30.409,30.402,30.367,30.324,30.296,30.324,30.395,30.437,30.430,30.381,30.339,30.310,30.282,30.240,30.212,30.183,30.155,30.141,30.120,30.098,30.084,30.091,30.077,30.049,30.014,29.999,29.999,29.992,29.985,29.985,29.985,29.978,29.971,29.964,29.950,29.929,29.907,29.886,29.872,29.858,29.836,29.815,29.801,29.787,29.780,29.780,29.780,29.787,29.794,29.815,29.836,29.851,29.865,29.865,29.865,29.858,29.844,29.844,29.808,29.758,29.695,29.617,29.567,29.517,29.446,29.318,29.189,29.075,28.968,28.797,28.589,28.381,28.143,27.768,27.362,26.926,26.444,25.820,25.215,24.643,24.143,23.775,23.422,23.120,22.893,22.847,22.832,22.794,22.741,22.718,22.711,22.711,22.703,22.680,22.650,22.635,22.627,22.627,22.612,22.597,22.582,22.574,22.574,22.566,22.559,22.551,22.536,22.528,22.513,22.513,22.513,22.506,22.498,22.490,22.483,22.475,22.468,22.460,22.452,22.445,22.437,22.429,22.429,22.422,22.407,22.399,22.384,22.369,22.353,22.346,22.338,22.330,22.315,22.300,22.285,22.270,22.247,22.231,22.224,22.209,22.193,22.186,22.170,22.163,22.140,22.132,22.117,22.109,22.094,22.079,22.063,22.048,22.033,22.025,22.018,22.010,21.995,21.995,21.987,21.979,21.964,21.964,21.956,21.949,21.941,21.941,21.941,21.941,21.941,21.934,21.934,21.934,21.926,21.918,21.911,21.903,21.895,21.895,21.903,21.911,21.911,21.918,21.926,21.926,21.926,21.918,21.918,21.911,21.903,21.903,21.895,21.895,21.888,21.888,21.895,21.903,21.911,21.911,21.918,21.926,21.926,21.926,21.926,21.926,21.918,21.918,21.918,21.911,21.903,21.895,21.888,21.880,21.865,21.857,21.865,21.865,21.857,21.849,21.834,21.826,21.819,21.819,21.811,21.811,21.803,21.803,21.803,21.803,21.803,21.796,21.788,21.780,21.773,21.773,21.773,21.765,21.757,21.750,21.734,21.719,21.704,21.696,21.681,21.673,21.658,21.650,21.642,21.635,21.619,21.604,21.589,21.573,21.558,21.543,21.527,21.520,21.512,21.504,21.504,21.504,21.504,21.504,21.497,21.497,21.497,21.497,21.489,21.481,21.474,21.474,21.466,21.466,21.466,21.466,21.466,21.474,21.474,21.481,21.489,21.497,21.520,21.535,21.550,21.573,21.604,21.627,21.642,21.658,21.673,21.688,21.688,21.681,21.688,21.696,21.704,21.711,21.719,21.719,21.719,21.719,21.727,21.727,21.734,21.742,21.742,21.742,21.742,21.734,21.727,21.727,21.727,21.719,21.719,21.719,21.734,21.734,21.734,21.734,21.727,21.719,21.719,21.719,21.719
,23.535,23.482,23.422,23.384,23.361,23.346,23.331,23.309,23.286,23.263,23.233,23.188,23.180,23.203,23.210,23.203,23.188,23.165,23.158,23.142,23.135,23.112,23.097,23.082,23.067,23.052,23.029,23.014,22.991,22.976,22.968,22.961,22.953,22.946,22.946,22.931,22.923,22.908,22.900,22.885,22.878,22.862,22.862,22.862,22.855,22.847,22.840,22.832,22.824,22.809,22.802,22.794,22.787,22.787,22.794,22.809,22.817,22.817,22.771,22.756,22.779,22.840,22.878,22.878,22.870,22.885,22.953,23.021,23.097,23.188,23.354,23.565,23.813,24.105,24.516,24.977,25.466,25.967,26.503,27.021,27.507,27.963,28.337,28.553,28.732,28.904,29.047,29.147,29.239,29.325,29.389,29.467,29.545,29.631,29.737,29.808,29.858,29.886,29.907,29.943,29.978,29.999,30.014,30.021,30.028,30.028,30.042,30.063,30.091,30.134,30.169,30.219,30.275,30.339,30.395,30.458,30.515,30.564,30.620,30.677,30.733,30.789,30.831,30.866,30.909,30.944,30.965,30.986,31.000,31.014,31.028,31.035,31.042,31.042,31.035,31.028,31.014,30.993,30.979,30.951,30.916,30.881,30.845,30.831,30.810,30.789,30.761,30.733,30.698,30.663,30.635,30.599,30.571,30.550,30.522,30.487,30.451,30.430,30.409,30.374,30.339,30.310,30.303,30.395,30.451,30.444,30.416,30.367,30.332,30.296,30.254,30.219,30.190,30.176,30.155,30.127,30.098,30.077,30.084,30.070,30.049,30.014,29.999,29.999,29.992,29.985,29.985,29.985,29.985,29.978,29.964,29.950,29.929,29.907,29.886,29.872,29.858,29.836,29.815,29.801,29.787,29.780,29.773,29.773,29.780,29.794,29.808,29.822,29.836,29.851,29.851,29.851,29.844,29.836,29.829,29.794,29.744,29.680,29.617,29.560,29.510,29.453,29.339,29.218,29.097,28.968,28.832,28.653,28.467,28.258,27.949,27.587,27.166,26.678,26.114,25.503,24.911,24.374,23.955,23.557,23.226,22.976,22.878,22.840,22.802,22.749,22.711,22.711,22.711,22.703,22.680,22.650,22.627,22.627,22.627,22.604,22.589,22.574,22.574,22.574,22.566,22.559,22.551,22.536,22.528,22.513,22.513,22.513,22.506,22.506,22.498,22.490,22.483,22.468,22.468,22.460,22.452,22.437,22.437,22.429,22.429,22.414,22.407,22.391,22.369,22.353,22.346,22.338,22.330,22.315,22.300,22.285,22.270,22.254,22.239,22.224,22.216,22.201,22.193,22.178,22.170,22.155,22.140,22.125,22.109,22.094,22.079,22.063,22.048,22.033,22.025,22.018,22.010,21.995,21.995,21.987,21.979,21.964,21.964,21.956,21.949,21.941,21.941,21.941,21.934,21.934,21.934,21.934,21.926,21.918,21.918,21.911,21.903,21.895,21.895,21.895,21.895,21.903,21.911,21.911,21.918,21.918,21.918,21.911,21.903,21.903,21.895,21.888,21.888,21.888,21.888,21.888,21.895,21.911,21.911,21.918,21.918,21.918,21.926,21.926,21.918,21.918,21.918,21.918,21.911,21.903,21.895,21.880,21.865,21.857,21.857,21.857,21.865,21.857,21.849,21.834,21.826,21.819,21.811,21.811,21.811,21.803,21.803,21.803,21.796,21.796,21.788,21.788,21.780,21.773,21.773,21.773,21.765,21.750,21.742,21.727,21.719,21.704,21.688,21.681,21.665,21.650,21.642,21.635,21.627,21.612,21.596,21.581,21.573,21.550,21.535,21.527,21.520,21.504,21.504,21.504,21.504,21.504,21.497,21.497,21.497,21.497,21.489,21.481,21.474,21.474,21.474,21.466,21.466,21.466,21.458,21.458,21.458,21.466,21.474,21.474,21.489,21.504,21.520,21.543,21.566,21.589,21.612,21.635,21.650,21.665,21.673,21.673,21.673,21.681,21.688,21.704,21.711,21.719,21.719,21.719,21.719,21.719,21.727,21.727,21.734,21.734,21.734,21.734,21.734,21.727,21.727,21.727,21.719,21.719,21.719,21.727,21.727,21.734,21.727,21.719,21.719,21.719,21.719,21.719
,23.580,23.512,23.452,23.414,23.392,23.369,23.346,23.331,23.309,23.278,23.241,23.203,23.180,23.195,23.210,23.203,23.180,23.158,23.150,23.135,23.127,23.112,23.089,23.082,23.067,23.052,23.029,23.014,22.999,22.984,22.968,22.968,22.961,22.946,22.938,22.931,22.915,22.908,22.893,22.885,22.870,22.862,22.855,22.855,22.855,22.847,22.840,22.832,22.824,22.809,22.802,22.787,22.779,22.771,22.779,22.794,22.809,22.809,22.771,22.764,22.779,22.832,22.870,22.878,22.878,22.885,22.953,23.021,23.097,23.210,23.399,23.625,23.888,24.210,24.628,25.126,25.651,26.180,26.722,27.246,27.732,28.165,28.495,28.653,28.797,28.954,29.075,29.182,29.268,29.353,29.417,29.489,29.574,29.666,29.766,29.836,29.879,29.914,29.950,29.978,30.006,30.028,30.042,30.056,30.056,30.063,30.070,30.091,30.127,30.169,30.197,30.254,30.310,30.374,30.430,30.487,30.543,30.599,30.649,30.712,30.761,30.810,30.845,30.888,30.930,30.958,30.979,30.993,31.007,31.021,31.035,31.042,31.042,31.042,31.042,31.035,31.014,30.993,30.972,30.944,30.909,30.873,30.845,30.831,30.817,30.803,30.782,30.754,30.726,30.691,30.656,30.620,30.592,30.564,30.543,30.501,30.473,30.451,30.430,30.388,30.346,30.310,30.303,30.381,30.437,30.451,30.423,30.395,30.360,30.324,30.275,30.240,30.212,30.197,30.176,30.148,30.113,30.084,30.084,30.077,30.049,30.014,29.992,29.992,29.992,29.992,29.992,29.992,29.985,29.978,29.964,29.950,29.929,29.907,29.886,29.872,29.858,29.844,29.815,29.794,29.780,29.773,29.766,29.773,29.780,29.794,29.808,29.822,29.829,29.836,29.836,29.836,29.829,29.822,29.815,29.787,29.744,29.688,29.624,29.574,29.524,29.474,29.375,29.261,29.147,29.025,28.897,28.739,28.574,28.388,28.129,27.782,27.384,26.941,26.408,25.783,25.155,24.583,24.128,23.708,23.346,23.059,22.908,22.855,22.809,22.756,22.711,22.711,22.711,22.703,22.680,22.650,22.627,22.620,22.620,22.597,22.582,22.574,22.566,22.566,22.566,22.559,22.551,22.536,22.528,22.513,22.513,22.513,22.513,22.506,22.498,22.490,22.483,22.475,22.468,22.460,22.452,22.437,22.437,22.437,22.429,22.422,22.407,22.391,22.376,22.353,22.346,22.338,22.330,22.315,22.300,22.285,22.270,22.254,22.239,22.231,22.216,22.201,22.193,22.186,22.170,22.155,22.140,22.125,22.109,22.094,22.079,22.063,22.056,22.041,22.025,22.018,22.010,21.995,21.987,21.979,21.972,21.964,21.956,21.956,21.949,21.941,21.934,21.926,21.926,21.926,21.926,21.926,21.926,21.918,21.918,21.911,21.903,21.895,21.895,21.895,21.888,21.888,21.895,21.903,21.903,21.903,21.903,21.895,21.895,21.888,21.880,21.880,21.880,21.880,21.880,21.888,21.895,21.903,21.911,21.903,21.903,21.911,21.911,21.918,21.918,21.918,21.918,21.911,21.911,21.903,21.888,21.872,21.857,21.849,21.849,21.857,21.865,21.857,21.849,21.834,21.819,21.811,21.811,21.811,21.811,21.803,21.796,21.788,21.788,21.780,21.780,21.780,21.780,21.780,21.773,21.765,21.757,21.750,21.742,21.727,21.719,21.704,21.688,21.673,21.665,21.650,21.635,21.627,21.619,21.612,21.589,21.581,21.566,21.550,21.535,21.527,21.520,21.504,21.504,21.497,21.497,21.497,21.489,21.489,21.489,21.489,21.481,21.481,21.474,21.466,21.466,21.466,21.458,21.458,21.458,21.458,21.458,21.458,21.466,21.466,21.474,21.497,21.512,21.535,21.558,21.581,21.604,21.619,21.635,21.650,21.658,21.658,21.665,21.673,21.681,21.696,21.704,21.711,21.711,21.704,21.704,21.704,21.711,21.719,21.719,21.719,21.727,21.727,21.727,21.727,21.727,21.719,21.719,21.711,21.711,21.719,21.719,21.719,21.711,21.711,21.711,21.711,21.711,21.711
,23.625,23.542,23.474,23.437,23.414,23.392,23.369,23.346,23.324,23.293,23.256,23.226,23.203,23.203,23.218,23.195,23.165,23.150,23.135,23.127,23.120,23.105,23.089,23.082,23.067,23.052,23.029,23.014,22.999,22.984,22.976,22.968,22.961,22.946,22.931,22.923,22.908,22.900,22.885,22.878,22.862,22.855,22.847,22.847,22.847,22.840,22.832,22.832,22.824,22.809,22.794,22.787,22.771,22.764,22.771,22.779,22.794,22.794,22.771,22.764,22.787,22.824,22.870,22.878,22.878,22.885,22.953,23.021,23.105,23.226,23.444,23.685,23.963,24.300,24.762,25.289,25.835,26.386,26.926,27.435,27.912,28.345,28.610,28.732,28.854,29.004,29.104,29.211,29.304,29.389,29.446,29.517,29.602,29.695,29.787,29.851,29.900,29.943,29.985,30.014,30.035,30.063,30.077,30.091,30.091,30.098,30.106,30.127,30.155,30.197,30.233,30.275,30.332,30.395,30.451,30.508,30.564,30.620,30.677,30.733,30.782,30.824,30.859,30.902,30.937,30.972,30.979,30.986,31.000,31.014,31.035,31.035,31.035,31.035,31.035,31.035,31.014,30.993,30.965,30.930,30.895,30.859,30.838,30.831,30.824,30.817,30.796,30.775,30.747,30.712,30.677,30.642,30.613,30.592,30.557,30.515,30.487,30.458,30.444,30.402,30.353,30.317,30.296,30.367,30.416,30.444,30.437,30.416,30.388,30.353,30.296,30.261,30.233,30.212,30.190,30.162,30.127,30.091,30.091,30.077,30.049,30.014,29.992,29.985,29.985,29.985,29.985,29.985,29.985,29.971,29.957,29.943,29.929,29.907,29.886,29.872,29.858,29.836,29.808,29.787,29.773,29.758,29.758,29.766,29.780,29.787,29.801,29.815,29.822,29.829,29.822,29.822,29.815,29.815,29.808,29.787,29.744,29.695,29.638,29.588,29.538,29.489,29.396,29.296,29.189,29.075,28.947,28.804,28.653,28.488,28.244,27.912,27.558,27.152,26.627,26.004,25.363,24.762,24.277,23.843,23.444,23.112,22.931,22.862,22.817,22.764,22.711,22.711,22.711,22.703,22.680,22.650,22.627,22.620,22.620,22.597,22.574,22.566,22.559,22.566,22.566,22.559,22.551,22.536,22.528,22.521,22.521,22.521,22.521,22.513,22.506,22.498,22.483,22.475,22.468,22.460,22.452,22.445,22.445,22.437,22.429,22.422,22.407,22.391,22.376,22.361,22.346,22.338,22.330,22.315,22.300,22.285,22.277,22.262,22.239,22.231,22.216,22.201,22.193,22.186,22.178,22.163,22.140,22.125,22.109,22.094,22.079,22.063,22.056,22.041,22.025,22.018,22.010,21.995,21.987,21.979,21.972,21.964,21.956,21.949,21.949,21.941,21.934,21.926,21.918,21.918,21.918,21.918,21.918,21.918,21.911,21.911,21.903,21.895,21.895,21.888,21.888,21.880,21.888,21.888,21.895,21.895,21.888,21.888,21.880,21.880,21.872,21.872,21.872,21.880,21.880,21.888,21.895,21.903,21.903,21.903,21.895,21.903,21.903,21.911,21.911,21.911,21.911,21.911,21.903,21.895,21.880,21.865,21.849,21.842,21.842,21.857,21.865,21.857,21.849,21.834,21.819,21.803,21.803,21.803,21.803,21.803,21.788,21.780,21.773,21.773,21.773,21.780,21.780,21.780,21.773,21.765,21.750,21.742,21.734,21.727,21.719,21.704,21.688,21.673,21.658,21.642,21.635,21.627,21.619,21.604,21.589,21.573,21.558,21.543,21.535,21.527,21.520,21.504,21.504,21.497,21.489,21.489,21.481,21.481,21.481,21.481,21.474,21.474,21.474,21.466,21.458,21.458,21.458,21.450,21.450,21.450,21.450,21.450,21.458,21.458,21.466,21.481,21.504,21.527,21.550,21.573,21.596,21.604,21.619,21.627,21.642,21.642,21.650,21.658,21.665,21.688,21.696,21.704,21.704,21.696,21.696,21.696,21.696,21.704,21.711,21.711,21.719,21.719,21.719,21.727,21.727,21.719,21.711,21.711,21.704,21.711,21.711,21.704,21.704,21.704,21.704,21.704,21.704,21.704
,23.663,23.572,23.505,23.467,23.437,23.407,23.392,23.369,23.331,23.301,23.271,23.248,23.233,23.226,23.218,23.195,23.165,23.135,23.127,23.120,23.112,23.097,23.082,23.074,23.067,23.052,23.037,23.021,22.999,22.984,22.976,22.968,22.961,22.946,22.931,22.915,22.908,22.893,22.885,22.870,22.862,22.847,22.847,22.847,22.840,22.832,22.832,22.824,22.817,22.809,22.794,22.779,22.764,22.756,22.756,22.771,22.779,22.787,22.764,22.764,22.787,22.824,22.870,22.878,22.878,22.885,22.961,23.029,23.112,23.241,23.482,23.738,24.030,24.389,24.903,25.466,26.026,26.583,27.101,27.580,28.042,28.467,28.668,28.761,28.882,29.040,29.125,29.239,29.339,29.425,29.474,29.538,29.624,29.716,29.801,29.865,29.914,29.971,30.006,30.042,30.070,30.091,30.113,30.127,30.127,30.120,30.134,30.155,30.183,30.219,30.254,30.303,30.353,30.409,30.466,30.522,30.578,30.635,30.691,30.754,30.796,30.831,30.859,30.902,30.937,30.972,30.972,30.972,30.979,31.000,31.014,31.028,31.028,31.028,31.028,31.028,31.014,30.986,30.951,30.916,30.881,30.845,30.831,30.831,30.838,30.831,30.810,30.789,30.768,30.733,30.698,30.663,30.635,30.613,30.571,30.529,30.494,30.473,30.458,30.416,30.360,30.317,30.296,30.360,30.416,30.437,30.437,30.430,30.409,30.381,30.310,30.268,30.240,30.219,30.197,30.169,30.134,30.084,30.084,30.077,30.042,30.006,29.985,29.985,29.985,29.978,29.978,29.978,29.978,29.964,29.957,29.936,29.922,29.900,29.886,29.872,29.858,29.836,29.801,29.780,29.758,29.744,29.744,29.751,29.766,29.780,29.794,29.808,29.815,29.815,29.808,29.801,29.801,29.808,29.801,29.780,29.744,29.695,29.645,29.595,29.553,29.503,29.417,29.318,29.225,29.111,28.968,28.847,28.703,28.531,28.287,27.992,27.667,27.290,26.773,26.158,25.525,24.911,24.389,23.948,23.527,23.158,22.953,22.870,22.817,22.764,22.711,22.703,22.711,22.703,22.680,22.642,22.620,22.620,22.620,22.597,22.574,22.559,22.559,22.566,22.566,22.559,22.551,22.536,22.528,22.521,22.521,22.521,22.521,22.513,22.513,22.498,22.490,22.475,22.475,22.468,22.460,22.452,22.445,22.445,22.437,22.422,22.414,22.399,22.384,22.361,22.346,22.338,22.323,22.308,22.300,22.285,22.277,22.262,22.247,22.231,22.216,22.201,22.193,22.186,22.178,22.163,22.147,22.132,22.109,22.094,22.079,22.071,22.056,22.041,22.033,22.018,22.010,21.995,21.987,21.979,21.972,21.956,21.956,21.949,21.941,21.934,21.934,21.926,21.918,21.911,21.911,21.911,21.911,21.911,21.903,21.903,21.903,21.895,21.888,21.888,21.880,21.872,21.872,21.872,21.880,21.880,21.872,21.872,21.865,21.865,21.865,21.865,21.872,21.880,21.880,21.888,21.895,21.895,21.895,21.895,21.888,21.888,21.895,21.903,21.903,21.903,21.903,21.903,21.895,21.888,21.880,21.857,21.849,21.834,21.834,21.849,21.857,21.857,21.849,21.834,21.811,21.796,21.796,21.796,21.796,21.796,21.788,21.773,21.765,21.765,21.765,21.773,21.780,21.780,21.773,21.757,21.750,21.734,21.734,21.727,21.719,21.704,21.688,21.673,21.658,21.642,21.635,21.627,21.612,21.596,21.589,21.573,21.558,21.543,21.535,21.527,21.520,21.504,21.504,21.497,21.489,21.481,21.481,21.474,21.474,21.466,21.466,21.466,21.458,21.458,21.450,21.450,21.443,21.443,21.435,21.435,21.443,21.443,21.443,21.443,21.450,21.474,21.489,21.512,21.535,21.558,21.573,21.581,21.596,21.612,21.619,21.627,21.635,21.642,21.658,21.673,21.688,21.696,21.696,21.688,21.681,21.673,21.681,21.688,21.696,21.704,21.704,21.711,21.719,21.727,21.727,21.719,21.711,21.704,21.704,21.696,21.696,21.696,21.696,21.696,21.704,21.704,21.704,21.704
,23.678,23.595,23.527,23.482,23.452,23.429,23.407,23.376,23.339,23.309,23.278,23.256,23.241,23.226,23.210,23.188,23.165,23.135,23.127,23.120,23.105,23.089,23.082,23.074,23.059,23.044,23.029,23.014,22.999,22.984,22.968,22.961,22.953,22.938,22.923,22.915,22.900,22.885,22.878,22.870,22.862,22.847,22.847,22.847,22.840,22.832,22.832,22.824,22.817,22.802,22.787,22.771,22.756,22.749,22.756,22.756,22.771,22.771,22.764,22.771,22.794,22.824,22.870,22.885,22.885,22.893,22.968,23.037,23.142,23.286,23.520,23.798,24.113,24.501,25.059,25.651,26.232,26.780,27.275,27.710,28.129,28.510,28.682,28.768,28.890,29.040,29.132,29.261,29.375,29.453,29.489,29.553,29.631,29.730,29.808,29.865,29.922,29.978,30.028,30.063,30.091,30.120,30.141,30.155,30.155,30.155,30.162,30.183,30.212,30.240,30.275,30.324,30.374,30.423,30.480,30.536,30.585,30.649,30.712,30.761,30.810,30.838,30.866,30.902,30.937,30.972,30.965,30.965,30.972,30.986,31.007,31.021,31.028,31.028,31.028,31.021,31.007,30.979,30.944,30.902,30.866,30.838,30.831,30.838,30.838,30.838,30.824,30.803,30.782,30.747,30.712,30.684,30.656,30.620,30.585,30.543,30.508,30.487,30.473,30.423,30.374,30.339,30.310,30.374,30.416,30.437,30.437,30.430,30.416,30.381,30.317,30.268,30.240,30.219,30.197,30.169,30.134,30.084,30.084,30.070,30.042,29.999,29.978,29.978,29.978,29.978,29.971,29.971,29.964,29.957,29.943,29.929,29.914,29.893,29.879,29.865,29.851,29.829,29.794,29.773,29.751,29.737,29.730,29.737,29.751,29.766,29.780,29.801,29.808,29.808,29.794,29.787,29.794,29.801,29.801,29.780,29.744,29.695,29.652,29.602,29.553,29.503,29.417,29.325,29.232,29.125,28.982,28.861,28.718,28.546,28.301,28.028,27.725,27.355,26.861,26.261,25.636,25.022,24.486,24.060,23.640,23.233,22.999,22.885,22.824,22.779,22.711,22.703,22.711,22.711,22.680,22.642,22.620,22.620,22.620,22.589,22.566,22.559,22.559,22.559,22.566,22.559,22.559,22.544,22.536,22.521,22.521,22.521,22.521,22.521,22.513,22.498,22.490,22.483,22.475,22.468,22.468,22.452,22.452,22.445,22.437,22.422,22.414,22.399,22.384,22.369,22.353,22.338,22.323,22.308,22.292,22.285,22.277,22.262,22.247,22.231,22.216,22.201,22.193,22.186,22.178,22.163,22.147,22.132,22.117,22.094,22.086,22.071,22.063,22.048,22.033,22.025,22.010,21.995,21.987,21.972,21.964,21.956,21.949,21.949,21.941,21.934,21.934,21.918,21.911,21.911,21.911,21.911,21.903,21.903,21.903,21.903,21.895,21.888,21.880,21.872,21.865,21.865,21.865,21.865,21.865,21.865,21.865,21.857,21.857,21.857,21.865,21.865,21.872,21.880,21.880,21.888,21.895,21.895,21.895,21.888,21.880,21.880,21.888,21.888,21.895,21.903,21.903,21.895,21.888,21.880,21.865,21.849,21.834,21.826,21.834,21.849,21.857,21.857,21.842,21.826,21.811,21.796,21.796,21.796,21.796,21.788,21.780,21.765,21.757,21.757,21.765,21.765,21.773,21.773,21.765,21.757,21.750,21.734,21.727,21.719,21.711,21.696,21.681,21.665,21.658,21.635,21.627,21.619,21.612,21.596,21.581,21.566,21.550,21.535,21.527,21.520,21.512,21.504,21.504,21.497,21.489,21.481,21.481,21.474,21.466,21.466,21.458,21.458,21.450,21.450,21.443,21.435,21.427,21.427,21.420,21.420,21.427,21.427,21.435,21.435,21.443,21.458,21.474,21.497,21.512,21.535,21.558,21.566,21.581,21.596,21.612,21.612,21.619,21.635,21.650,21.673,21.681,21.696,21.688,21.673,21.665,21.665,21.673,21.673,21.681,21.696,21.704,21.711,21.719,21.727,21.727,21.719,21.711,21.704,21.704,21.696,21.696,21.696,21.696,21.696,21.704,21.704,21.704,21.704
,23.708,23.625,23.550,23.505,23.467,23.437,23.414,23.384,23.346,23.309,23.278,23.256,23.233,23.226,23.210,23.203,23.180,23.142,23.127,23.112,23.105,23.089,23.082,23.067,23.059,23.044,23.029,23.014,22.999,22.984,22.961,22.953,22.946,22.938,22.923,22.908,22.900,22.893,22.878,22.870,22.862,22.855,22.855,22.847,22.847,22.840,22.832,22.817,22.809,22.802,22.779,22.764,22.756,22.749,22.749,22.756,22.764,22.771,22.764,22.764,22.787,22.817,22.855,22.878,22.885,22.893,22.961,23.044,23.158,23.316,23.565,23.858,24.203,24.621,25.207,25.820,26.415,26.970,27.442,27.840,28.230,28.582,28.718,28.797,28.904,29.040,29.140,29.275,29.389,29.474,29.503,29.560,29.638,29.737,29.808,29.872,29.936,29.999,30.056,30.084,30.113,30.141,30.169,30.183,30.190,30.190,30.197,30.212,30.240,30.261,30.296,30.346,30.395,30.444,30.494,30.536,30.592,30.649,30.712,30.768,30.810,30.831,30.859,30.895,30.937,30.965,30.965,30.965,30.972,30.986,31.007,31.014,31.021,31.021,31.014,31.014,30.993,30.965,30.937,30.902,30.859,30.838,30.838,30.845,30.845,30.838,30.824,30.817,30.796,30.768,30.726,30.698,30.677,30.649,30.613,30.557,30.522,30.501,30.487,30.444,30.395,30.360,30.346,30.402,30.437,30.437,30.437,30.423,30.409,30.381,30.317,30.275,30.247,30.226,30.197,30.169,30.127,30.084,30.077,30.063,30.035,29.992,29.971,29.978,29.978,29.971,29.957,29.957,29.957,29.943,29.936,29.922,29.914,29.893,29.879,29.865,29.844,29.822,29.794,29.758,29.737,29.723,29.716,29.730,29.737,29.751,29.773,29.787,29.794,29.801,29.787,29.780,29.780,29.787,29.787,29.766,29.730,29.688,29.652,29.602,29.553,29.496,29.403,29.325,29.239,29.140,29.004,28.882,28.754,28.589,28.359,28.114,27.833,27.500,27.021,26.444,25.842,25.237,24.658,24.210,23.753,23.316,23.052,22.915,22.840,22.787,22.718,22.711,22.711,22.711,22.680,22.642,22.620,22.620,22.620,22.597,22.566,22.551,22.551,22.559,22.566,22.559,22.559,22.544,22.536,22.528,22.528,22.528,22.528,22.521,22.513,22.498,22.490,22.483,22.475,22.475,22.468,22.460,22.452,22.445,22.437,22.422,22.407,22.399,22.384,22.369,22.353,22.338,22.323,22.308,22.292,22.285,22.277,22.262,22.239,22.231,22.216,22.201,22.193,22.186,22.178,22.163,22.147,22.132,22.117,22.102,22.086,22.071,22.063,22.048,22.033,22.025,22.018,22.002,21.987,21.972,21.964,21.956,21.949,21.949,21.941,21.934,21.934,21.926,21.918,21.911,21.911,21.903,21.903,21.895,21.888,21.888,21.888,21.880,21.872,21.865,21.865,21.857,21.857,21.857,21.857,21.857,21.849,21.849,21.842,21.849,21.857,21.865,21.865,21.880,21.880,21.888,21.895,21.895,21.895,21.880,21.880,21.872,21.880,21.888,21.888,21.895,21.895,21.888,21.888,21.880,21.857,21.842,21.826,21.819,21.826,21.842,21.857,21.857,21.842,21.819,21.803,21.788,21.788,21.796,21.796,21.788,21.780,21.765,21.757,21.757,21.757,21.757,21.757,21.757,21.757,21.750,21.742,21.734,21.727,21.719,21.711,21.696,21.681,21.665,21.650,21.635,21.627,21.619,21.612,21.596,21.581,21.566,21.558,21.543,21.527,21.520,21.512,21.504,21.504,21.497,21.489,21.481,21.474,21.474,21.466,21.458,21.450,21.450,21.450,21.443,21.427,21.427,21.420,21.412,21.404,21.404,21.412,21.412,21.420,21.427,21.435,21.450,21.466,21.481,21.497,21.520,21.543,21.558,21.573,21.589,21.604,21.612,21.619,21.627,21.650,21.665,21.681,21.688,21.681,21.665,21.658,21.650,21.658,21.665,21.673,21.688,21.696,21.704,21.711,21.727,21.727,21.719,21.711,21.704,21.704,21.696,21.696,21.696,21.696,21.696,21.696,21.704,21.704,21.704
,23.738,23.663,23.572,23.527,23.489,23.452,23.429,23.399,23.361,23.316,23.286,23.256,23.241,23.233,23.218,23.226,23.203,23.150,23.127,23.112,23.105,23.089,23.082,23.067,23.059,23.044,23.029,23.006,22.991,22.976,22.961,22.953,22.938,22.931,22.915,22.908,22.900,22.893,22.885,22.870,22.862,22.855,22.855,22.855,22.847,22.840,22.832,22.817,22.809,22.794,22.779,22.764,22.756,22.749,22.749,22.749,22.756,22.764,22.764,22.764,22.779,22.809,22.847,22.878,22.885,22.878,22.953,23.052,23.180,23.346,23.617,23.940,24.307,24.747,25.355,25.982,26.591,27.137,27.580,27.956,28.323,28.653,28.739,28.818,28.918,29.047,29.147,29.282,29.403,29.489,29.510,29.567,29.645,29.744,29.815,29.879,29.950,30.028,30.084,30.106,30.134,30.169,30.190,30.212,30.219,30.219,30.226,30.240,30.268,30.296,30.324,30.367,30.409,30.458,30.508,30.543,30.592,30.649,30.712,30.768,30.810,30.831,30.852,30.888,30.930,30.965,30.958,30.958,30.965,30.986,31.000,31.007,31.014,31.007,31.007,31.000,30.979,30.958,30.923,30.888,30.859,30.838,30.838,30.845,30.845,30.845,30.831,30.824,30.817,30.789,30.747,30.719,30.698,30.670,30.635,30.578,30.536,30.515,30.501,30.458,30.416,30.381,30.388,30.430,30.451,30.444,30.430,30.416,30.402,30.374,30.324,30.282,30.254,30.226,30.204,30.169,30.127,30.077,30.070,30.056,30.028,29.992,29.971,29.971,29.971,29.964,29.950,29.950,29.943,29.929,29.922,29.914,29.907,29.893,29.872,29.858,29.836,29.815,29.780,29.751,29.730,29.716,29.709,29.716,29.723,29.737,29.758,29.773,29.787,29.794,29.780,29.773,29.766,29.766,29.766,29.751,29.723,29.680,29.645,29.595,29.545,29.489,29.389,29.325,29.254,29.161,29.025,28.918,28.804,28.660,28.438,28.215,27.977,27.681,27.217,26.656,26.070,25.481,24.873,24.389,23.888,23.407,23.120,22.953,22.855,22.794,22.711,22.711,22.711,22.703,22.680,22.642,22.620,22.612,22.620,22.597,22.566,22.551,22.551,22.559,22.566,22.566,22.559,22.544,22.536,22.528,22.528,22.528,22.528,22.521,22.513,22.498,22.490,22.483,22.483,22.483,22.475,22.468,22.460,22.445,22.429,22.414,22.407,22.399,22.391,22.376,22.353,22.338,22.323,22.308,22.292,22.285,22.270,22.254,22.239,22.224,22.216,22.201,22.193,22.186,22.178,22.163,22.147,22.132,22.117,22.102,22.086,22.079,22.063,22.048,22.033,22.025,22.018,22.002,21.987,21.972,21.964,21.949,21.949,21.949,21.941,21.934,21.934,21.926,21.918,21.911,21.903,21.903,21.895,21.888,21.880,21.880,21.880,21.872,21.865,21.865,21.857,21.849,21.849,21.849,21.849,21.849,21.842,21.842,21.842,21.842,21.849,21.857,21.865,21.880,21.880,21.888,21.895,21.895,21.888,21.880,21.872,21.865,21.872,21.880,21.880,21.888,21.888,21.880,21.880,21.872,21.857,21.834,21.819,21.811,21.826,21.842,21.857,21.857,21.842,21.819,21.796,21.780,21.780,21.788,21.788,21.788,21.773,21.765,21.757,21.750,21.750,21.750,21.750,21.750,21.750,21.742,21.742,21.727,21.719,21.719,21.704,21.688,21.673,21.665,21.650,21.635,21.627,21.619,21.612,21.596,21.581,21.566,21.558,21.543,21.535,21.520,21.512,21.504,21.504,21.497,21.489,21.481,21.474,21.466,21.458,21.450,21.443,21.443,21.435,21.427,21.420,21.412,21.404,21.397,21.397,21.389,21.397,21.404,21.404,21.412,21.420,21.435,21.450,21.466,21.481,21.504,21.527,21.543,21.566,21.581,21.589,21.596,21.604,21.619,21.635,21.658,21.665,21.673,21.673,21.658,21.642,21.642,21.650,21.658,21.665,21.681,21.696,21.704,21.711,21.719,21.719,21.711,21.704,21.696,21.696,21.696,21.688,21.688,21.688,21.688,21.696,21.696,21.696,21.696
,23.768,23.693,23.602,23.550,23.505,23.467,23.437,23.414,23.376,23.331,23.293,23.263,23.241,23.241,23.241,23.233,23.210,23.158,23.127,23.112,23.105,23.089,23.082,23.067,23.052,23.037,23.021,23.006,22.991,22.976,22.961,22.946,22.938,22.923,22.915,22.908,22.900,22.885,22.885,22.870,22.862,22.862,22.855,22.855,22.847,22.840,22.832,22.817,22.802,22.787,22.771,22.756,22.749,22.741,22.741,22.749,22.756,22.764,22.764,22.771,22.779,22.809,22.847,22.878,22.885,22.870,22.953,23.067,23.203,23.384,23.685,24.030,24.419,24.881,25.503,26.136,26.737,27.275,27.681,28.049,28.402,28.711,28.754,28.839,28.940,29.054,29.140,29.289,29.410,29.496,29.517,29.574,29.659,29.758,29.822,29.886,29.964,30.049,30.106,30.127,30.148,30.183,30.212,30.233,30.247,30.240,30.247,30.268,30.296,30.324,30.353,30.388,30.430,30.480,30.522,30.557,30.599,30.656,30.719,30.775,30.810,30.831,30.845,30.881,30.923,30.958,30.951,30.951,30.958,30.979,30.993,31.000,31.000,30.993,30.986,30.979,30.965,30.937,30.909,30.881,30.852,30.838,30.838,30.845,30.852,30.845,30.831,30.838,30.831,30.810,30.768,30.740,30.719,30.698,30.656,30.592,30.550,30.529,30.515,30.473,30.430,30.409,30.416,30.444,30.451,30.451,30.430,30.409,30.388,30.367,30.324,30.289,30.254,30.233,30.204,30.176,30.127,30.077,30.070,30.049,30.028,29.992,29.971,29.971,29.964,29.957,29.950,29.936,29.929,29.914,29.907,29.907,29.900,29.886,29.865,29.851,29.829,29.801,29.766,29.737,29.716,29.702,29.688,29.695,29.709,29.723,29.744,29.758,29.773,29.780,29.766,29.758,29.751,29.751,29.744,29.737,29.716,29.680,29.645,29.595,29.538,29.474,29.382,29.325,29.261,29.182,29.054,28.954,28.854,28.725,28.524,28.316,28.114,27.876,27.421,26.853,26.283,25.725,25.096,24.568,24.030,23.489,23.188,22.999,22.878,22.794,22.703,22.703,22.711,22.696,22.680,22.650,22.620,22.612,22.620,22.597,22.566,22.551,22.551,22.559,22.566,22.566,22.559,22.544,22.536,22.528,22.528,22.528,22.528,22.521,22.513,22.498,22.490,22.483,22.483,22.483,22.475,22.468,22.460,22.445,22.429,22.414,22.407,22.399,22.391,22.376,22.361,22.346,22.323,22.308,22.292,22.285,22.270,22.254,22.239,22.224,22.216,22.201,22.193,22.186,22.178,22.163,22.147,22.132,22.117,22.102,22.094,22.079,22.071,22.048,22.041,22.025,22.010,21.995,21.987,21.972,21.964,21.949,21.949,21.941,21.941,21.934,21.934,21.926,21.918,21.911,21.903,21.895,21.888,21.880,21.880,21.872,21.872,21.865,21.865,21.857,21.857,21.849,21.849,21.849,21.849,21.842,21.842,21.842,21.842,21.842,21.849,21.857,21.865,21.880,21.880,21.888,21.895,21.888,21.888,21.872,21.865,21.865,21.865,21.872,21.880,21.880,21.880,21.872,21.872,21.865,21.849,21.834,21.819,21.811,21.819,21.834,21.849,21.857,21.842,21.819,21.796,21.780,21.780,21.780,21.780,21.773,21.765,21.757,21.750,21.742,21.742,21.742,21.742,21.734,21.734,21.734,21.734,21.727,21.719,21.711,21.696,21.681,21.673,21.665,21.650,21.635,21.627,21.619,21.604,21.589,21.581,21.566,21.558,21.543,21.535,21.527,21.520,21.504,21.504,21.497,21.489,21.474,21.474,21.466,21.458,21.443,21.435,21.435,21.427,21.412,21.404,21.397,21.389,21.381,21.374,21.374,21.381,21.381,21.389,21.397,21.404,21.412,21.435,21.443,21.458,21.481,21.504,21.527,21.543,21.566,21.581,21.581,21.589,21.604,21.627,21.642,21.650,21.658,21.650,21.642,21.635,21.627,21.635,21.650,21.658,21.673,21.688,21.696,21.704,21.711,21.711,21.704,21.696,21.688,21.688,21.688,21.688,21.681,21.681,21.681,21.688,21.688,21.688,21.688
,23.790,23.723,23.640,23.580,23.527,23.482,23.452,23.429,23.392,23.354,23.301,23.271,23.256,23.248,23.248,23.233,23.195,23.150,23.127,23.120,23.112,23.097,23.082,23.067,23.052,23.037,23.021,23.006,22.991,22.976,22.961,22.946,22.931,22.915,22.908,22.900,22.893,22.885,22.878,22.870,22.870,22.862,22.862,22.855,22.847,22.840,22.824,22.809,22.802,22.787,22.771,22.756,22.749,22.741,22.741,22.741,22.749,22.764,22.764,22.771,22.787,22.809,22.855,22.885,22.885,22.870,22.961,23.082,23.226,23.414,23.708,24.083,24.494,24.970,25.592,26.217,26.810,27.333,27.725,28.086,28.438,28.718,28.754,28.839,28.947,29.054,29.140,29.289,29.417,29.510,29.531,29.588,29.680,29.773,29.836,29.893,29.971,30.063,30.127,30.141,30.162,30.190,30.226,30.247,30.261,30.254,30.261,30.289,30.317,30.346,30.367,30.409,30.444,30.487,30.529,30.564,30.606,30.663,30.726,30.782,30.817,30.831,30.845,30.881,30.916,30.951,30.944,30.944,30.951,30.965,30.979,30.986,30.986,30.979,30.965,30.958,30.944,30.916,30.895,30.866,30.845,30.838,30.838,30.852,30.852,30.838,30.831,30.845,30.845,30.831,30.789,30.754,30.740,30.726,30.677,30.606,30.557,30.536,30.529,30.480,30.430,30.409,30.423,30.437,30.444,30.430,30.409,30.388,30.360,30.332,30.303,30.275,30.247,30.219,30.190,30.169,30.127,30.070,30.056,30.042,30.021,29.985,29.971,29.971,29.964,29.957,29.943,29.929,29.922,29.907,29.900,29.900,29.893,29.872,29.858,29.844,29.822,29.794,29.758,29.730,29.702,29.688,29.680,29.680,29.695,29.709,29.723,29.744,29.758,29.766,29.758,29.751,29.737,29.730,29.723,29.716,29.702,29.666,29.638,29.588,29.531,29.467,29.375,29.325,29.268,29.197,29.075,28.975,28.875,28.761,28.574,28.373,28.194,27.985,27.529,26.955,26.393,25.857,25.237,24.688,24.113,23.542,23.226,23.029,22.893,22.794,22.703,22.703,22.703,22.696,22.688,22.658,22.627,22.612,22.612,22.589,22.559,22.551,22.551,22.559,22.566,22.566,22.559,22.544,22.536,22.528,22.528,22.528,22.528,22.528,22.521,22.506,22.498,22.483,22.483,22.483,22.475,22.468,22.460,22.445,22.429,22.414,22.407,22.399,22.391,22.376,22.361,22.346,22.323,22.308,22.292,22.285,22.277,22.262,22.247,22.231,22.216,22.201,22.193,22.178,22.170,22.155,22.147,22.132,22.125,22.109,22.094,22.086,22.071,22.056,22.041,22.025,22.010,21.995,21.979,21.964,21.956,21.949,21.941,21.941,21.934,21.934,21.926,21.918,21.911,21.903,21.903,21.888,21.880,21.880,21.872,21.872,21.872,21.865,21.865,21.857,21.857,21.849,21.849,21.849,21.849,21.842,21.842,21.842,21.842,21.849,21.849,21.857,21.865,21.880,21.880,21.888,21.895,21.888,21.888,21.872,21.865,21.865,21.865,21.872,21.880,21.880,21.880,21.872,21.865,21.857,21.842,21.826,21.811,21.803,21.811,21.834,21.849,21.849,21.842,21.819,21.796,21.780,21.773,21.773,21.765,21.765,21.750,21.742,21.734,21.734,21.734,21.734,21.734,21.734,21.734,21.734,21.727,21.719,21.711,21.704,21.696,21.681,21.665,21.658,21.650,21.635,21.627,21.612,21.604,21.589,21.581,21.573,21.558,21.543,21.535,21.527,21.520,21.512,21.504,21.497,21.489,21.474,21.466,21.458,21.450,21.435,21.427,21.420,21.412,21.404,21.389,21.381,21.374,21.366,21.358,21.358,21.358,21.366,21.374,21.381,21.389,21.397,21.412,21.420,21.435,21.458,21.481,21.504,21.527,21.550,21.566,21.566,21.573,21.581,21.604,21.619,21.635,21.642,21.642,21.635,21.619,21.619,21.627,21.642,21.650,21.665,21.681,21.688,21.696,21.704,21.704,21.696,21.688,21.688,21.688,21.688,21.688,21.681,21.681,21.681,21.688,21.688,21.688,21.688
,23.820,23.753,23.663,23.602,23.550,23.505,23.467,23.437,23.407,23.369,23.309,23.278,23.263,23.256,23.256,23.226,23.180,23.142,23.120,23.120,23.112,23.097,23.082,23.067,23.052,23.037,23.021,23.006,22.999,22.984,22.961,22.946,22.931,22.915,22.908,22.900,22.893,22.885,22.878,22.878,22.870,22.862,22.862,22.855,22.847,22.840,22.824,22.809,22.802,22.787,22.771,22.764,22.756,22.749,22.741,22.741,22.749,22.764,22.764,22.771,22.787,22.817,22.862,22.885,22.885,22.878,22.968,23.097,23.241,23.422,23.723,24.105,24.531,25.015,25.636,26.268,26.853,27.362,27.739,28.100,28.445,28.725,28.746,28.839,28.947,29.054,29.140,29.296,29.425,29.517,29.545,29.609,29.695,29.787,29.844,29.900,29.978,30.070,30.134,30.148,30.162,30.190,30.226,30.254,30.268,30.268,30.275,30.303,30.332,30.353,30.381,30.416,30.451,30.494,30.536,30.571,30.613,30.663,30.726,30.775,30.810,30.831,30.845,30.873,30.909,30.937,30.937,30.944,30.951,30.958,30.972,30.972,30.972,30.958,30.951,30.937,30.923,30.909,30.881,30.859,30.838,30.831,30.838,30.859,30.859,30.845,30.838,30.852,30.859,30.845,30.803,30.768,30.754,30.740,30.691,30.620,30.571,30.543,30.529,30.480,30.430,30.402,30.416,30.430,30.430,30.416,30.388,30.360,30.332,30.303,30.282,30.254,30.226,30.197,30.176,30.148,30.113,30.063,30.049,30.035,30.014,29.985,29.971,29.971,29.971,29.957,29.943,29.929,29.914,29.900,29.893,29.893,29.886,29.872,29.851,29.836,29.808,29.780,29.744,29.723,29.695,29.680,29.673,29.680,29.688,29.702,29.716,29.730,29.744,29.751,29.751,29.737,29.723,29.709,29.702,29.702,29.688,29.659,29.631,29.588,29.531,29.467,29.368,29.318,29.268,29.204,29.082,28.982,28.882,28.768,28.582,28.381,28.215,28.049,27.594,26.999,26.444,25.938,25.333,24.762,24.158,23.565,23.248,23.052,22.908,22.794,22.696,22.703,22.711,22.696,22.680,22.658,22.635,22.612,22.612,22.589,22.559,22.551,22.551,22.559,22.566,22.566,22.559,22.544,22.536,22.528,22.528,22.536,22.536,22.528,22.521,22.513,22.498,22.483,22.483,22.483,22.475,22.468,22.460,22.445,22.437,22.422,22.407,22.399,22.391,22.376,22.353,22.338,22.323,22.308,22.292,22.285,22.277,22.262,22.247,22.231,22.224,22.209,22.193,22.178,22.170,22.155,22.147,22.132,22.125,22.109,22.094,22.086,22.071,22.056,22.041,22.025,22.010,21.995,21.972,21.964,21.956,21.949,21.941,21.934,21.934,21.926,21.918,21.911,21.911,21.903,21.895,21.888,21.880,21.872,21.872,21.872,21.872,21.865,21.865,21.857,21.857,21.849,21.849,21.849,21.849,21.849,21.842,21.842,21.849,21.849,21.857,21.865,21.865,21.872,21.880,21.888,21.888,21.888,21.880,21.872,21.865,21.865,21.865,21.872,21.880,21.880,21.880,21.872,21.865,21.857,21.842,21.819,21.803,21.803,21.811,21.834,21.849,21.849,21.842,21.819,21.796,21.780,21.773,21.765,21.757,21.750,21.742,21.734,21.734,21.727,21.727,21.727,21.734,21.734,21.734,21.727,21.727,21.719,21.711,21.696,21.688,21.681,21.665,21.658,21.650,21.635,21.627,21.612,21.604,21.589,21.581,21.573,21.566,21.550,21.535,21.535,21.527,21.512,21.504,21.497,21.489,21.474,21.466,21.458,21.450,21.435,21.420,21.412,21.404,21.389,21.381,21.366,21.366,21.358,21.343,21.343,21.343,21.351,21.358,21.358,21.366,21.381,21.389,21.404,21.420,21.443,21.474,21.497,21.520,21.543,21.550,21.550,21.558,21.566,21.581,21.604,21.612,21.627,21.627,21.619,21.612,21.619,21.627,21.642,21.650,21.665,21.681,21.688,21.688,21.696,21.696,21.688,21.681,21.673,21.673,21.681,21.681,21.681,21.681,21.681,21.681,21.681,21.681,21.681
,23.843,23.783,23.685,23.617,23.565,23.520,23.482,23.452,23.414,23.376,23.316,23.278,23.263,23.256,23.256,23.210,23.165,23.127,23.112,23.112,23.105,23.097,23.082,23.067,23.052,23.029,23.014,23.006,22.999,22.984,22.961,22.946,22.931,22.915,22.900,22.900,22.893,22.885,22.878,22.878,22.870,22.862,22.855,22.855,22.840,22.832,22.824,22.809,22.802,22.787,22.779,22.764,22.756,22.749,22.749,22.749,22.749,22.764,22.764,22.771,22.787,22.824,22.870,22.885,22.878,22.870,22.968,23.105,23.248,23.422,23.738,24.143,24.576,25.067,25.688,26.327,26.912,27.413,27.761,28.122,28.467,28.725,28.739,28.839,28.947,29.054,29.140,29.296,29.432,29.531,29.567,29.631,29.709,29.794,29.844,29.900,29.978,30.070,30.141,30.148,30.155,30.183,30.226,30.261,30.282,30.282,30.289,30.310,30.339,30.360,30.381,30.416,30.451,30.494,30.536,30.571,30.613,30.663,30.719,30.768,30.803,30.824,30.838,30.859,30.895,30.923,30.930,30.937,30.944,30.951,30.958,30.958,30.958,30.944,30.937,30.923,30.909,30.895,30.866,30.845,30.831,30.824,30.845,30.866,30.873,30.859,30.852,30.852,30.859,30.852,30.810,30.775,30.761,30.754,30.705,30.627,30.578,30.550,30.529,30.473,30.423,30.388,30.402,30.416,30.409,30.395,30.367,30.332,30.303,30.282,30.261,30.226,30.197,30.176,30.155,30.134,30.098,30.049,30.035,30.028,30.006,29.985,29.978,29.978,29.971,29.957,29.943,29.922,29.907,29.893,29.886,29.886,29.879,29.858,29.844,29.822,29.801,29.773,29.737,29.709,29.688,29.673,29.666,29.673,29.680,29.688,29.702,29.716,29.730,29.737,29.737,29.730,29.709,29.695,29.680,29.680,29.666,29.645,29.624,29.581,29.524,29.460,29.360,29.311,29.261,29.204,29.082,28.990,28.890,28.775,28.589,28.388,28.237,28.100,27.652,27.035,26.488,26.019,25.437,24.836,24.195,23.580,23.271,23.074,22.923,22.794,22.688,22.711,22.726,22.696,22.680,22.665,22.642,22.612,22.612,22.582,22.566,22.551,22.551,22.559,22.566,22.559,22.559,22.544,22.536,22.528,22.528,22.536,22.536,22.528,22.528,22.513,22.506,22.490,22.483,22.483,22.475,22.460,22.460,22.445,22.437,22.429,22.414,22.399,22.384,22.369,22.353,22.338,22.330,22.315,22.300,22.292,22.277,22.262,22.247,22.239,22.224,22.209,22.193,22.178,22.170,22.155,22.147,22.132,22.125,22.109,22.102,22.086,22.079,22.056,22.041,22.025,22.002,21.987,21.972,21.964,21.956,21.941,21.934,21.934,21.926,21.918,21.911,21.911,21.903,21.895,21.888,21.888,21.880,21.872,21.872,21.872,21.872,21.865,21.865,21.865,21.857,21.857,21.857,21.857,21.857,21.857,21.849,21.849,21.849,21.857,21.857,21.865,21.865,21.872,21.872,21.880,21.880,21.880,21.872,21.872,21.865,21.865,21.865,21.872,21.880,21.872,21.872,21.872,21.865,21.857,21.842,21.819,21.803,21.796,21.811,21.834,21.849,21.849,21.842,21.819,21.796,21.780,21.765,21.765,21.750,21.742,21.727,21.727,21.727,21.719,21.719,21.727,21.727,21.727,21.727,21.727,21.719,21.711,21.704,21.696,21.681,21.673,21.665,21.658,21.642,21.627,21.619,21.612,21.604,21.589,21.581,21.573,21.566,21.550,21.543,21.535,21.527,21.512,21.504,21.497,21.489,21.474,21.458,21.458,21.443,21.427,21.412,21.404,21.397,21.381,21.366,21.358,21.351,21.351,21.335,21.335,21.335,21.335,21.335,21.343,21.351,21.366,21.374,21.389,21.404,21.427,21.450,21.481,21.504,21.527,21.535,21.535,21.543,21.550,21.566,21.581,21.596,21.604,21.612,21.604,21.612,21.612,21.627,21.635,21.650,21.658,21.673,21.681,21.681,21.688,21.688,21.681,21.673,21.665,21.665,21.673,21.673,21.673,21.673,21.673,21.673,21.673,21.673,21.673
,23.858,23.805,23.700,23.632,23.580,23.535,23.489,23.459,23.422,23.376,23.316,23.286,23.263,23.263,23.256,23.203,23.150,23.112,23.105,23.097,23.097,23.097,23.082,23.067,23.044,23.029,23.014,23.006,22.999,22.984,22.961,22.946,22.931,22.915,22.900,22.893,22.885,22.878,22.878,22.870,22.870,22.862,22.855,22.847,22.840,22.824,22.824,22.809,22.802,22.787,22.779,22.764,22.756,22.749,22.749,22.749,22.749,22.764,22.764,22.771,22.787,22.817,22.862,22.878,22.870,22.870,22.976,23.112,23.256,23.437,23.775,24.195,24.643,25.141,25.769,26.415,27.006,27.493,27.811,28.165,28.495,28.739,28.739,28.839,28.954,29.061,29.140,29.296,29.439,29.538,29.581,29.645,29.723,29.808,29.851,29.900,29.978,30.070,30.134,30.141,30.155,30.190,30.233,30.268,30.289,30.296,30.296,30.317,30.339,30.367,30.381,30.409,30.451,30.494,30.536,30.564,30.606,30.656,30.712,30.761,30.796,30.817,30.824,30.845,30.881,30.916,30.923,30.930,30.937,30.937,30.944,30.944,30.937,30.930,30.916,30.909,30.895,30.881,30.859,30.838,30.831,30.824,30.845,30.873,30.888,30.881,30.866,30.852,30.852,30.852,30.810,30.782,30.768,30.761,30.712,30.635,30.585,30.557,30.536,30.473,30.416,30.381,30.395,30.395,30.388,30.374,30.339,30.303,30.275,30.254,30.233,30.204,30.176,30.155,30.134,30.113,30.084,30.042,30.028,30.021,30.006,29.985,29.978,29.978,29.971,29.957,29.936,29.922,29.900,29.886,29.879,29.872,29.865,29.851,29.829,29.808,29.780,29.751,29.723,29.702,29.680,29.666,29.666,29.666,29.673,29.680,29.688,29.702,29.709,29.716,29.723,29.716,29.695,29.673,29.659,29.659,29.652,29.631,29.609,29.567,29.517,29.453,29.346,29.296,29.254,29.197,29.082,28.982,28.890,28.775,28.596,28.388,28.258,28.150,27.717,27.086,26.539,26.107,25.548,24.918,24.247,23.617,23.293,23.105,22.953,22.802,22.688,22.718,22.733,22.688,22.680,22.673,22.650,22.612,22.612,22.582,22.566,22.559,22.551,22.559,22.566,22.559,22.559,22.544,22.536,22.536,22.536,22.536,22.536,22.528,22.528,22.513,22.506,22.490,22.483,22.483,22.475,22.460,22.460,22.452,22.445,22.429,22.414,22.399,22.384,22.369,22.353,22.346,22.338,22.315,22.308,22.292,22.277,22.262,22.254,22.239,22.231,22.209,22.193,22.178,22.170,22.155,22.147,22.140,22.125,22.109,22.102,22.094,22.079,22.063,22.041,22.025,22.002,21.979,21.972,21.964,21.956,21.941,21.934,21.926,21.918,21.911,21.911,21.903,21.895,21.888,21.888,21.880,21.872,21.865,21.865,21.865,21.865,21.865,21.865,21.865,21.857,21.857,21.857,21.857,21.865,21.865,21.865,21.865,21.865,21.865,21.865,21.857,21.865,21.865,21.865,21.872,21.872,21.872,21.872,21.865,21.857,21.865,21.865,21.872,21.880,21.872,21.872,21.865,21.865,21.849,21.834,21.819,21.803,21.796,21.803,21.826,21.842,21.849,21.842,21.819,21.796,21.780,21.765,21.757,21.742,21.727,21.727,21.719,21.711,21.711,21.711,21.719,21.719,21.719,21.719,21.719,21.711,21.704,21.696,21.688,21.681,21.665,21.665,21.650,21.642,21.627,21.619,21.612,21.604,21.589,21.589,21.573,21.566,21.550,21.550,21.535,21.527,21.512,21.504,21.497,21.481,21.466,21.458,21.450,21.435,21.420,21.412,21.397,21.389,21.374,21.358,21.351,21.343,21.335,21.327,21.320,21.320,21.320,21.320,21.320,21.327,21.343,21.358,21.366,21.389,21.412,21.435,21.458,21.481,21.504,21.520,21.520,21.527,21.535,21.550,21.558,21.573,21.589,21.596,21.596,21.604,21.612,21.619,21.635,21.642,21.658,21.665,21.673,21.673,21.673,21.673,21.673,21.665,21.658,21.658,21.658,21.658,21.658,21.658,21.658,21.658,21.658,21.658,21.658
,23.865,23.820,23.715,23.648,23.587,23.542,23.497,23.467,23.429,23.392,23.331,23.293,23.271,23.271,23.256,23.203,23.150,23.112,23.105,23.097,23.097,23.097,23.082,23.067,23.044,23.021,23.014,23.006,22.999,22.984,22.961,22.946,22.931,22.908,22.900,22.893,22.885,22.878,22.878,22.870,22.862,22.855,22.855,22.847,22.840,22.824,22.824,22.817,22.809,22.794,22.779,22.771,22.764,22.749,22.749,22.749,22.749,22.764,22.764,22.771,22.787,22.817,22.862,22.862,22.855,22.862,22.984,23.127,23.278,23.474,23.850,24.285,24.755,25.259,25.916,26.591,27.166,27.616,27.891,28.237,28.553,28.768,28.754,28.854,28.975,29.075,29.147,29.304,29.446,29.553,29.609,29.666,29.737,29.808,29.851,29.907,29.978,30.070,30.127,30.141,30.155,30.190,30.233,30.268,30.296,30.296,30.296,30.324,30.346,30.367,30.388,30.416,30.451,30.494,30.536,30.564,30.599,30.642,30.698,30.747,30.782,30.803,30.817,30.838,30.873,30.909,30.930,30.944,30.937,30.930,30.930,30.930,30.923,30.916,30.902,30.888,30.873,30.859,30.845,30.831,30.824,30.824,30.845,30.873,30.895,30.895,30.881,30.859,30.852,30.852,30.810,30.782,30.775,30.768,30.705,30.635,30.585,30.557,30.529,30.466,30.409,30.374,30.381,30.367,30.353,30.339,30.303,30.268,30.233,30.212,30.204,30.183,30.162,30.141,30.127,30.113,30.084,30.049,30.035,30.028,30.014,29.992,29.985,29.978,29.964,29.950,29.936,29.922,29.900,29.879,29.872,29.865,29.851,29.829,29.808,29.787,29.766,29.737,29.709,29.695,29.680,29.666,29.659,29.659,29.666,29.673,29.680,29.688,29.695,29.702,29.702,29.695,29.680,29.659,29.645,29.645,29.631,29.609,29.581,29.538,29.489,29.425,29.325,29.282,29.239,29.182,29.068,28.975,28.882,28.768,28.596,28.388,28.273,28.194,27.790,27.145,26.605,26.202,25.688,25.022,24.322,23.670,23.331,23.150,22.991,22.832,22.703,22.741,22.749,22.703,22.680,22.673,22.650,22.620,22.612,22.589,22.574,22.559,22.559,22.559,22.566,22.559,22.559,22.544,22.536,22.536,22.536,22.536,22.536,22.528,22.528,22.513,22.506,22.498,22.490,22.483,22.475,22.468,22.460,22.452,22.445,22.429,22.414,22.399,22.384,22.369,22.361,22.353,22.338,22.323,22.308,22.292,22.277,22.262,22.254,22.247,22.231,22.216,22.201,22.186,22.170,22.155,22.147,22.140,22.132,22.117,22.102,22.094,22.079,22.063,22.041,22.025,22.002,21.987,21.972,21.956,21.949,21.941,21.934,21.926,21.918,21.911,21.911,21.895,21.888,21.888,21.880,21.872,21.865,21.865,21.865,21.865,21.865,21.865,21.865,21.865,21.857,21.857,21.857,21.857,21.865,21.865,21.865,21.865,21.865,21.865,21.865,21.857,21.857,21.857,21.865,21.865,21.872,21.872,21.872,21.857,21.857,21.857,21.865,21.872,21.880,21.872,21.872,21.865,21.857,21.842,21.826,21.811,21.796,21.788,21.803,21.826,21.842,21.842,21.842,21.819,21.796,21.773,21.765,21.750,21.742,21.727,21.719,21.711,21.704,21.704,21.711,21.711,21.711,21.719,21.711,21.704,21.696,21.696,21.688,21.681,21.673,21.665,21.658,21.650,21.642,21.627,21.619,21.612,21.604,21.589,21.589,21.581,21.573,21.558,21.550,21.543,21.535,21.520,21.512,21.497,21.481,21.466,21.450,21.435,21.427,21.412,21.404,21.389,21.381,21.366,21.358,21.343,21.335,21.327,21.312,21.304,21.304,21.304,21.304,21.304,21.320,21.327,21.343,21.351,21.366,21.389,21.412,21.435,21.466,21.489,21.504,21.504,21.512,21.520,21.535,21.550,21.566,21.573,21.589,21.589,21.589,21.596,21.612,21.627,21.635,21.650,21.658,21.658,21.665,21.665,21.665,21.658,21.650,21.650,21.650,21.650,21.658,21.658,21.658,21.658,21.658,21.658,21.658,21.658
,23.865,23.835,23.738,23.663,23.602,23.557,23.512,23.482,23.444,23.399,23.339,23.301,23.286,23.278,23.263,23.203,23.150,23.112,23.105,23.097,23.097,23.097,23.074,23.059,23.044,23.021,23.014,23.006,22.999,22.984,22.961,22.946,22.931,22.908,22.900,22.893,22.885,22.878,22.870,22.862,22.862,22.855,22.847,22.840,22.832,22.824,22.824,22.817,22.809,22.794,22.779,22.771,22.764,22.749,22.749,22.749,22.749,22.764,22.764,22.764,22.771,22.809,22.855,22.847,22.840,22.862,23.006,23.142,23.293,23.505,23.918,24.367,24.844,25.370,26.034,26.722,27.304,27.732,27.956,28.301,28.603,28.797,28.782,28.882,28.990,29.082,29.161,29.318,29.460,29.574,29.631,29.688,29.751,29.815,29.858,29.907,29.978,30.063,30.120,30.134,30.148,30.183,30.226,30.268,30.289,30.303,30.310,30.324,30.353,30.374,30.395,30.416,30.444,30.487,30.529,30.557,30.592,30.635,30.691,30.740,30.775,30.796,30.810,30.831,30.866,30.902,30.930,30.944,30.937,30.916,30.916,30.916,30.916,30.909,30.895,30.881,30.866,30.852,30.838,30.824,30.817,30.817,30.845,30.881,30.902,30.902,30.888,30.866,30.859,30.852,30.817,30.796,30.789,30.775,30.705,30.635,30.585,30.557,30.529,30.466,30.402,30.367,30.367,30.346,30.324,30.303,30.275,30.233,30.197,30.176,30.176,30.169,30.148,30.127,30.120,30.098,30.077,30.049,30.035,30.028,30.014,29.992,29.985,29.978,29.964,29.950,29.936,29.922,29.900,29.879,29.865,29.858,29.844,29.822,29.801,29.780,29.751,29.730,29.702,29.688,29.680,29.666,29.659,29.659,29.666,29.666,29.673,29.673,29.680,29.688,29.688,29.680,29.666,29.645,29.638,29.631,29.624,29.595,29.553,29.510,29.460,29.403,29.304,29.261,29.218,29.161,29.047,28.968,28.882,28.768,28.589,28.388,28.287,28.230,27.840,27.174,26.642,26.276,25.791,25.104,24.382,23.723,23.354,23.188,23.037,22.862,22.726,22.756,22.756,22.703,22.680,22.673,22.650,22.627,22.612,22.597,22.582,22.574,22.559,22.559,22.559,22.559,22.551,22.544,22.544,22.536,22.536,22.536,22.528,22.528,22.521,22.513,22.506,22.498,22.490,22.490,22.483,22.468,22.460,22.452,22.445,22.429,22.414,22.399,22.391,22.376,22.361,22.361,22.346,22.330,22.315,22.292,22.277,22.262,22.254,22.247,22.239,22.224,22.209,22.193,22.178,22.163,22.147,22.140,22.132,22.117,22.102,22.094,22.079,22.063,22.048,22.025,22.010,21.987,21.972,21.956,21.949,21.941,21.934,21.926,21.926,21.918,21.911,21.895,21.888,21.880,21.872,21.872,21.865,21.865,21.865,21.865,21.865,21.865,21.865,21.857,21.857,21.857,21.857,21.865,21.865,21.872,21.872,21.865,21.865,21.857,21.857,21.849,21.849,21.842,21.849,21.857,21.865,21.865,21.865,21.857,21.849,21.849,21.857,21.872,21.880,21.880,21.872,21.865,21.857,21.842,21.826,21.811,21.796,21.788,21.803,21.826,21.842,21.842,21.834,21.819,21.796,21.773,21.765,21.750,21.742,21.727,21.719,21.711,21.704,21.704,21.704,21.704,21.704,21.711,21.704,21.696,21.696,21.688,21.681,21.673,21.665,21.658,21.650,21.642,21.635,21.627,21.619,21.612,21.604,21.589,21.589,21.581,21.573,21.566,21.550,21.550,21.535,21.527,21.512,21.497,21.481,21.466,21.450,21.435,21.427,21.412,21.397,21.389,21.381,21.374,21.358,21.343,21.327,21.320,21.304,21.304,21.297,21.297,21.297,21.304,21.312,21.320,21.327,21.343,21.358,21.381,21.404,21.427,21.458,21.481,21.497,21.497,21.497,21.512,21.527,21.543,21.558,21.566,21.581,21.581,21.581,21.589,21.612,21.619,21.627,21.635,21.650,21.650,21.650,21.650,21.650,21.650,21.650,21.650,21.650,21.650,21.650,21.650,21.650,21.650,21.650,21.650,21.650,21.650
,23.873,23.850,23.760,23.678,23.617,23.572,23.527,23.497,23.459,23.414,23.354,23.309,23.293,23.286,23.263,23.203,23.150,23.120,23.112,23.105,23.097,23.089,23.074,23.052,23.037,23.021,23.006,23.006,22.991,22.984,22.961,22.938,22.923,22.908,22.900,22.893,22.885,22.878,22.862,22.862,22.855,22.847,22.840,22.840,22.832,22.824,22.817,22.817,22.809,22.794,22.787,22.771,22.764,22.749,22.749,22.741,22.749,22.764,22.764,22.756,22.771,22.809,22.855,22.832,22.817,22.855,23.021,23.158,23.301,23.520,23.970,24.434,24.918,25.451,26.122,26.817,27.391,27.804,27.999,28.352,28.653,28.825,28.825,28.904,29.004,29.090,29.154,29.318,29.467,29.581,29.638,29.695,29.758,29.815,29.858,29.907,29.978,30.056,30.106,30.120,30.141,30.183,30.219,30.254,30.282,30.296,30.310,30.332,30.353,30.381,30.395,30.409,30.444,30.480,30.522,30.557,30.585,30.627,30.684,30.726,30.768,30.789,30.803,30.824,30.859,30.895,30.930,30.944,30.930,30.909,30.909,30.909,30.902,30.895,30.881,30.873,30.859,30.845,30.831,30.817,30.817,30.824,30.845,30.881,30.909,30.909,30.888,30.866,30.859,30.852,30.831,30.810,30.796,30.782,30.705,30.635,30.585,30.564,30.529,30.458,30.395,30.360,30.353,30.332,30.303,30.275,30.247,30.204,30.169,30.148,30.155,30.141,30.127,30.106,30.098,30.084,30.063,30.028,30.021,30.014,30.006,29.992,29.985,29.978,29.964,29.950,29.936,29.914,29.900,29.879,29.858,29.851,29.829,29.808,29.787,29.766,29.737,29.716,29.695,29.688,29.680,29.666,29.666,29.659,29.659,29.659,29.666,29.666,29.666,29.666,29.666,29.659,29.652,29.638,29.638,29.624,29.609,29.574,29.524,29.481,29.439,29.382,29.289,29.247,29.197,29.132,29.018,28.954,28.875,28.761,28.582,28.381,28.294,28.258,27.869,27.188,26.664,26.334,25.879,25.178,24.434,23.760,23.369,23.218,23.067,22.885,22.749,22.764,22.756,22.703,22.673,22.665,22.650,22.627,22.620,22.604,22.597,22.582,22.566,22.566,22.559,22.551,22.551,22.551,22.544,22.544,22.536,22.528,22.528,22.521,22.513,22.513,22.506,22.506,22.498,22.490,22.483,22.475,22.460,22.452,22.437,22.422,22.414,22.399,22.391,22.376,22.369,22.361,22.353,22.338,22.315,22.300,22.285,22.270,22.254,22.247,22.239,22.231,22.209,22.201,22.186,22.170,22.155,22.147,22.132,22.117,22.102,22.094,22.086,22.063,22.048,22.033,22.010,21.995,21.972,21.964,21.949,21.941,21.934,21.934,21.926,21.918,21.911,21.895,21.888,21.872,21.865,21.865,21.865,21.865,21.865,21.857,21.857,21.857,21.857,21.857,21.857,21.857,21.857,21.865,21.872,21.872,21.872,21.872,21.865,21.857,21.849,21.849,21.842,21.834,21.842,21.849,21.865,21.865,21.857,21.849,21.842,21.842,21.849,21.865,21.880,21.880,21.880,21.865,21.857,21.842,21.826,21.811,21.796,21.788,21.796,21.819,21.842,21.842,21.834,21.811,21.796,21.773,21.765,21.750,21.742,21.727,21.719,21.711,21.704,21.696,21.696,21.696,21.704,21.704,21.696,21.696,21.688,21.681,21.673,21.673,21.665,21.650,21.650,21.642,21.635,21.627,21.619,21.612,21.604,21.589,21.589,21.581,21.573,21.566,21.558,21.550,21.543,21.527,21.512,21.497,21.481,21.466,21.450,21.435,21.420,21.404,21.389,21.389,21.389,21.374,21.358,21.335,21.320,21.312,21.297,21.297,21.297,21.289,21.289,21.297,21.297,21.312,21.320,21.327,21.343,21.366,21.389,21.412,21.443,21.466,21.481,21.481,21.489,21.497,21.512,21.527,21.543,21.558,21.573,21.573,21.581,21.581,21.596,21.612,21.619,21.627,21.642,21.642,21.642,21.642,21.642,21.642,21.642,21.642,21.642,21.642,21.642,21.642,21.642,21.642,21.642,21.642,21.642,21.642
,23.880,23.865,23.775,23.693,23.632,23.587,23.542,23.505,23.467,23.422,23.361,23.316,23.301,23.293,23.263,23.203,23.150,23.120,23.120,23.105,23.097,23.089,23.067,23.052,23.037,23.021,23.006,22.999,22.991,22.976,22.953,22.938,22.923,22.908,22.900,22.893,22.885,22.870,22.862,22.855,22.847,22.840,22.840,22.832,22.824,22.824,22.817,22.809,22.809,22.794,22.787,22.771,22.764,22.749,22.741,22.741,22.741,22.756,22.756,22.749,22.764,22.809,22.862,22.824,22.809,22.855,23.037,23.165,23.309,23.527,24.008,24.479,24.963,25.496,26.166,26.868,27.450,27.847,28.013,28.395,28.696,28.847,28.861,28.932,29.011,29.090,29.140,29.311,29.467,29.581,29.638,29.688,29.751,29.808,29.851,29.900,29.964,30.035,30.084,30.106,30.134,30.169,30.204,30.240,30.268,30.289,30.303,30.324,30.346,30.374,30.388,30.402,30.430,30.473,30.508,30.543,30.578,30.613,30.670,30.719,30.754,30.782,30.803,30.824,30.852,30.888,30.923,30.937,30.930,30.902,30.895,30.895,30.895,30.888,30.873,30.859,30.852,30.838,30.831,30.817,30.817,30.824,30.852,30.888,30.909,30.916,30.888,30.866,30.859,30.852,30.838,30.824,30.810,30.789,30.705,30.627,30.585,30.557,30.515,30.451,30.388,30.353,30.346,30.317,30.282,30.254,30.226,30.183,30.148,30.127,30.127,30.120,30.106,30.084,30.077,30.063,30.042,30.006,29.999,29.999,29.999,29.992,29.985,29.978,29.964,29.943,29.929,29.914,29.893,29.872,29.851,29.836,29.815,29.787,29.766,29.744,29.723,29.702,29.688,29.680,29.673,29.666,29.666,29.659,29.652,29.652,29.652,29.652,29.645,29.645,29.645,29.638,29.631,29.624,29.631,29.617,29.595,29.553,29.496,29.460,29.425,29.360,29.275,29.225,29.175,29.104,28.997,28.940,28.868,28.754,28.574,28.381,28.301,28.287,27.898,27.195,26.678,26.378,25.953,25.237,24.479,23.798,23.376,23.241,23.105,22.908,22.764,22.779,22.764,22.696,22.658,22.650,22.642,22.627,22.620,22.612,22.604,22.589,22.574,22.566,22.559,22.551,22.551,22.551,22.551,22.544,22.544,22.528,22.521,22.513,22.513,22.513,22.513,22.506,22.506,22.498,22.490,22.475,22.468,22.452,22.437,22.422,22.414,22.399,22.391,22.376,22.369,22.361,22.353,22.338,22.323,22.308,22.285,22.270,22.254,22.254,22.247,22.231,22.216,22.201,22.193,22.170,22.163,22.147,22.132,22.117,22.109,22.094,22.086,22.071,22.048,22.033,22.018,21.995,21.979,21.964,21.956,21.941,21.934,21.934,21.926,21.918,21.911,21.895,21.880,21.872,21.865,21.865,21.865,21.865,21.865,21.857,21.857,21.857,21.857,21.857,21.857,21.857,21.857,21.865,21.865,21.872,21.872,21.865,21.865,21.857,21.849,21.842,21.834,21.834,21.834,21.849,21.857,21.857,21.857,21.842,21.834,21.842,21.849,21.865,21.880,21.880,21.880,21.865,21.849,21.834,21.826,21.811,21.796,21.788,21.796,21.819,21.834,21.842,21.834,21.811,21.788,21.773,21.765,21.750,21.742,21.727,21.719,21.711,21.704,21.696,21.696,21.696,21.696,21.696,21.688,21.688,21.681,21.673,21.673,21.665,21.658,21.650,21.650,21.650,21.642,21.627,21.627,21.612,21.604,21.589,21.589,21.581,21.573,21.566,21.566,21.558,21.543,21.527,21.512,21.497,21.481,21.458,21.443,21.427,21.412,21.397,21.389,21.381,21.381,21.374,21.351,21.335,21.320,21.304,21.297,21.289,21.281,21.281,21.281,21.281,21.289,21.289,21.304,21.312,21.327,21.351,21.374,21.397,21.420,21.443,21.458,21.466,21.474,21.489,21.504,21.520,21.527,21.543,21.558,21.566,21.573,21.581,21.589,21.604,21.612,21.619,21.627,21.627,21.627,21.627,21.627,21.627,21.627,21.627,21.627,21.627,21.627,21.627,21.627,21.627,21.627,21.627,21.627,21.627
,23.880,23.865,23.775,23.700,23.632,23.587,23.542,23.505,23.467,23.422,23.361,23.316,23.301,23.293,23.256,23.195,23.142,23.120,23.120,23.105,23.097,23.082,23.067,23.052,23.037,23.021,23.006,22.999,22.984,22.968,22.946,22.931,22.923,22.900,22.893,22.893,22.885,22.870,22.862,22.855,22.847,22.840,22.832,22.832,22.824,22.817,22.817,22.809,22.802,22.787,22.779,22.771,22.764,22.749,22.733,22.726,22.733,22.749,22.756,22.749,22.764,22.817,22.870,22.824,22.802,22.862,23.059,23.180,23.316,23.550,24.045,24.524,25.007,25.540,26.217,26.919,27.493,27.884,28.035,28.416,28.711,28.839,28.875,28.940,29.011,29.082,29.118,29.289,29.446,29.567,29.624,29.673,29.737,29.801,29.851,29.893,29.957,30.028,30.070,30.091,30.120,30.162,30.197,30.233,30.261,30.275,30.289,30.310,30.339,30.360,30.374,30.395,30.423,30.466,30.501,30.529,30.557,30.592,30.649,30.698,30.740,30.768,30.789,30.817,30.845,30.881,30.916,30.930,30.923,30.895,30.895,30.895,30.888,30.881,30.866,30.852,30.845,30.831,30.824,30.810,30.810,30.817,30.852,30.888,30.909,30.916,30.895,30.866,30.859,30.852,30.845,30.831,30.817,30.789,30.698,30.627,30.585,30.557,30.515,30.437,30.381,30.346,30.332,30.289,30.254,30.226,30.190,30.155,30.127,30.113,30.113,30.106,30.098,30.077,30.063,30.049,30.028,29.999,29.999,29.999,29.999,29.999,29.992,29.978,29.964,29.943,29.922,29.907,29.886,29.858,29.836,29.822,29.801,29.773,29.744,29.723,29.702,29.688,29.666,29.666,29.666,29.666,29.659,29.659,29.652,29.652,29.645,29.638,29.631,29.624,29.617,29.617,29.609,29.617,29.624,29.609,29.574,29.531,29.481,29.453,29.410,29.353,29.268,29.211,29.154,29.082,28.975,28.932,28.861,28.746,28.567,28.373,28.309,28.294,27.912,27.195,26.686,26.408,25.990,25.274,24.509,23.820,23.369,23.248,23.127,22.938,22.787,22.794,22.771,22.703,22.658,22.650,22.650,22.635,22.620,22.627,22.627,22.604,22.582,22.566,22.559,22.551,22.551,22.551,22.551,22.544,22.544,22.528,22.521,22.513,22.513,22.513,22.513,22.506,22.506,22.498,22.490,22.475,22.460,22.452,22.437,22.422,22.414,22.407,22.399,22.384,22.376,22.369,22.353,22.338,22.323,22.308,22.285,22.270,22.262,22.254,22.254,22.239,22.224,22.209,22.193,22.178,22.163,22.147,22.140,22.125,22.109,22.102,22.086,22.071,22.056,22.041,22.018,22.002,21.979,21.972,21.956,21.941,21.941,21.934,21.926,21.918,21.903,21.888,21.880,21.865,21.865,21.865,21.865,21.865,21.865,21.857,21.857,21.857,21.857,21.857,21.857,21.857,21.857,21.865,21.865,21.872,21.872,21.865,21.857,21.849,21.849,21.834,21.834,21.834,21.834,21.842,21.849,21.857,21.857,21.842,21.834,21.834,21.849,21.865,21.880,21.880,21.880,21.865,21.849,21.834,21.819,21.803,21.788,21.788,21.796,21.819,21.834,21.834,21.826,21.811,21.788,21.765,21.757,21.750,21.742,21.727,21.719,21.711,21.704,21.696,21.696,21.696,21.688,21.688,21.688,21.681,21.673,21.673,21.665,21.665,21.658,21.650,21.650,21.650,21.642,21.635,21.627,21.612,21.604,21.589,21.589,21.581,21.573,21.566,21.558,21.550,21.543,21.527,21.512,21.497,21.481,21.458,21.435,21.420,21.404,21.389,21.381,21.381,21.374,21.366,21.343,21.327,21.312,21.297,21.281,21.281,21.281,21.281,21.274,21.266,21.266,21.274,21.289,21.297,21.312,21.327,21.351,21.374,21.397,21.420,21.443,21.450,21.458,21.474,21.489,21.504,21.520,21.527,21.543,21.550,21.558,21.573,21.581,21.596,21.604,21.612,21.619,21.619,21.627,21.627,21.627,21.627,21.627,21.627,21.627,21.627,21.627,21.627,21.627,21.627,21.627,21.627,21.627,21.627
,23.880,23.880,23.783,23.700,23.640,23.595,23.557,23.512,23.474,23.429,23.369,23.324,23.301,23.286,23.256,23.188,23.142,23.120,23.120,23.105,23.097,23.082,23.067,23.059,23.044,23.029,23.006,22.991,22.984,22.961,22.938,22.931,22.915,22.900,22.893,22.893,22.885,22.870,22.862,22.855,22.847,22.840,22.832,22.824,22.824,22.817,22.809,22.802,22.794,22.787,22.779,22.771,22.764,22.749,22.726,22.718,22.718,22.733,22.749,22.741,22.764,22.817,22.878,22.824,22.809,22.878,23.097,23.203,23.346,23.587,24.098,24.583,25.074,25.614,26.305,26.999,27.558,27.934,28.086,28.445,28.718,28.832,28.882,28.940,29.011,29.090,29.147,29.296,29.446,29.560,29.609,29.659,29.723,29.787,29.836,29.886,29.950,30.014,30.056,30.084,30.113,30.148,30.183,30.219,30.247,30.268,30.282,30.303,30.324,30.346,30.367,30.388,30.416,30.451,30.487,30.515,30.550,30.585,30.635,30.691,30.733,30.761,30.782,30.810,30.838,30.873,30.909,30.930,30.916,30.895,30.895,30.895,30.888,30.881,30.866,30.852,30.845,30.831,30.824,30.810,30.810,30.817,30.852,30.888,30.909,30.909,30.888,30.866,30.859,30.859,30.845,30.831,30.817,30.789,30.691,30.627,30.585,30.564,30.508,30.430,30.367,30.324,30.310,30.268,30.219,30.183,30.155,30.134,30.106,30.091,30.098,30.098,30.091,30.070,30.056,30.035,30.021,30.006,30.006,30.006,30.014,30.006,29.992,29.978,29.964,29.936,29.914,29.900,29.886,29.858,29.829,29.808,29.787,29.758,29.723,29.702,29.688,29.666,29.659,29.659,29.659,29.659,29.659,29.659,29.652,29.645,29.638,29.624,29.617,29.602,29.595,29.588,29.595,29.602,29.617,29.595,29.560,29.517,29.474,29.446,29.403,29.339,29.261,29.211,29.154,29.075,28.968,28.925,28.854,28.732,28.560,28.373,28.323,28.323,27.927,27.210,26.707,26.444,26.026,25.304,24.539,23.835,23.361,23.263,23.158,22.976,22.824,22.802,22.771,22.711,22.665,22.665,22.658,22.642,22.627,22.627,22.620,22.604,22.589,22.574,22.566,22.551,22.551,22.551,22.551,22.544,22.536,22.528,22.513,22.513,22.513,22.513,22.513,22.506,22.506,22.498,22.490,22.475,22.460,22.445,22.437,22.422,22.414,22.407,22.399,22.384,22.376,22.369,22.353,22.338,22.323,22.308,22.292,22.277,22.262,22.262,22.254,22.239,22.224,22.209,22.193,22.178,22.163,22.155,22.140,22.125,22.109,22.102,22.086,22.071,22.056,22.041,22.025,22.002,21.987,21.972,21.964,21.949,21.941,21.934,21.926,21.918,21.903,21.888,21.880,21.872,21.865,21.865,21.865,21.865,21.865,21.857,21.849,21.849,21.849,21.849,21.849,21.849,21.857,21.857,21.865,21.865,21.865,21.857,21.857,21.849,21.849,21.842,21.834,21.834,21.834,21.842,21.849,21.849,21.849,21.842,21.834,21.834,21.849,21.865,21.880,21.880,21.880,21.865,21.849,21.834,21.819,21.803,21.796,21.788,21.796,21.819,21.826,21.834,21.826,21.803,21.788,21.765,21.750,21.742,21.734,21.727,21.711,21.711,21.704,21.696,21.696,21.688,21.688,21.681,21.681,21.673,21.673,21.665,21.665,21.665,21.658,21.650,21.650,21.650,21.650,21.642,21.627,21.619,21.604,21.589,21.581,21.573,21.566,21.558,21.550,21.543,21.535,21.527,21.512,21.497,21.481,21.458,21.435,21.412,21.397,21.381,21.366,21.374,21.374,21.358,21.335,21.320,21.304,21.289,21.281,21.281,21.281,21.274,21.266,21.258,21.258,21.258,21.266,21.281,21.304,21.320,21.343,21.358,21.381,21.404,21.420,21.435,21.443,21.466,21.481,21.497,21.504,21.520,21.535,21.543,21.558,21.566,21.581,21.589,21.596,21.612,21.612,21.619,21.619,21.619,21.619,21.619,21.619,21.612,21.612,21.619,21.619,21.619,21.619,21.619,21.619,21.619,21.619,21.619
,23.880,23.888,23.798,23.708,23.648,23.610,23.565,23.520,23.474,23.437,23.376,23.331,23.301,23.286,23.256,23.195,23.142,23.120,23.120,23.105,23.097,23.082,23.067,23.059,23.044,23.029,23.006,22.991,22.976,22.953,22.938,22.923,22.908,22.900,22.885,22.885,22.885,22.870,22.862,22.855,22.847,22.840,22.832,22.824,22.817,22.809,22.802,22.802,22.787,22.779,22.771,22.771,22.764,22.749,22.726,22.711,22.718,22.733,22.741,22.741,22.764,22.817,22.885,22.832,22.817,22.885,23.127,23.233,23.369,23.625,24.150,24.643,25.148,25.695,26.408,27.086,27.631,27.992,28.136,28.474,28.725,28.825,28.882,28.940,29.018,29.104,29.175,29.318,29.453,29.560,29.602,29.645,29.709,29.780,29.822,29.879,29.936,29.999,30.042,30.070,30.106,30.134,30.169,30.204,30.233,30.254,30.268,30.289,30.310,30.339,30.353,30.374,30.402,30.444,30.480,30.508,30.536,30.571,30.627,30.677,30.719,30.754,30.782,30.803,30.831,30.866,30.902,30.916,30.916,30.895,30.895,30.895,30.888,30.881,30.866,30.859,30.845,30.838,30.824,30.817,30.810,30.824,30.852,30.888,30.909,30.909,30.888,30.866,30.859,30.859,30.852,30.838,30.817,30.782,30.684,30.620,30.585,30.564,30.508,30.423,30.353,30.317,30.303,30.240,30.183,30.148,30.134,30.113,30.084,30.063,30.084,30.084,30.077,30.063,30.035,30.021,30.014,30.014,30.014,30.021,30.014,30.006,29.992,29.978,29.957,29.936,29.914,29.900,29.879,29.851,29.822,29.801,29.780,29.744,29.716,29.688,29.673,29.659,29.645,29.652,29.659,29.659,29.659,29.652,29.652,29.645,29.631,29.617,29.602,29.588,29.567,29.567,29.574,29.588,29.602,29.581,29.545,29.496,29.467,29.439,29.396,29.332,29.261,29.204,29.147,29.061,28.954,28.918,28.847,28.725,28.560,28.381,28.330,28.345,27.949,27.239,26.737,26.496,26.070,25.348,24.576,23.858,23.369,23.286,23.188,23.014,22.855,22.809,22.771,22.718,22.673,22.680,22.673,22.658,22.627,22.620,22.612,22.612,22.589,22.582,22.566,22.559,22.559,22.559,22.551,22.544,22.536,22.521,22.513,22.506,22.506,22.513,22.513,22.506,22.506,22.498,22.490,22.475,22.460,22.445,22.437,22.422,22.414,22.407,22.399,22.391,22.376,22.369,22.353,22.338,22.323,22.315,22.300,22.285,22.270,22.262,22.254,22.247,22.224,22.216,22.201,22.186,22.170,22.163,22.147,22.132,22.117,22.102,22.086,22.071,22.056,22.041,22.025,22.010,21.987,21.979,21.964,21.956,21.941,21.934,21.926,21.911,21.903,21.888,21.888,21.880,21.872,21.872,21.872,21.865,21.865,21.857,21.857,21.849,21.849,21.849,21.849,21.849,21.849,21.857,21.857,21.857,21.857,21.849,21.849,21.849,21.842,21.842,21.834,21.834,21.834,21.842,21.849,21.849,21.842,21.834,21.834,21.834,21.849,21.865,21.880,21.880,21.880,21.865,21.849,21.834,21.819,21.803,21.796,21.788,21.796,21.811,21.826,21.834,21.819,21.803,21.780,21.765,21.750,21.742,21.734,21.719,21.711,21.711,21.704,21.696,21.696,21.688,21.688,21.681,21.681,21.673,21.665,21.665,21.665,21.665,21.665,21.658,21.658,21.658,21.658,21.650,21.635,21.627,21.612,21.596,21.581,21.573,21.566,21.550,21.543,21.543,21.535,21.520,21.504,21.497,21.481,21.458,21.435,21.412,21.389,21.374,21.358,21.366,21.366,21.351,21.335,21.312,21.297,21.281,21.274,21.274,21.281,21.274,21.258,21.250,21.243,21.250,21.250,21.266,21.289,21.312,21.327,21.343,21.366,21.381,21.404,21.420,21.435,21.450,21.466,21.481,21.497,21.512,21.520,21.535,21.550,21.558,21.573,21.589,21.596,21.604,21.612,21.612,21.612,21.612,21.612,21.612,21.612,21.604,21.604,21.612,21.612,21.612,21.612,21.612,21.612,21.612,21.612,21.612
,23.888,23.903,23.813,23.723,23.655,23.625,23.580,23.527,23.482,23.444,23.392,23.339,23.301,23.286,23.263,23.195,23.142,23.120,23.120,23.105,23.097,23.082,23.067,23.052,23.037,23.021,22.999,22.984,22.968,22.946,22.931,22.915,22.908,22.893,22.885,22.878,22.878,22.870,22.862,22.855,22.847,22.832,22.832,22.824,22.817,22.802,22.802,22.794,22.787,22.771,22.771,22.764,22.756,22.749,22.718,22.711,22.718,22.733,22.749,22.733,22.756,22.809,22.885,22.840,22.824,22.900,23.150,23.256,23.399,23.663,24.203,24.702,25.215,25.769,26.503,27.174,27.696,28.049,28.186,28.510,28.732,28.811,28.875,28.940,29.025,29.118,29.197,29.332,29.460,29.553,29.588,29.638,29.695,29.766,29.808,29.858,29.922,29.985,30.021,30.056,30.084,30.120,30.148,30.183,30.219,30.240,30.261,30.282,30.303,30.332,30.346,30.367,30.395,30.430,30.466,30.494,30.529,30.564,30.613,30.670,30.712,30.747,30.775,30.803,30.831,30.859,30.888,30.902,30.902,30.895,30.895,30.895,30.888,30.881,30.873,30.859,30.852,30.845,30.831,30.824,30.824,30.824,30.852,30.881,30.902,30.902,30.888,30.873,30.866,30.859,30.852,30.838,30.817,30.775,30.684,30.620,30.585,30.564,30.501,30.416,30.346,30.310,30.296,30.226,30.162,30.120,30.120,30.091,30.063,30.035,30.063,30.063,30.056,30.042,30.014,30.006,30.014,30.021,30.021,30.028,30.021,30.006,29.999,29.978,29.957,29.936,29.914,29.900,29.879,29.851,29.815,29.794,29.766,29.737,29.702,29.680,29.659,29.645,29.638,29.645,29.652,29.652,29.652,29.652,29.645,29.638,29.624,29.602,29.588,29.574,29.553,29.545,29.553,29.574,29.595,29.567,29.524,29.481,29.453,29.425,29.382,29.325,29.254,29.197,29.132,29.054,28.947,28.904,28.839,28.725,28.560,28.381,28.345,28.366,27.977,27.268,26.780,26.547,26.122,25.407,24.628,23.895,23.392,23.316,23.233,23.059,22.893,22.824,22.771,22.718,22.688,22.688,22.688,22.665,22.627,22.604,22.604,22.612,22.597,22.582,22.574,22.559,22.559,22.559,22.551,22.544,22.536,22.521,22.513,22.506,22.506,22.506,22.513,22.506,22.506,22.498,22.483,22.468,22.460,22.445,22.437,22.422,22.414,22.407,22.399,22.391,22.384,22.369,22.353,22.338,22.330,22.315,22.308,22.285,22.277,22.270,22.262,22.247,22.231,22.216,22.209,22.186,22.178,22.163,22.155,22.132,22.125,22.109,22.086,22.071,22.056,22.041,22.033,22.010,21.995,21.987,21.979,21.956,21.949,21.934,21.926,21.911,21.903,21.895,21.888,21.888,21.880,21.880,21.872,21.872,21.865,21.865,21.857,21.857,21.849,21.849,21.849,21.849,21.849,21.842,21.849,21.849,21.842,21.842,21.842,21.842,21.834,21.834,21.826,21.826,21.826,21.834,21.842,21.842,21.842,21.834,21.826,21.834,21.849,21.865,21.880,21.888,21.880,21.865,21.849,21.834,21.826,21.811,21.796,21.788,21.796,21.811,21.826,21.826,21.819,21.803,21.780,21.765,21.750,21.742,21.734,21.719,21.711,21.711,21.704,21.704,21.696,21.696,21.688,21.688,21.681,21.673,21.673,21.673,21.665,21.665,21.665,21.665,21.665,21.665,21.658,21.650,21.642,21.627,21.619,21.596,21.581,21.573,21.558,21.543,21.543,21.535,21.527,21.520,21.504,21.489,21.474,21.458,21.427,21.412,21.389,21.366,21.358,21.358,21.358,21.343,21.327,21.312,21.289,21.274,21.274,21.274,21.274,21.274,21.258,21.235,21.227,21.227,21.235,21.258,21.281,21.304,21.320,21.327,21.343,21.366,21.389,21.397,21.412,21.435,21.458,21.466,21.481,21.497,21.512,21.527,21.535,21.558,21.566,21.581,21.589,21.589,21.596,21.596,21.596,21.596,21.604,21.604,21.596,21.596,21.596,21.596,21.596,21.596,21.596,21.596,21.596,21.596,21.596,21.596
,23.888,23.910,23.828,23.730,23.663,23.625,23.587,23.535,23.489,23.452,23.407,23.346,23.301,23.286,23.271,23.203,23.142,23.120,23.120,23.112,23.089,23.067,23.052,23.044,23.037,23.014,22.991,22.976,22.953,22.931,22.915,22.908,22.900,22.885,22.878,22.878,22.870,22.862,22.855,22.847,22.840,22.832,22.824,22.817,22.809,22.802,22.794,22.787,22.779,22.771,22.764,22.764,22.756,22.741,22.718,22.711,22.733,22.771,22.756,22.741,22.764,22.817,22.885,22.840,22.840,22.923,23.165,23.278,23.437,23.715,24.247,24.747,25.267,25.835,26.583,27.232,27.739,28.078,28.222,28.524,28.725,28.789,28.854,28.932,29.025,29.118,29.204,29.339,29.453,29.545,29.574,29.617,29.673,29.744,29.794,29.844,29.900,29.957,29.999,30.035,30.070,30.098,30.127,30.162,30.197,30.219,30.240,30.268,30.296,30.317,30.332,30.353,30.381,30.416,30.451,30.487,30.515,30.550,30.606,30.656,30.698,30.733,30.768,30.796,30.824,30.852,30.873,30.895,30.895,30.895,30.895,30.895,30.895,30.881,30.881,30.873,30.866,30.852,30.845,30.838,30.831,30.838,30.859,30.888,30.902,30.902,30.888,30.873,30.873,30.873,30.859,30.838,30.817,30.775,30.677,30.620,30.585,30.564,30.487,30.409,30.346,30.317,30.289,30.219,30.148,30.113,30.113,30.091,30.049,30.006,30.014,30.014,30.006,29.999,29.992,29.999,30.006,30.021,30.028,30.028,30.028,30.014,29.999,29.978,29.957,29.929,29.907,29.893,29.879,29.851,29.808,29.787,29.758,29.723,29.695,29.666,29.652,29.638,29.631,29.638,29.645,29.652,29.652,29.652,29.645,29.631,29.617,29.595,29.574,29.553,29.531,29.517,29.531,29.553,29.574,29.538,29.503,29.467,29.439,29.417,29.368,29.304,29.239,29.182,29.118,29.040,28.925,28.882,28.825,28.718,28.567,28.388,28.352,28.388,28.006,27.312,26.839,26.605,26.173,25.474,24.702,23.955,23.422,23.346,23.271,23.105,22.931,22.824,22.764,22.733,22.703,22.703,22.703,22.673,22.635,22.604,22.604,22.627,22.612,22.589,22.574,22.559,22.559,22.559,22.551,22.544,22.536,22.521,22.513,22.506,22.506,22.506,22.513,22.506,22.506,22.498,22.483,22.468,22.460,22.445,22.437,22.422,22.414,22.407,22.399,22.391,22.384,22.369,22.361,22.346,22.330,22.323,22.308,22.292,22.285,22.270,22.262,22.247,22.239,22.224,22.209,22.193,22.186,22.170,22.155,22.140,22.125,22.109,22.094,22.071,22.056,22.048,22.033,22.018,22.010,21.995,21.987,21.972,21.956,21.941,21.926,21.911,21.911,21.903,21.895,21.888,21.888,21.880,21.880,21.872,21.872,21.865,21.865,21.857,21.857,21.849,21.849,21.849,21.849,21.842,21.842,21.842,21.842,21.842,21.834,21.834,21.834,21.826,21.826,21.826,21.826,21.834,21.842,21.842,21.842,21.826,21.826,21.826,21.842,21.865,21.880,21.888,21.888,21.872,21.849,21.834,21.826,21.811,21.796,21.796,21.796,21.811,21.826,21.826,21.819,21.803,21.780,21.757,21.750,21.734,21.727,21.719,21.711,21.711,21.704,21.704,21.704,21.696,21.696,21.688,21.688,21.681,21.673,21.673,21.673,21.665,21.665,21.665,21.665,21.665,21.665,21.658,21.650,21.635,21.619,21.604,21.589,21.573,21.566,21.550,21.543,21.535,21.527,21.512,21.504,21.489,21.474,21.450,21.427,21.404,21.381,21.358,21.351,21.351,21.343,21.335,21.320,21.304,21.289,21.274,21.266,21.274,21.274,21.266,21.243,21.220,21.212,21.204,21.220,21.235,21.266,21.289,21.304,21.312,21.327,21.343,21.366,21.381,21.397,21.420,21.435,21.450,21.466,21.481,21.497,21.512,21.527,21.543,21.558,21.566,21.573,21.581,21.589,21.589,21.596,21.596,21.596,21.596,21.596,21.596,21.596,21.596,21.596,21.596,21.596,21.596,21.596,21.596,21.596,21.596
,23.888,23.910,23.835,23.730,23.663,23.632,23.587,23.535,23.489,23.459,23.414,23.346,23.301,23.286,23.271,23.203,23.142,23.120,23.120,23.112,23.089,23.059,23.044,23.037,23.021,23.006,22.984,22.961,22.946,22.923,22.908,22.900,22.893,22.885,22.870,22.862,22.862,22.855,22.847,22.847,22.840,22.832,22.824,22.817,22.809,22.794,22.787,22.779,22.771,22.764,22.756,22.756,22.749,22.733,22.718,22.711,22.733,22.771,22.764,22.756,22.771,22.824,22.885,22.847,22.847,22.938,23.173,23.293,23.459,23.745,24.277,24.777,25.296,25.864,26.620,27.261,27.768,28.107,28.237,28.524,28.711,28.768,28.832,28.918,29.011,29.118,29.197,29.325,29.439,29.524,29.553,29.595,29.652,29.723,29.773,29.822,29.879,29.936,29.978,30.021,30.056,30.077,30.113,30.148,30.183,30.212,30.233,30.254,30.282,30.303,30.324,30.339,30.367,30.402,30.437,30.466,30.494,30.529,30.585,30.642,30.684,30.719,30.754,30.789,30.824,30.852,30.866,30.881,30.888,30.895,30.909,30.902,30.895,30.888,30.881,30.881,30.873,30.866,30.859,30.845,30.845,30.845,30.866,30.888,30.909,30.902,30.888,30.873,30.873,30.873,30.852,30.831,30.810,30.768,30.670,30.613,30.585,30.557,30.480,30.402,30.346,30.317,30.289,30.212,30.148,30.106,30.120,30.091,30.049,29.999,29.985,29.985,29.985,29.985,29.985,29.999,30.006,30.021,30.028,30.035,30.028,30.014,29.999,29.978,29.950,29.922,29.907,29.900,29.879,29.851,29.815,29.787,29.751,29.716,29.688,29.659,29.645,29.631,29.631,29.631,29.638,29.645,29.645,29.645,29.638,29.624,29.609,29.588,29.567,29.538,29.510,29.503,29.524,29.553,29.567,29.531,29.489,29.460,29.439,29.410,29.368,29.304,29.232,29.175,29.104,29.025,28.904,28.868,28.811,28.718,28.574,28.388,28.352,28.388,28.006,27.333,26.868,26.642,26.195,25.525,24.755,23.993,23.467,23.369,23.286,23.135,22.946,22.832,22.771,22.749,22.726,22.726,22.718,22.688,22.642,22.627,22.620,22.627,22.620,22.597,22.582,22.559,22.559,22.551,22.551,22.544,22.528,22.521,22.506,22.506,22.506,22.506,22.506,22.506,22.498,22.490,22.483,22.475,22.460,22.445,22.437,22.422,22.414,22.407,22.399,22.391,22.384,22.369,22.361,22.346,22.330,22.323,22.315,22.300,22.285,22.277,22.262,22.247,22.239,22.224,22.216,22.201,22.186,22.178,22.163,22.147,22.132,22.109,22.094,22.071,22.056,22.048,22.041,22.025,22.010,22.002,21.987,21.979,21.964,21.941,21.926,21.918,21.911,21.911,21.903,21.903,21.895,21.888,21.888,21.880,21.872,21.872,21.872,21.872,21.865,21.857,21.857,21.849,21.842,21.842,21.834,21.834,21.826,21.826,21.826,21.826,21.826,21.819,21.819,21.819,21.826,21.834,21.842,21.842,21.842,21.826,21.819,21.819,21.842,21.865,21.880,21.888,21.888,21.872,21.857,21.842,21.826,21.811,21.803,21.796,21.803,21.819,21.826,21.826,21.819,21.803,21.780,21.757,21.750,21.742,21.734,21.719,21.711,21.711,21.711,21.704,21.704,21.704,21.704,21.696,21.696,21.688,21.688,21.681,21.681,21.673,21.673,21.673,21.673,21.673,21.673,21.658,21.650,21.635,21.627,21.612,21.596,21.581,21.566,21.550,21.543,21.535,21.527,21.512,21.497,21.489,21.466,21.443,21.420,21.397,21.381,21.358,21.351,21.351,21.343,21.335,21.312,21.297,21.281,21.266,21.266,21.274,21.274,21.266,21.235,21.212,21.197,21.197,21.204,21.227,21.258,21.281,21.297,21.304,21.312,21.335,21.358,21.374,21.389,21.412,21.427,21.443,21.458,21.474,21.497,21.504,21.520,21.535,21.550,21.558,21.566,21.573,21.581,21.589,21.589,21.589,21.589,21.596,21.589,21.589,21.589,21.596,21.596,21.589,21.589,21.589,21.589,21.589,21.581,21.581
,23.895,23.925,23.843,23.738,23.670,23.640,23.595,23.535,23.489,23.459,23.414,23.346,23.301,23.286,23.278,23.203,23.142,23.120,23.120,23.112,23.082,23.052,23.029,23.021,23.014,22.991,22.968,22.953,22.931,22.915,22.900,22.893,22.885,22.878,22.862,22.862,22.855,22.847,22.840,22.840,22.840,22.832,22.817,22.817,22.802,22.794,22.787,22.779,22.771,22.756,22.756,22.749,22.749,22.733,22.718,22.718,22.733,22.771,22.771,22.764,22.779,22.824,22.885,22.847,22.855,22.953,23.180,23.301,23.482,23.783,24.322,24.821,25.333,25.901,26.656,27.290,27.797,28.143,28.258,28.524,28.696,28.746,28.804,28.890,28.997,29.104,29.189,29.304,29.410,29.496,29.524,29.574,29.631,29.702,29.751,29.808,29.865,29.914,29.971,30.014,30.042,30.070,30.106,30.141,30.169,30.204,30.219,30.240,30.261,30.289,30.310,30.324,30.353,30.388,30.423,30.451,30.480,30.515,30.571,30.627,30.677,30.712,30.754,30.789,30.824,30.852,30.866,30.873,30.888,30.902,30.916,30.909,30.902,30.895,30.888,30.888,30.888,30.888,30.873,30.866,30.852,30.852,30.873,30.895,30.902,30.902,30.888,30.873,30.873,30.873,30.845,30.824,30.796,30.754,30.656,30.613,30.578,30.543,30.473,30.395,30.353,30.324,30.289,30.204,30.134,30.098,30.120,30.091,30.042,29.992,29.978,29.978,29.978,29.971,29.978,29.992,30.014,30.028,30.028,30.035,30.028,30.014,29.999,29.978,29.950,29.922,29.907,29.900,29.886,29.858,29.815,29.787,29.751,29.716,29.680,29.659,29.645,29.631,29.624,29.631,29.638,29.638,29.638,29.645,29.638,29.624,29.602,29.581,29.560,29.531,29.503,29.496,29.517,29.553,29.567,29.524,29.489,29.467,29.439,29.410,29.368,29.304,29.232,29.161,29.097,29.018,28.890,28.847,28.797,28.718,28.582,28.395,28.352,28.388,27.999,27.341,26.890,26.664,26.202,25.555,24.799,24.023,23.497,23.376,23.293,23.150,22.968,22.840,22.771,22.756,22.749,22.741,22.726,22.688,22.642,22.620,22.620,22.627,22.627,22.604,22.582,22.559,22.551,22.551,22.544,22.536,22.521,22.513,22.506,22.498,22.498,22.498,22.506,22.498,22.498,22.490,22.483,22.475,22.460,22.445,22.437,22.422,22.414,22.407,22.399,22.384,22.384,22.369,22.361,22.346,22.338,22.330,22.315,22.308,22.285,22.277,22.262,22.247,22.239,22.224,22.216,22.209,22.193,22.178,22.170,22.147,22.132,22.117,22.094,22.079,22.056,22.048,22.041,22.025,22.010,22.002,21.995,21.987,21.964,21.949,21.941,21.926,21.918,21.918,21.911,21.911,21.903,21.895,21.895,21.888,21.880,21.880,21.880,21.880,21.872,21.865,21.857,21.849,21.842,21.834,21.834,21.826,21.826,21.826,21.826,21.819,21.819,21.819,21.819,21.819,21.826,21.834,21.842,21.849,21.842,21.826,21.819,21.819,21.842,21.865,21.880,21.895,21.888,21.872,21.857,21.842,21.826,21.811,21.803,21.796,21.803,21.819,21.826,21.826,21.819,21.803,21.780,21.757,21.750,21.742,21.734,21.727,21.719,21.711,21.711,21.711,21.711,21.711,21.711,21.704,21.704,21.696,21.696,21.688,21.688,21.681,21.681,21.681,21.681,21.681,21.673,21.665,21.658,21.642,21.627,21.612,21.596,21.589,21.573,21.558,21.543,21.543,21.535,21.512,21.497,21.481,21.466,21.443,21.420,21.397,21.381,21.358,21.351,21.343,21.343,21.327,21.312,21.289,21.274,21.266,21.266,21.274,21.274,21.266,21.235,21.212,21.189,21.181,21.197,21.220,21.250,21.274,21.289,21.289,21.304,21.320,21.343,21.366,21.381,21.404,21.420,21.435,21.450,21.466,21.489,21.497,21.512,21.520,21.535,21.543,21.558,21.566,21.573,21.573,21.581,21.581,21.589,21.589,21.589,21.581,21.589,21.589,21.589,21.589,21.581,21.581,21.581,21.581,21.573,21.573
,23.895,23.933,23.850,23.745,23.670,23.640,23.595,23.535,23.489,23.467,23.422,23.346,23.301,23.286,23.278,23.203,23.142,23.120,23.120,23.112,23.082,23.044,23.021,23.014,22.999,22.984,22.961,22.946,22.923,22.908,22.900,22.885,22.878,22.870,22.862,22.855,22.847,22.840,22.840,22.832,22.832,22.824,22.817,22.809,22.802,22.787,22.787,22.771,22.764,22.756,22.756,22.749,22.741,22.733,22.718,22.718,22.733,22.771,22.771,22.771,22.787,22.832,22.878,22.847,22.862,22.961,23.188,23.309,23.505,23.828,24.374,24.873,25.385,25.953,26.707,27.333,27.833,28.179,28.287,28.531,28.689,28.725,28.775,28.861,28.968,29.090,29.168,29.275,29.382,29.474,29.503,29.553,29.617,29.680,29.737,29.794,29.851,29.900,29.957,29.999,30.035,30.063,30.091,30.127,30.162,30.197,30.212,30.233,30.254,30.275,30.296,30.317,30.346,30.374,30.409,30.437,30.473,30.508,30.564,30.627,30.677,30.712,30.754,30.796,30.831,30.859,30.866,30.873,30.895,30.916,30.923,30.916,30.909,30.902,30.902,30.909,30.909,30.909,30.895,30.881,30.866,30.859,30.873,30.888,30.895,30.895,30.881,30.873,30.866,30.866,30.838,30.810,30.782,30.747,30.649,30.606,30.571,30.536,30.458,30.395,30.353,30.332,30.296,30.204,30.127,30.091,30.120,30.098,30.049,29.985,29.971,29.964,29.971,29.971,29.978,29.992,30.014,30.028,30.028,30.028,30.021,30.006,29.992,29.971,29.950,29.922,29.907,29.900,29.886,29.858,29.815,29.787,29.758,29.723,29.688,29.659,29.638,29.624,29.624,29.624,29.631,29.638,29.638,29.638,29.638,29.624,29.602,29.581,29.560,29.531,29.496,29.496,29.517,29.545,29.567,29.524,29.489,29.474,29.446,29.410,29.368,29.311,29.225,29.154,29.090,29.011,28.882,28.832,28.789,28.711,28.574,28.395,28.359,28.395,27.992,27.348,26.912,26.678,26.210,25.584,24.836,24.053,23.535,23.384,23.286,23.158,22.984,22.847,22.771,22.764,22.771,22.756,22.726,22.696,22.642,22.597,22.597,22.627,22.627,22.612,22.589,22.559,22.551,22.551,22.544,22.528,22.521,22.513,22.506,22.498,22.498,22.498,22.498,22.498,22.498,22.490,22.483,22.475,22.468,22.452,22.437,22.422,22.414,22.407,22.399,22.384,22.384,22.369,22.361,22.346,22.346,22.330,22.323,22.308,22.292,22.277,22.262,22.247,22.239,22.231,22.224,22.209,22.193,22.186,22.170,22.155,22.132,22.117,22.094,22.079,22.063,22.056,22.041,22.025,22.018,22.010,22.002,21.987,21.972,21.956,21.949,21.941,21.934,21.926,21.926,21.918,21.911,21.903,21.895,21.895,21.895,21.895,21.888,21.880,21.880,21.872,21.865,21.849,21.849,21.834,21.826,21.826,21.826,21.826,21.826,21.819,21.819,21.819,21.819,21.819,21.826,21.842,21.849,21.849,21.842,21.826,21.819,21.819,21.834,21.865,21.888,21.895,21.895,21.880,21.865,21.842,21.834,21.819,21.803,21.803,21.803,21.819,21.834,21.826,21.819,21.803,21.780,21.757,21.750,21.742,21.734,21.734,21.727,21.719,21.719,21.719,21.719,21.719,21.719,21.719,21.711,21.711,21.704,21.704,21.696,21.688,21.681,21.681,21.681,21.681,21.673,21.665,21.658,21.642,21.635,21.612,21.604,21.589,21.573,21.558,21.550,21.543,21.535,21.520,21.497,21.481,21.466,21.443,21.420,21.404,21.381,21.358,21.351,21.343,21.335,21.327,21.304,21.289,21.274,21.258,21.258,21.266,21.266,21.258,21.235,21.204,21.181,21.173,21.181,21.204,21.235,21.258,21.274,21.281,21.289,21.312,21.335,21.351,21.374,21.397,21.412,21.427,21.443,21.458,21.481,21.489,21.497,21.512,21.527,21.535,21.543,21.550,21.558,21.566,21.573,21.573,21.573,21.573,21.573,21.581,21.581,21.581,21.581,21.581,21.573,21.573,21.566,21.566,21.566,21.566
,23.895,23.940,23.858,23.745,23.678,23.640,23.595,23.542,23.497,23.467,23.422,23.346,23.301,23.286,23.286,23.203,23.142,23.120,23.120,23.112,23.082,23.044,23.014,23.006,22.999,22.976,22.953,22.938,22.923,22.908,22.893,22.885,22.878,22.862,22.855,22.847,22.840,22.840,22.832,22.824,22.817,22.817,22.809,22.802,22.794,22.787,22.779,22.771,22.764,22.756,22.749,22.749,22.749,22.733,22.718,22.718,22.741,22.771,22.771,22.771,22.794,22.840,22.862,22.840,22.870,22.984,23.195,23.324,23.535,23.880,24.434,24.940,25.451,26.012,26.759,27.384,27.869,28.201,28.309,28.546,28.689,28.711,28.746,28.832,28.947,29.075,29.154,29.254,29.360,29.446,29.481,29.531,29.595,29.659,29.716,29.773,29.829,29.879,29.936,29.985,30.021,30.049,30.077,30.113,30.148,30.176,30.197,30.219,30.233,30.254,30.275,30.303,30.332,30.367,30.402,30.430,30.458,30.501,30.564,30.620,30.677,30.712,30.754,30.796,30.838,30.866,30.873,30.888,30.909,30.923,30.930,30.923,30.916,30.909,30.916,30.930,30.937,30.930,30.916,30.902,30.881,30.866,30.873,30.881,30.881,30.881,30.873,30.873,30.866,30.859,30.824,30.803,30.775,30.733,30.642,30.599,30.564,30.529,30.451,30.388,30.360,30.346,30.296,30.197,30.120,30.084,30.120,30.098,30.049,29.985,29.964,29.964,29.971,29.971,29.971,29.992,30.006,30.021,30.028,30.028,30.021,30.006,29.992,29.971,29.950,29.922,29.907,29.900,29.886,29.858,29.822,29.794,29.758,29.730,29.688,29.666,29.645,29.624,29.624,29.624,29.631,29.638,29.638,29.638,29.631,29.624,29.602,29.581,29.560,29.531,29.503,29.503,29.517,29.538,29.553,29.517,29.496,29.489,29.460,29.417,29.375,29.311,29.225,29.154,29.082,29.011,28.882,28.825,28.768,28.689,28.567,28.395,28.366,28.409,27.985,27.362,26.941,26.707,26.224,25.614,24.881,24.098,23.595,23.399,23.278,23.165,22.991,22.847,22.779,22.771,22.779,22.764,22.733,22.703,22.650,22.597,22.597,22.627,22.627,22.612,22.589,22.559,22.551,22.551,22.544,22.528,22.521,22.513,22.506,22.498,22.498,22.498,22.498,22.498,22.498,22.490,22.483,22.475,22.468,22.452,22.437,22.422,22.414,22.407,22.399,22.384,22.384,22.376,22.369,22.353,22.346,22.338,22.323,22.308,22.292,22.277,22.262,22.247,22.239,22.231,22.224,22.209,22.201,22.186,22.170,22.155,22.140,22.125,22.102,22.079,22.071,22.056,22.048,22.033,22.025,22.010,22.002,21.987,21.979,21.972,21.964,21.949,21.941,21.941,21.934,21.926,21.918,21.918,21.911,21.903,21.895,21.895,21.895,21.888,21.880,21.872,21.865,21.857,21.849,21.842,21.834,21.826,21.826,21.826,21.826,21.819,21.819,21.819,21.819,21.826,21.826,21.842,21.849,21.849,21.842,21.826,21.819,21.819,21.842,21.872,21.888,21.895,21.895,21.880,21.865,21.849,21.834,21.819,21.811,21.803,21.803,21.819,21.834,21.826,21.819,21.803,21.780,21.765,21.757,21.750,21.742,21.734,21.734,21.727,21.727,21.727,21.719,21.719,21.719,21.719,21.719,21.711,21.711,21.704,21.704,21.696,21.688,21.681,21.681,21.681,21.681,21.673,21.665,21.650,21.635,21.619,21.604,21.589,21.573,21.558,21.550,21.543,21.535,21.520,21.504,21.489,21.466,21.443,21.420,21.404,21.381,21.366,21.351,21.343,21.343,21.327,21.304,21.289,21.274,21.258,21.258,21.258,21.258,21.250,21.227,21.197,21.173,21.166,21.173,21.197,21.220,21.243,21.258,21.266,21.274,21.297,21.320,21.343,21.358,21.381,21.404,21.420,21.435,21.450,21.466,21.481,21.489,21.504,21.512,21.520,21.527,21.535,21.550,21.550,21.558,21.566,21.573,21.573,21.573,21.573,21.581,21.581,21.573,21.573,21.573,21.566,21.566,21.566,21.566,21.566
,23.895,23.955,23.880,23.760,23.685,23.655,23.610,23.557,23.512,23.482,23.422,23.354,23.309,23.286,23.286,23.210,23.142,23.112,23.120,23.105,23.082,23.044,23.014,22.999,22.991,22.968,22.953,22.938,22.923,22.908,22.893,22.885,22.878,22.862,22.855,22.847,22.840,22.832,22.832,22.817,22.817,22.809,22.794,22.794,22.787,22.779,22.771,22.771,22.764,22.756,22.749,22.749,22.749,22.741,22.726,22.726,22.741,22.771,22.764,22.771,22.802,22.847,22.855,22.832,22.870,22.999,23.203,23.346,23.572,23.940,24.501,25.015,25.525,26.078,26.817,27.428,27.912,28.244,28.345,28.560,28.682,28.689,28.725,28.811,28.932,29.061,29.147,29.247,29.339,29.417,29.460,29.510,29.567,29.631,29.695,29.744,29.801,29.858,29.914,29.964,29.999,30.028,30.063,30.098,30.134,30.162,30.190,30.204,30.226,30.240,30.268,30.296,30.324,30.353,30.388,30.416,30.451,30.487,30.550,30.613,30.663,30.705,30.754,30.796,30.838,30.866,30.873,30.895,30.916,30.930,30.937,30.930,30.923,30.916,30.930,30.944,30.951,30.951,30.937,30.909,30.888,30.873,30.873,30.873,30.873,30.866,30.859,30.866,30.866,30.852,30.824,30.796,30.761,30.719,30.635,30.599,30.564,30.515,30.444,30.388,30.367,30.353,30.303,30.197,30.120,30.084,30.120,30.098,30.049,29.985,29.964,29.964,29.971,29.971,29.971,29.985,29.999,30.014,30.021,30.014,30.014,30.006,29.985,29.971,29.950,29.922,29.907,29.893,29.879,29.858,29.822,29.801,29.766,29.730,29.702,29.673,29.652,29.638,29.638,29.638,29.638,29.631,29.631,29.624,29.624,29.617,29.602,29.581,29.560,29.538,29.510,29.510,29.524,29.531,29.524,29.503,29.503,29.503,29.474,29.432,29.382,29.311,29.218,29.147,29.090,29.018,28.890,28.818,28.754,28.660,28.481,28.409,28.424,28.416,27.985,27.399,26.992,26.751,26.254,25.658,24.933,24.150,23.655,23.414,23.271,23.173,23.014,22.862,22.779,22.771,22.787,22.771,22.749,22.718,22.658,22.635,22.627,22.635,22.627,22.604,22.582,22.559,22.551,22.551,22.544,22.528,22.521,22.513,22.506,22.498,22.498,22.498,22.498,22.498,22.498,22.490,22.490,22.475,22.468,22.452,22.437,22.422,22.414,22.407,22.399,22.384,22.384,22.376,22.369,22.353,22.346,22.338,22.323,22.308,22.292,22.277,22.262,22.247,22.239,22.231,22.224,22.209,22.193,22.186,22.170,22.155,22.140,22.125,22.102,22.086,22.071,22.063,22.048,22.033,22.025,22.010,22.002,21.987,21.979,21.979,21.972,21.964,21.949,21.949,21.941,21.934,21.926,21.926,21.918,21.911,21.903,21.903,21.895,21.888,21.880,21.872,21.865,21.857,21.849,21.849,21.842,21.842,21.826,21.826,21.826,21.826,21.826,21.826,21.826,21.834,21.842,21.849,21.849,21.849,21.842,21.826,21.819,21.826,21.842,21.872,21.888,21.895,21.895,21.880,21.865,21.849,21.834,21.819,21.811,21.803,21.803,21.819,21.834,21.826,21.819,21.803,21.780,21.765,21.757,21.757,21.750,21.750,21.742,21.734,21.734,21.734,21.727,21.727,21.727,21.719,21.719,21.719,21.711,21.704,21.704,21.696,21.688,21.688,21.688,21.688,21.681,21.673,21.665,21.658,21.642,21.627,21.612,21.589,21.573,21.558,21.550,21.550,21.543,21.527,21.512,21.489,21.474,21.450,21.427,21.404,21.389,21.374,21.358,21.351,21.343,21.327,21.312,21.289,21.274,21.258,21.258,21.258,21.258,21.243,21.220,21.197,21.181,21.166,21.173,21.189,21.204,21.227,21.235,21.250,21.266,21.289,21.312,21.335,21.351,21.374,21.397,21.412,21.427,21.443,21.466,21.474,21.489,21.497,21.512,21.512,21.520,21.527,21.535,21.543,21.550,21.558,21.566,21.566,21.566,21.566,21.573,21.573,21.573,21.566,21.566,21.558,21.558,21.558,21.558,21.558
,23.895,23.970,23.903,23.775,23.693,23.663,23.625,23.565,23.520,23.482,23.429,23.361,23.309,23.293,23.293,23.210,23.142,23.112,23.112,23.105,23.082,23.044,23.014,22.999,22.984,22.968,22.953,22.938,22.923,22.908,22.893,22.885,22.870,22.862,22.847,22.847,22.840,22.832,22.824,22.817,22.809,22.802,22.787,22.787,22.787,22.771,22.771,22.771,22.764,22.756,22.756,22.756,22.749,22.741,22.726,22.726,22.741,22.764,22.756,22.771,22.802,22.855,22.840,22.824,22.878,23.021,23.218,23.361,23.602,23.985,24.553,25.074,25.584,26.136,26.861,27.471,27.956,28.287,28.366,28.567,28.682,28.682,28.711,28.797,28.918,29.054,29.140,29.232,29.325,29.396,29.439,29.489,29.545,29.609,29.673,29.723,29.780,29.836,29.893,29.943,29.985,30.021,30.049,30.084,30.113,30.148,30.176,30.197,30.212,30.226,30.254,30.282,30.310,30.339,30.374,30.402,30.437,30.473,30.536,30.599,30.656,30.698,30.747,30.796,30.831,30.859,30.866,30.895,30.923,30.937,30.944,30.930,30.923,30.923,30.944,30.958,30.972,30.972,30.951,30.923,30.902,30.881,30.866,30.866,30.859,30.852,30.845,30.852,30.852,30.845,30.817,30.789,30.754,30.705,30.627,30.592,30.557,30.508,30.437,30.388,30.374,30.360,30.303,30.197,30.113,30.084,30.120,30.106,30.049,29.985,29.964,29.964,29.971,29.978,29.978,29.985,29.992,30.006,30.006,30.006,29.999,29.992,29.978,29.964,29.950,29.929,29.907,29.900,29.879,29.858,29.829,29.808,29.780,29.744,29.709,29.688,29.680,29.673,29.673,29.666,29.659,29.631,29.617,29.602,29.595,29.588,29.588,29.581,29.567,29.538,29.524,29.524,29.531,29.531,29.510,29.503,29.510,29.510,29.467,29.417,29.375,29.311,29.225,29.168,29.111,29.040,28.918,28.832,28.746,28.639,28.452,28.431,28.460,28.424,27.985,27.421,27.035,26.780,26.276,25.688,24.970,24.195,23.723,23.429,23.263,23.180,23.037,22.878,22.787,22.771,22.794,22.779,22.756,22.726,22.673,22.665,22.658,22.642,22.627,22.604,22.582,22.566,22.551,22.544,22.544,22.528,22.521,22.513,22.506,22.498,22.498,22.498,22.498,22.490,22.490,22.490,22.490,22.475,22.468,22.452,22.437,22.422,22.414,22.407,22.399,22.384,22.384,22.376,22.361,22.353,22.338,22.338,22.323,22.308,22.292,22.277,22.262,22.247,22.239,22.231,22.216,22.201,22.193,22.186,22.170,22.155,22.140,22.125,22.109,22.094,22.071,22.063,22.056,22.041,22.025,22.010,22.002,21.995,21.987,21.979,21.979,21.972,21.964,21.956,21.949,21.941,21.934,21.926,21.926,21.918,21.911,21.903,21.895,21.888,21.880,21.872,21.872,21.865,21.857,21.857,21.857,21.849,21.842,21.834,21.834,21.826,21.826,21.834,21.842,21.842,21.849,21.857,21.857,21.857,21.842,21.834,21.826,21.826,21.849,21.872,21.888,21.895,21.895,21.880,21.865,21.849,21.834,21.826,21.811,21.803,21.803,21.819,21.826,21.826,21.819,21.803,21.788,21.773,21.765,21.757,21.757,21.757,21.750,21.742,21.742,21.742,21.734,21.734,21.727,21.719,21.719,21.719,21.719,21.711,21.704,21.696,21.688,21.688,21.688,21.688,21.681,21.673,21.673,21.658,21.642,21.627,21.612,21.596,21.581,21.566,21.558,21.550,21.543,21.535,21.512,21.497,21.481,21.458,21.435,21.412,21.397,21.381,21.358,21.351,21.343,21.335,21.312,21.297,21.281,21.258,21.258,21.258,21.250,21.243,21.220,21.197,21.181,21.173,21.173,21.181,21.197,21.212,21.220,21.235,21.250,21.281,21.304,21.327,21.351,21.374,21.397,21.404,21.420,21.443,21.458,21.466,21.481,21.489,21.504,21.504,21.504,21.512,21.527,21.535,21.543,21.550,21.558,21.558,21.558,21.558,21.566,21.566,21.566,21.566,21.558,21.558,21.550,21.550,21.550,21.550
,23.895,23.993,23.918,23.790,23.693,23.663,23.625,23.572,23.527,23.489,23.437,23.361,23.309,23.293,23.301,23.218,23.150,23.105,23.105,23.105,23.082,23.044,23.014,22.999,22.984,22.968,22.953,22.938,22.923,22.908,22.893,22.878,22.870,22.855,22.847,22.840,22.840,22.832,22.824,22.809,22.802,22.794,22.787,22.787,22.779,22.771,22.771,22.771,22.764,22.764,22.764,22.764,22.756,22.741,22.733,22.733,22.741,22.756,22.749,22.764,22.809,22.855,22.832,22.817,22.885,23.044,23.226,23.369,23.617,24.008,24.591,25.118,25.629,26.166,26.875,27.500,27.992,28.323,28.381,28.567,28.668,28.668,28.696,28.789,28.911,29.047,29.125,29.218,29.311,29.382,29.417,29.467,29.531,29.595,29.652,29.709,29.766,29.815,29.879,29.929,29.971,30.006,30.035,30.070,30.098,30.127,30.162,30.183,30.197,30.212,30.240,30.268,30.296,30.324,30.360,30.388,30.423,30.458,30.515,30.578,30.642,30.691,30.733,30.789,30.831,30.859,30.859,30.895,30.923,30.944,30.944,30.937,30.923,30.930,30.951,30.972,30.986,30.986,30.965,30.937,30.909,30.881,30.859,30.852,30.838,30.831,30.831,30.838,30.845,30.838,30.810,30.775,30.740,30.684,30.613,30.585,30.550,30.501,30.423,30.388,30.381,30.367,30.303,30.197,30.120,30.084,30.127,30.106,30.049,29.985,29.964,29.971,29.978,29.971,29.971,29.978,29.985,29.992,29.992,29.992,29.992,29.985,29.978,29.964,29.943,29.929,29.914,29.900,29.886,29.858,29.829,29.815,29.787,29.751,29.723,29.709,29.709,29.723,29.723,29.716,29.688,29.631,29.588,29.560,29.545,29.553,29.574,29.574,29.567,29.545,29.538,29.538,29.538,29.538,29.510,29.510,29.517,29.503,29.446,29.396,29.353,29.318,29.239,29.197,29.140,29.054,28.961,28.854,28.746,28.639,28.474,28.438,28.452,28.409,27.970,27.435,27.057,26.802,26.283,25.702,25.000,24.232,23.768,23.437,23.256,23.188,23.059,22.893,22.794,22.779,22.809,22.787,22.756,22.733,22.688,22.680,22.665,22.650,22.620,22.604,22.582,22.566,22.551,22.544,22.536,22.528,22.521,22.506,22.498,22.490,22.490,22.490,22.490,22.490,22.490,22.490,22.483,22.475,22.468,22.452,22.437,22.422,22.414,22.407,22.399,22.384,22.384,22.369,22.361,22.346,22.338,22.330,22.323,22.308,22.292,22.277,22.262,22.247,22.239,22.224,22.216,22.201,22.193,22.186,22.170,22.155,22.147,22.132,22.117,22.094,22.079,22.071,22.063,22.041,22.025,22.010,22.002,22.002,21.995,21.995,21.987,21.987,21.972,21.964,21.956,21.949,21.941,21.941,21.934,21.926,21.918,21.911,21.903,21.895,21.888,21.880,21.872,21.872,21.865,21.865,21.865,21.865,21.849,21.842,21.842,21.842,21.842,21.842,21.849,21.857,21.857,21.857,21.865,21.865,21.857,21.842,21.834,21.834,21.849,21.872,21.888,21.895,21.895,21.888,21.865,21.849,21.842,21.826,21.819,21.811,21.811,21.819,21.826,21.826,21.819,21.803,21.788,21.773,21.773,21.765,21.765,21.757,21.757,21.757,21.750,21.750,21.742,21.734,21.727,21.727,21.727,21.727,21.719,21.711,21.711,21.696,21.688,21.688,21.688,21.688,21.681,21.673,21.673,21.658,21.642,21.627,21.612,21.596,21.581,21.566,21.558,21.558,21.550,21.535,21.520,21.504,21.489,21.466,21.443,21.420,21.397,21.381,21.366,21.358,21.351,21.335,21.320,21.304,21.281,21.258,21.258,21.250,21.250,21.235,21.220,21.204,21.189,21.173,21.173,21.173,21.181,21.197,21.212,21.227,21.243,21.274,21.297,21.320,21.343,21.366,21.389,21.404,21.412,21.435,21.450,21.466,21.474,21.481,21.489,21.489,21.497,21.504,21.512,21.527,21.535,21.543,21.550,21.550,21.550,21.558,21.558,21.558,21.558,21.550,21.550,21.550,21.550,21.543,21.543,21.543
,23.888,24.008,23.940,23.798,23.700,23.663,23.632,23.580,23.535,23.489,23.444,23.376,23.316,23.301,23.309,23.241,23.165,23.105,23.097,23.097,23.074,23.044,23.014,22.999,22.984,22.968,22.953,22.938,22.923,22.908,22.893,22.878,22.862,22.847,22.840,22.840,22.832,22.824,22.817,22.809,22.802,22.787,22.787,22.787,22.779,22.771,22.771,22.771,22.764,22.764,22.764,22.764,22.756,22.749,22.741,22.733,22.741,22.756,22.741,22.764,22.817,22.862,22.832,22.824,22.900,23.059,23.241,23.384,23.632,24.023,24.621,25.155,25.658,26.180,26.883,27.515,28.021,28.359,28.395,28.567,28.653,28.653,28.689,28.775,28.897,29.040,29.118,29.204,29.289,29.360,29.403,29.453,29.517,29.581,29.638,29.688,29.744,29.801,29.858,29.907,29.950,29.992,30.021,30.056,30.084,30.120,30.155,30.176,30.190,30.204,30.219,30.254,30.282,30.317,30.346,30.381,30.409,30.451,30.508,30.571,30.627,30.684,30.740,30.789,30.831,30.859,30.859,30.888,30.916,30.937,30.944,30.930,30.923,30.930,30.958,30.986,31.007,31.007,30.986,30.951,30.916,30.881,30.852,30.838,30.824,30.810,30.810,30.824,30.831,30.817,30.796,30.761,30.719,30.663,30.599,30.578,30.543,30.494,30.416,30.388,30.381,30.374,30.303,30.197,30.120,30.091,30.127,30.106,30.049,29.985,29.971,29.971,29.978,29.971,29.971,29.971,29.978,29.985,29.985,29.985,29.978,29.978,29.964,29.957,29.943,29.929,29.922,29.907,29.893,29.872,29.844,29.822,29.794,29.766,29.730,29.716,29.723,29.737,29.730,29.723,29.688,29.631,29.581,29.553,29.531,29.531,29.560,29.567,29.560,29.545,29.538,29.545,29.545,29.545,29.517,29.517,29.517,29.503,29.432,29.382,29.339,29.311,29.239,29.197,29.140,29.061,28.961,28.847,28.746,28.639,28.481,28.424,28.424,28.373,27.949,27.457,27.079,26.802,26.290,25.702,24.992,24.240,23.783,23.429,23.248,23.188,23.067,22.908,22.809,22.794,22.809,22.787,22.756,22.733,22.688,22.680,22.673,22.642,22.612,22.597,22.589,22.574,22.559,22.544,22.528,22.521,22.506,22.498,22.490,22.490,22.490,22.490,22.490,22.490,22.490,22.490,22.483,22.475,22.468,22.452,22.437,22.422,22.414,22.407,22.399,22.384,22.384,22.369,22.361,22.346,22.338,22.330,22.315,22.300,22.285,22.270,22.262,22.247,22.239,22.224,22.216,22.201,22.193,22.186,22.178,22.163,22.147,22.132,22.117,22.102,22.086,22.079,22.063,22.048,22.033,22.025,22.018,22.002,22.002,21.995,21.995,21.995,21.987,21.979,21.972,21.956,21.949,21.949,21.941,21.934,21.926,21.918,21.911,21.895,21.895,21.888,21.880,21.872,21.872,21.872,21.872,21.872,21.865,21.857,21.849,21.849,21.849,21.849,21.857,21.857,21.857,21.865,21.865,21.865,21.865,21.857,21.849,21.849,21.865,21.880,21.895,21.895,21.895,21.880,21.872,21.857,21.842,21.834,21.826,21.811,21.811,21.819,21.826,21.819,21.811,21.796,21.788,21.773,21.773,21.765,21.765,21.757,21.757,21.757,21.750,21.750,21.750,21.742,21.734,21.727,21.727,21.727,21.719,21.711,21.711,21.696,21.688,21.688,21.688,21.688,21.681,21.673,21.665,21.650,21.642,21.619,21.604,21.589,21.581,21.566,21.566,21.558,21.558,21.543,21.527,21.512,21.489,21.474,21.443,21.427,21.404,21.381,21.374,21.366,21.358,21.343,21.320,21.304,21.281,21.266,21.258,21.250,21.243,21.227,21.220,21.204,21.189,21.181,21.173,21.173,21.173,21.189,21.197,21.220,21.243,21.274,21.297,21.312,21.327,21.351,21.374,21.389,21.404,21.420,21.435,21.450,21.466,21.474,21.481,21.489,21.497,21.504,21.512,21.520,21.527,21.535,21.543,21.543,21.550,21.558,21.558,21.558,21.550,21.550,21.550,21.543,21.543,21.543,21.543,21.543
,23.873,24.008,23.948,23.805,23.708,23.670,23.640,23.595,23.542,23.497,23.452,23.384,23.331,23.301,23.316,23.248,23.173,23.112,23.097,23.097,23.074,23.052,23.021,23.014,22.991,22.976,22.953,22.938,22.923,22.908,22.885,22.878,22.862,22.847,22.840,22.832,22.824,22.817,22.809,22.802,22.794,22.787,22.787,22.787,22.779,22.779,22.771,22.771,22.771,22.771,22.764,22.764,22.764,22.749,22.741,22.733,22.741,22.749,22.733,22.764,22.817,22.870,22.840,22.832,22.915,23.089,23.263,23.414,23.655,24.045,24.658,25.200,25.695,26.210,26.904,27.551,28.064,28.402,28.416,28.553,28.632,28.639,28.675,28.768,28.882,29.011,29.104,29.189,29.268,29.339,29.389,29.432,29.496,29.560,29.617,29.666,29.723,29.780,29.836,29.893,29.936,29.971,30.006,30.042,30.077,30.113,30.148,30.176,30.190,30.197,30.219,30.247,30.282,30.310,30.346,30.374,30.409,30.444,30.508,30.571,30.627,30.684,30.747,30.796,30.831,30.859,30.859,30.888,30.916,30.930,30.937,30.923,30.916,30.930,30.958,30.993,31.014,31.014,30.993,30.958,30.916,30.881,30.852,30.824,30.803,30.789,30.789,30.803,30.810,30.803,30.775,30.747,30.705,30.642,30.592,30.571,30.543,30.487,30.416,30.388,30.388,30.374,30.303,30.197,30.127,30.098,30.127,30.106,30.049,29.992,29.978,29.978,29.978,29.978,29.971,29.971,29.978,29.978,29.978,29.971,29.971,29.964,29.957,29.957,29.950,29.936,29.922,29.914,29.900,29.879,29.851,29.829,29.801,29.766,29.730,29.716,29.723,29.737,29.737,29.716,29.680,29.631,29.581,29.553,29.538,29.531,29.560,29.567,29.560,29.545,29.531,29.545,29.553,29.545,29.517,29.517,29.517,29.496,29.432,29.368,29.332,29.304,29.239,29.197,29.140,29.054,28.954,28.839,28.739,28.632,28.481,28.416,28.402,28.345,27.934,27.457,27.094,26.802,26.290,25.695,24.992,24.247,23.790,23.429,23.241,23.180,23.074,22.915,22.817,22.802,22.817,22.787,22.756,22.733,22.688,22.680,22.665,22.635,22.612,22.597,22.589,22.582,22.559,22.544,22.528,22.513,22.498,22.490,22.483,22.483,22.483,22.483,22.483,22.490,22.490,22.483,22.483,22.475,22.468,22.452,22.445,22.429,22.414,22.414,22.399,22.384,22.376,22.369,22.361,22.346,22.330,22.323,22.315,22.300,22.285,22.270,22.262,22.247,22.239,22.224,22.216,22.201,22.193,22.193,22.178,22.163,22.147,22.140,22.125,22.109,22.094,22.086,22.071,22.056,22.041,22.033,22.025,22.018,22.002,22.002,22.002,21.995,21.987,21.987,21.972,21.964,21.956,21.949,21.949,21.934,21.926,21.918,21.911,21.903,21.895,21.888,21.888,21.880,21.880,21.880,21.880,21.880,21.872,21.865,21.865,21.865,21.865,21.865,21.865,21.865,21.865,21.872,21.872,21.872,21.872,21.865,21.865,21.865,21.872,21.888,21.895,21.895,21.895,21.880,21.872,21.857,21.842,21.842,21.834,21.826,21.819,21.819,21.819,21.819,21.811,21.796,21.788,21.780,21.773,21.773,21.765,21.765,21.765,21.757,21.757,21.750,21.750,21.742,21.742,21.734,21.727,21.727,21.719,21.711,21.704,21.696,21.688,21.688,21.688,21.688,21.681,21.673,21.658,21.650,21.635,21.619,21.604,21.589,21.581,21.566,21.566,21.566,21.558,21.543,21.527,21.512,21.497,21.474,21.450,21.427,21.404,21.381,21.374,21.366,21.358,21.343,21.320,21.304,21.281,21.266,21.258,21.250,21.243,21.227,21.212,21.204,21.197,21.181,21.173,21.173,21.173,21.189,21.197,21.220,21.243,21.274,21.297,21.312,21.327,21.351,21.366,21.389,21.404,21.420,21.435,21.443,21.458,21.466,21.481,21.489,21.497,21.504,21.512,21.520,21.527,21.535,21.535,21.543,21.550,21.550,21.550,21.550,21.550,21.543,21.543,21.543,21.535,21.535,21.535,21.535
,23.873,24.008,23.948,23.805,23.715,23.670,23.648,23.602,23.550,23.489,23.459,23.399,23.339,23.301,23.316,23.248,23.173,23.112,23.097,23.097,23.082,23.052,23.029,23.014,22.999,22.976,22.953,22.938,22.923,22.900,22.885,22.870,22.862,22.847,22.840,22.832,22.824,22.817,22.802,22.802,22.794,22.794,22.794,22.787,22.787,22.779,22.779,22.779,22.779,22.771,22.771,22.771,22.764,22.756,22.741,22.733,22.733,22.733,22.718,22.756,22.817,22.878,22.855,22.855,22.938,23.112,23.293,23.444,23.685,24.060,24.702,25.244,25.747,26.246,26.926,27.594,28.122,28.452,28.431,28.546,28.610,28.617,28.660,28.746,28.868,28.997,29.082,29.168,29.247,29.318,29.368,29.410,29.474,29.538,29.602,29.652,29.709,29.766,29.822,29.879,29.922,29.964,29.999,30.035,30.070,30.106,30.141,30.169,30.190,30.197,30.212,30.247,30.275,30.310,30.339,30.374,30.402,30.444,30.501,30.564,30.627,30.684,30.747,30.796,30.831,30.859,30.859,30.881,30.909,30.923,30.923,30.916,30.909,30.916,30.951,30.993,31.014,31.021,31.000,30.965,30.923,30.881,30.845,30.817,30.789,30.768,30.768,30.789,30.796,30.782,30.761,30.733,30.684,30.635,30.592,30.564,30.536,30.487,30.416,30.395,30.388,30.381,30.303,30.197,30.134,30.113,30.134,30.106,30.056,29.992,29.978,29.985,29.985,29.978,29.971,29.971,29.971,29.971,29.964,29.964,29.957,29.950,29.950,29.950,29.950,29.936,29.929,29.922,29.900,29.879,29.858,29.829,29.801,29.773,29.737,29.723,29.730,29.744,29.730,29.709,29.673,29.624,29.588,29.560,29.545,29.531,29.560,29.567,29.553,29.538,29.524,29.538,29.553,29.545,29.517,29.503,29.496,29.496,29.425,29.368,29.325,29.304,29.232,29.189,29.132,29.054,28.947,28.832,28.725,28.625,28.474,28.402,28.373,28.316,27.927,27.464,27.094,26.795,26.283,25.680,24.985,24.247,23.798,23.437,23.233,23.173,23.074,22.923,22.824,22.802,22.817,22.787,22.756,22.733,22.688,22.680,22.665,22.635,22.612,22.597,22.589,22.582,22.559,22.536,22.521,22.498,22.483,22.475,22.475,22.475,22.468,22.475,22.475,22.483,22.483,22.475,22.475,22.468,22.460,22.452,22.445,22.429,22.422,22.414,22.399,22.384,22.369,22.369,22.353,22.338,22.323,22.323,22.308,22.292,22.277,22.270,22.254,22.247,22.231,22.224,22.216,22.201,22.201,22.193,22.186,22.170,22.155,22.140,22.132,22.117,22.094,22.086,22.079,22.063,22.041,22.033,22.033,22.025,22.010,22.010,22.010,22.002,21.995,21.987,21.979,21.972,21.956,21.956,21.949,21.941,21.926,21.918,21.918,21.911,21.895,21.895,21.895,21.888,21.888,21.888,21.888,21.888,21.880,21.880,21.872,21.872,21.872,21.872,21.872,21.872,21.872,21.880,21.880,21.880,21.880,21.880,21.872,21.872,21.880,21.895,21.903,21.895,21.895,21.880,21.872,21.857,21.849,21.842,21.842,21.834,21.826,21.819,21.819,21.811,21.803,21.796,21.788,21.780,21.780,21.773,21.765,21.757,21.757,21.757,21.757,21.750,21.750,21.750,21.742,21.734,21.727,21.719,21.719,21.704,21.704,21.696,21.688,21.681,21.681,21.681,21.681,21.665,21.650,21.642,21.627,21.612,21.596,21.589,21.581,21.573,21.566,21.566,21.558,21.550,21.527,21.520,21.504,21.481,21.450,21.427,21.404,21.389,21.374,21.366,21.358,21.343,21.320,21.304,21.289,21.266,21.258,21.250,21.243,21.235,21.212,21.204,21.197,21.189,21.181,21.173,21.173,21.189,21.204,21.220,21.250,21.274,21.297,21.312,21.320,21.343,21.366,21.381,21.397,21.420,21.435,21.443,21.450,21.458,21.474,21.489,21.497,21.512,21.520,21.520,21.527,21.527,21.535,21.543,21.543,21.543,21.543,21.550,21.543,21.543,21.543,21.535,21.535,21.535,21.535,21.535
,23.880,24.008,23.933,23.805,23.715,23.678,23.648,23.602,23.550,23.489,23.452,23.399,23.339,23.293,23.293,23.241,23.173,23.112,23.097,23.097,23.082,23.059,23.029,23.014,22.999,22.984,22.961,22.938,22.915,22.900,22.885,22.870,22.862,22.847,22.840,22.824,22.817,22.809,22.802,22.802,22.794,22.787,22.787,22.787,22.779,22.779,22.779,22.779,22.779,22.771,22.771,22.771,22.764,22.756,22.741,22.733,22.726,22.718,22.711,22.741,22.809,22.878,22.878,22.878,22.961,23.127,23.331,23.489,23.715,24.083,24.747,25.296,25.791,26.290,26.963,27.638,28.179,28.503,28.445,28.531,28.589,28.596,28.639,28.725,28.847,28.975,29.068,29.154,29.225,29.289,29.339,29.389,29.453,29.517,29.581,29.631,29.688,29.744,29.808,29.858,29.914,29.957,29.992,30.028,30.063,30.098,30.141,30.169,30.183,30.197,30.212,30.240,30.275,30.303,30.339,30.367,30.395,30.437,30.494,30.557,30.620,30.684,30.740,30.796,30.831,30.852,30.852,30.873,30.895,30.909,30.909,30.895,30.895,30.902,30.937,30.986,31.014,31.021,31.007,30.972,30.930,30.888,30.845,30.810,30.775,30.754,30.754,30.768,30.775,30.768,30.747,30.712,30.670,30.620,30.585,30.564,30.529,30.480,30.416,30.395,30.388,30.388,30.303,30.204,30.134,30.113,30.141,30.113,30.056,29.992,29.985,29.985,29.985,29.978,29.971,29.964,29.964,29.964,29.950,29.950,29.943,29.936,29.943,29.943,29.943,29.936,29.936,29.922,29.907,29.886,29.858,29.836,29.815,29.780,29.751,29.744,29.744,29.758,29.730,29.709,29.666,29.624,29.588,29.567,29.545,29.531,29.553,29.553,29.545,29.531,29.524,29.545,29.560,29.553,29.517,29.481,29.481,29.496,29.425,29.368,29.325,29.304,29.239,29.189,29.125,29.047,28.947,28.825,28.718,28.617,28.467,28.381,28.345,28.287,27.920,27.464,27.094,26.780,26.268,25.673,24.977,24.247,23.798,23.437,23.233,23.158,23.067,22.923,22.832,22.809,22.817,22.787,22.756,22.741,22.696,22.688,22.665,22.635,22.604,22.604,22.597,22.582,22.559,22.536,22.513,22.490,22.475,22.468,22.460,22.460,22.452,22.460,22.468,22.468,22.468,22.468,22.468,22.460,22.460,22.452,22.445,22.429,22.422,22.407,22.399,22.384,22.369,22.361,22.346,22.330,22.323,22.315,22.300,22.285,22.277,22.262,22.254,22.239,22.231,22.224,22.216,22.201,22.201,22.193,22.186,22.170,22.155,22.147,22.132,22.117,22.102,22.086,22.079,22.063,22.048,22.041,22.033,22.025,22.018,22.018,22.010,22.002,22.002,21.995,21.987,21.979,21.972,21.964,21.956,21.949,21.934,21.926,21.918,21.918,21.911,21.903,21.895,21.895,21.895,21.895,21.895,21.895,21.895,21.888,21.888,21.888,21.888,21.880,21.880,21.880,21.888,21.888,21.888,21.895,21.895,21.888,21.888,21.888,21.895,21.895,21.903,21.895,21.895,21.880,21.872,21.857,21.857,21.849,21.842,21.834,21.826,21.819,21.811,21.803,21.803,21.796,21.788,21.780,21.780,21.773,21.765,21.765,21.757,21.757,21.750,21.750,21.750,21.742,21.742,21.734,21.727,21.719,21.711,21.704,21.704,21.696,21.688,21.681,21.681,21.681,21.673,21.665,21.650,21.635,21.619,21.604,21.596,21.589,21.581,21.573,21.573,21.566,21.558,21.550,21.535,21.527,21.512,21.489,21.458,21.435,21.412,21.389,21.381,21.374,21.366,21.351,21.327,21.312,21.289,21.266,21.258,21.250,21.243,21.235,21.220,21.204,21.197,21.189,21.189,21.181,21.181,21.189,21.204,21.227,21.250,21.274,21.297,21.304,21.320,21.335,21.358,21.374,21.389,21.412,21.427,21.435,21.443,21.458,21.474,21.489,21.497,21.512,21.520,21.520,21.520,21.527,21.527,21.535,21.535,21.543,21.543,21.543,21.543,21.543,21.543,21.535,21.535,21.535,21.535,21.535
,23.933,24.000,23.880,23.775,23.700,23.670,23.625,23.580,23.527,23.474,23.422,23.376,23.324,23.278,23.248,23.210,23.165,23.120,23.105,23.097,23.082,23.059,23.029,23.014,22.999,22.984,22.953,22.938,22.915,22.893,22.878,22.870,22.862,22.847,22.840,22.824,22.817,22.809,22.802,22.802,22.794,22.787,22.787,22.787,22.779,22.779,22.779,22.779,22.779,22.771,22.771,22.771,22.764,22.756,22.749,22.741,22.733,22.718,22.703,22.741,22.809,22.885,22.900,22.908,22.984,23.150,23.369,23.520,23.745,24.113,24.784,25.326,25.820,26.312,26.985,27.674,28.215,28.524,28.452,28.510,28.560,28.582,28.617,28.703,28.818,28.954,29.054,29.132,29.204,29.268,29.325,29.375,29.432,29.503,29.567,29.617,29.673,29.723,29.787,29.844,29.900,29.950,29.985,30.014,30.056,30.098,30.134,30.162,30.183,30.197,30.204,30.233,30.261,30.296,30.324,30.353,30.381,30.416,30.480,30.543,30.606,30.670,30.733,30.789,30.831,30.852,30.852,30.873,30.888,30.895,30.895,30.881,30.873,30.888,30.930,30.979,31.014,31.028,31.014,30.979,30.937,30.888,30.845,30.803,30.768,30.740,30.740,30.754,30.761,30.747,30.726,30.691,30.656,30.606,30.578,30.557,30.522,30.466,30.409,30.395,30.395,30.388,30.303,30.204,30.141,30.127,30.141,30.113,30.056,29.992,29.985,29.985,29.985,29.971,29.957,29.957,29.950,29.950,29.943,29.936,29.929,29.929,29.936,29.936,29.943,29.936,29.936,29.922,29.907,29.886,29.872,29.851,29.829,29.801,29.780,29.766,29.773,29.780,29.751,29.709,29.666,29.617,29.595,29.567,29.538,29.510,29.531,29.538,29.531,29.524,29.524,29.545,29.567,29.560,29.524,29.481,29.474,29.489,29.417,29.360,29.325,29.296,29.239,29.182,29.125,29.054,28.947,28.825,28.711,28.603,28.445,28.352,28.316,28.273,27.912,27.457,27.079,26.766,26.254,25.651,24.955,24.240,23.790,23.444,23.233,23.150,23.067,22.931,22.840,22.817,22.817,22.787,22.756,22.741,22.696,22.688,22.673,22.635,22.612,22.604,22.597,22.589,22.559,22.536,22.513,22.490,22.468,22.460,22.452,22.452,22.445,22.445,22.452,22.460,22.460,22.460,22.460,22.460,22.452,22.445,22.437,22.422,22.414,22.399,22.391,22.369,22.361,22.346,22.338,22.323,22.315,22.308,22.300,22.285,22.270,22.262,22.247,22.231,22.231,22.224,22.216,22.201,22.201,22.193,22.186,22.170,22.163,22.147,22.132,22.109,22.102,22.086,22.079,22.063,22.056,22.041,22.033,22.025,22.025,22.018,22.010,22.002,22.002,22.002,21.995,21.987,21.979,21.979,21.972,21.956,21.949,21.941,21.934,21.926,21.918,21.911,21.903,21.903,21.895,21.895,21.895,21.895,21.895,21.888,21.888,21.888,21.888,21.888,21.888,21.888,21.888,21.895,21.903,21.903,21.903,21.903,21.895,21.895,21.903,21.903,21.903,21.903,21.895,21.880,21.872,21.857,21.857,21.849,21.842,21.834,21.826,21.819,21.811,21.803,21.803,21.796,21.788,21.788,21.780,21.773,21.773,21.765,21.765,21.757,21.750,21.750,21.750,21.742,21.742,21.734,21.734,21.727,21.719,21.711,21.704,21.696,21.688,21.681,21.681,21.681,21.673,21.658,21.650,21.635,21.627,21.612,21.604,21.596,21.589,21.573,21.573,21.573,21.573,21.558,21.550,21.535,21.520,21.497,21.466,21.443,21.420,21.397,21.389,21.381,21.374,21.358,21.335,21.320,21.297,21.274,21.258,21.250,21.250,21.235,21.227,21.212,21.204,21.197,21.189,21.181,21.181,21.197,21.204,21.227,21.250,21.274,21.289,21.297,21.312,21.327,21.351,21.366,21.381,21.397,21.420,21.427,21.443,21.458,21.474,21.489,21.497,21.512,21.512,21.520,21.520,21.527,21.527,21.535,21.535,21.543,21.543,21.543,21.543,21.543,21.543,21.535,21.535,21.535,21.535,21.535
,23.948,23.993,23.850,23.753,23.693,23.663,23.610,23.565,23.512,23.459,23.414,23.369,23.324,23.271,23.241,23.210,23.165,23.120,23.105,23.097,23.082,23.052,23.029,23.014,22.999,22.976,22.953,22.938,22.915,22.893,22.878,22.870,22.862,22.847,22.840,22.832,22.824,22.809,22.802,22.802,22.794,22.787,22.787,22.779,22.779,22.771,22.771,22.771,22.771,22.771,22.771,22.764,22.764,22.756,22.756,22.756,22.741,22.726,22.711,22.749,22.809,22.885,22.923,22.931,22.999,23.150,23.392,23.550,23.760,24.120,24.792,25.333,25.828,26.320,26.992,27.696,28.237,28.531,28.452,28.495,28.546,28.567,28.603,28.682,28.797,28.932,29.040,29.118,29.182,29.247,29.304,29.353,29.410,29.481,29.545,29.602,29.652,29.709,29.773,29.829,29.879,29.936,29.971,30.006,30.049,30.084,30.120,30.155,30.176,30.190,30.204,30.226,30.254,30.289,30.317,30.346,30.374,30.409,30.466,30.529,30.599,30.663,30.726,30.775,30.817,30.838,30.852,30.866,30.873,30.881,30.881,30.866,30.859,30.873,30.916,30.965,31.007,31.028,31.014,30.986,30.944,30.902,30.852,30.803,30.761,30.733,30.733,30.747,30.754,30.733,30.705,30.670,30.635,30.599,30.578,30.557,30.515,30.466,30.402,30.395,30.395,30.388,30.303,30.204,30.141,30.127,30.141,30.106,30.049,29.992,29.985,29.985,29.978,29.964,29.950,29.943,29.943,29.943,29.929,29.929,29.922,29.922,29.929,29.936,29.936,29.936,29.929,29.922,29.907,29.886,29.872,29.872,29.858,29.836,29.808,29.801,29.801,29.808,29.766,29.716,29.659,29.617,29.595,29.567,29.531,29.496,29.517,29.517,29.517,29.510,29.517,29.553,29.574,29.574,29.517,29.481,29.474,29.489,29.417,29.353,29.318,29.296,29.232,29.175,29.118,29.047,28.947,28.825,28.703,28.589,28.431,28.330,28.287,28.237,27.905,27.435,27.057,26.744,26.224,25.614,24.926,24.225,23.790,23.452,23.241,23.135,23.059,22.923,22.840,22.832,22.832,22.794,22.764,22.741,22.696,22.688,22.673,22.642,22.612,22.604,22.597,22.582,22.559,22.536,22.513,22.490,22.468,22.452,22.452,22.445,22.437,22.437,22.445,22.445,22.445,22.452,22.452,22.452,22.445,22.437,22.429,22.422,22.407,22.399,22.384,22.369,22.353,22.338,22.330,22.315,22.308,22.300,22.292,22.285,22.270,22.254,22.247,22.231,22.224,22.216,22.209,22.201,22.201,22.193,22.186,22.178,22.163,22.147,22.125,22.109,22.094,22.086,22.079,22.063,22.048,22.041,22.033,22.025,22.018,22.018,22.010,22.010,22.010,22.002,22.002,21.995,21.987,21.987,21.979,21.972,21.956,21.949,21.941,21.941,21.926,21.918,21.918,21.911,21.903,21.903,21.895,21.895,21.895,21.895,21.895,21.895,21.895,21.895,21.895,21.895,21.903,21.903,21.911,21.918,21.918,21.911,21.911,21.903,21.911,21.911,21.911,21.911,21.895,21.888,21.872,21.857,21.857,21.849,21.842,21.834,21.826,21.819,21.811,21.803,21.803,21.796,21.788,21.788,21.780,21.780,21.773,21.765,21.757,21.757,21.750,21.742,21.742,21.742,21.734,21.734,21.734,21.727,21.719,21.711,21.704,21.696,21.688,21.681,21.681,21.673,21.665,21.658,21.650,21.642,21.627,21.619,21.604,21.604,21.589,21.581,21.581,21.581,21.573,21.566,21.550,21.543,21.527,21.504,21.474,21.450,21.420,21.397,21.389,21.381,21.374,21.366,21.343,21.320,21.297,21.274,21.258,21.258,21.250,21.243,21.227,21.220,21.212,21.197,21.189,21.189,21.189,21.197,21.212,21.227,21.250,21.274,21.289,21.297,21.304,21.320,21.343,21.358,21.374,21.389,21.412,21.427,21.443,21.458,21.474,21.489,21.497,21.504,21.512,21.512,21.520,21.520,21.527,21.527,21.535,21.543,21.543,21.543,21.543,21.543,21.543,21.535,21.535,21.535,21.535,21.535
,23.940,23.985,23.835,23.745,23.693,23.663,23.610,23.557,23.512,23.459,23.414,23.369,23.316,23.271,23.233,23.203,23.165,23.120,23.105,23.097,23.074,23.052,23.029,23.014,22.999,22.976,22.953,22.938,22.915,22.900,22.878,22.870,22.862,22.847,22.840,22.832,22.824,22.817,22.809,22.802,22.794,22.787,22.779,22.779,22.771,22.764,22.764,22.764,22.764,22.764,22.764,22.764,22.764,22.764,22.764,22.764,22.756,22.741,22.726,22.749,22.817,22.893,22.953,22.961,23.014,23.150,23.414,23.580,23.783,24.113,24.784,25.333,25.828,26.327,27.006,27.703,28.244,28.546,28.452,28.488,28.531,28.560,28.589,28.660,28.775,28.918,29.025,29.097,29.168,29.225,29.282,29.332,29.389,29.460,29.531,29.588,29.638,29.688,29.751,29.808,29.872,29.922,29.964,29.999,30.035,30.077,30.113,30.148,30.169,30.190,30.197,30.219,30.247,30.282,30.310,30.339,30.367,30.402,30.458,30.522,30.585,30.649,30.705,30.754,30.796,30.831,30.838,30.852,30.866,30.866,30.866,30.852,30.845,30.852,30.895,30.944,30.986,31.014,31.007,30.986,30.951,30.909,30.859,30.803,30.761,30.726,30.726,30.747,30.747,30.726,30.684,30.656,30.620,30.585,30.578,30.550,30.508,30.451,30.402,30.395,30.395,30.381,30.296,30.204,30.141,30.127,30.141,30.106,30.049,29.992,29.985,29.985,29.971,29.957,29.943,29.936,29.936,29.936,29.922,29.922,29.914,29.914,29.922,29.929,29.929,29.929,29.922,29.914,29.900,29.886,29.879,29.879,29.879,29.858,29.829,29.815,29.822,29.829,29.780,29.716,29.659,29.617,29.595,29.567,29.524,29.474,29.496,29.503,29.503,29.503,29.510,29.545,29.574,29.574,29.517,29.481,29.481,29.489,29.410,29.346,29.311,29.289,29.232,29.168,29.104,29.040,28.940,28.818,28.696,28.574,28.424,28.316,28.266,28.208,27.884,27.421,27.035,26.722,26.202,25.570,24.881,24.203,23.775,23.452,23.233,23.112,23.044,22.915,22.847,22.840,22.840,22.802,22.764,22.741,22.696,22.688,22.673,22.642,22.620,22.604,22.597,22.582,22.559,22.536,22.513,22.490,22.468,22.452,22.445,22.437,22.429,22.422,22.429,22.429,22.429,22.437,22.437,22.437,22.429,22.429,22.422,22.407,22.399,22.384,22.369,22.353,22.338,22.330,22.315,22.308,22.300,22.292,22.285,22.277,22.262,22.254,22.239,22.231,22.216,22.216,22.209,22.201,22.193,22.193,22.186,22.178,22.163,22.140,22.125,22.102,22.086,22.086,22.071,22.063,22.048,22.041,22.033,22.018,22.018,22.010,22.010,22.010,22.010,22.010,22.010,22.002,21.995,21.987,21.987,21.979,21.964,21.964,21.956,21.949,21.934,21.926,21.926,21.918,21.903,21.903,21.895,21.895,21.895,21.895,21.895,21.895,21.895,21.895,21.895,21.903,21.911,21.918,21.918,21.926,21.926,21.918,21.911,21.911,21.911,21.918,21.918,21.911,21.903,21.888,21.872,21.857,21.849,21.849,21.842,21.826,21.826,21.819,21.811,21.803,21.803,21.796,21.788,21.780,21.780,21.780,21.773,21.765,21.757,21.750,21.750,21.742,21.734,21.734,21.734,21.727,21.727,21.727,21.719,21.711,21.711,21.696,21.688,21.681,21.673,21.673,21.665,21.658,21.650,21.642,21.635,21.627,21.612,21.604,21.596,21.589,21.589,21.589,21.581,21.573,21.558,21.550,21.527,21.504,21.481,21.450,21.427,21.404,21.397,21.389,21.381,21.366,21.343,21.320,21.297,21.281,21.266,21.266,21.258,21.250,21.227,21.220,21.212,21.204,21.197,21.189,21.189,21.204,21.220,21.235,21.250,21.274,21.289,21.297,21.304,21.320,21.343,21.351,21.366,21.389,21.412,21.427,21.443,21.458,21.474,21.489,21.497,21.504,21.504,21.512,21.512,21.520,21.520,21.527,21.535,21.543,21.543,21.543,21.550,21.543,21.543,21.543,21.535,21.535,21.535,21.535
,23.933,23.970,23.828,23.745,23.693,23.663,23.610,23.565,23.512,23.467,23.414,23.369,23.324,23.271,23.233,23.210,23.173,23.127,23.105,23.089,23.074,23.052,23.029,23.014,22.999,22.976,22.953,22.938,22.915,22.900,22.885,22.870,22.862,22.847,22.840,22.832,22.824,22.817,22.809,22.802,22.794,22.787,22.779,22.771,22.764,22.756,22.756,22.756,22.756,22.764,22.764,22.764,22.764,22.764,22.764,22.764,22.756,22.741,22.733,22.764,22.817,22.908,22.991,22.999,23.037,23.150,23.444,23.617,23.813,24.113,24.769,25.311,25.820,26.334,27.006,27.710,28.251,28.553,28.452,28.481,28.517,28.553,28.582,28.646,28.754,28.897,29.004,29.082,29.147,29.211,29.268,29.325,29.382,29.446,29.517,29.574,29.631,29.680,29.737,29.801,29.858,29.914,29.957,29.992,30.028,30.063,30.106,30.141,30.169,30.190,30.197,30.219,30.247,30.275,30.303,30.332,30.360,30.395,30.444,30.508,30.571,30.627,30.684,30.726,30.775,30.810,30.831,30.838,30.845,30.852,30.859,30.852,30.845,30.845,30.881,30.930,30.965,30.993,30.993,30.979,30.951,30.909,30.866,30.810,30.754,30.719,30.719,30.747,30.747,30.712,30.670,30.635,30.606,30.578,30.578,30.543,30.501,30.444,30.402,30.395,30.402,30.381,30.296,30.204,30.148,30.127,30.141,30.106,30.049,29.992,29.985,29.985,29.971,29.950,29.936,29.936,29.929,29.922,29.922,29.914,29.914,29.914,29.914,29.922,29.922,29.922,29.914,29.907,29.893,29.879,29.879,29.886,29.879,29.865,29.836,29.822,29.829,29.836,29.787,29.716,29.652,29.609,29.595,29.567,29.510,29.460,29.481,29.489,29.489,29.489,29.503,29.538,29.567,29.567,29.510,29.481,29.481,29.489,29.403,29.346,29.304,29.282,29.225,29.154,29.090,29.025,28.932,28.811,28.689,28.567,28.416,28.309,28.244,28.172,27.855,27.391,27.014,26.700,26.180,25.518,24.821,24.165,23.760,23.452,23.226,23.082,23.021,22.908,22.847,22.847,22.847,22.809,22.771,22.733,22.688,22.688,22.680,22.650,22.620,22.604,22.589,22.574,22.551,22.528,22.506,22.483,22.460,22.445,22.437,22.422,22.414,22.407,22.407,22.407,22.414,22.414,22.414,22.414,22.414,22.407,22.399,22.391,22.376,22.369,22.353,22.338,22.323,22.315,22.300,22.292,22.285,22.277,22.277,22.270,22.262,22.247,22.239,22.224,22.216,22.209,22.201,22.193,22.193,22.186,22.186,22.170,22.155,22.140,22.117,22.094,22.086,22.079,22.071,22.056,22.048,22.033,22.025,22.018,22.018,22.010,22.010,22.010,22.010,22.010,22.010,22.002,22.002,21.995,21.987,21.979,21.979,21.972,21.964,21.949,21.941,21.934,21.926,21.918,21.911,21.903,21.895,21.895,21.895,21.895,21.895,21.903,21.903,21.903,21.903,21.911,21.911,21.918,21.926,21.934,21.934,21.918,21.918,21.911,21.911,21.911,21.911,21.911,21.903,21.888,21.872,21.857,21.849,21.842,21.834,21.826,21.826,21.819,21.811,21.803,21.803,21.796,21.788,21.780,21.780,21.773,21.773,21.757,21.757,21.750,21.742,21.734,21.734,21.727,21.727,21.719,21.719,21.719,21.719,21.711,21.711,21.696,21.688,21.673,21.673,21.665,21.665,21.658,21.650,21.642,21.635,21.627,21.619,21.612,21.604,21.596,21.596,21.596,21.589,21.573,21.566,21.550,21.535,21.512,21.481,21.458,21.435,21.420,21.404,21.404,21.397,21.374,21.351,21.327,21.304,21.281,21.274,21.266,21.258,21.250,21.235,21.220,21.212,21.212,21.204,21.197,21.197,21.212,21.220,21.235,21.258,21.274,21.281,21.297,21.304,21.320,21.335,21.351,21.366,21.381,21.404,21.420,21.443,21.458,21.474,21.481,21.489,21.504,21.504,21.512,21.512,21.520,21.520,21.527,21.535,21.535,21.535,21.543,21.543,21.543,21.543,21.543,21.535,21.535,21.535,21.535
,23.918,23.970,23.828,23.745,23.700,23.670,23.617,23.565,23.520,23.467,23.422,23.376,23.331,23.278,23.241,23.210,23.173,23.127,23.112,23.097,23.082,23.059,23.029,23.014,22.999,22.984,22.953,22.938,22.915,22.900,22.885,22.870,22.862,22.847,22.840,22.832,22.824,22.809,22.802,22.794,22.787,22.779,22.771,22.756,22.749,22.749,22.749,22.749,22.756,22.764,22.764,22.764,22.764,22.764,22.764,22.764,22.764,22.749,22.741,22.771,22.832,22.923,23.044,23.067,23.089,23.173,23.497,23.678,23.850,24.128,24.747,25.281,25.791,26.327,27.014,27.710,28.244,28.546,28.452,28.467,28.510,28.546,28.567,28.639,28.746,28.882,28.990,29.075,29.140,29.197,29.261,29.311,29.368,29.432,29.503,29.567,29.617,29.666,29.723,29.787,29.844,29.900,29.950,29.985,30.021,30.063,30.098,30.134,30.162,30.190,30.197,30.212,30.240,30.268,30.296,30.324,30.353,30.388,30.430,30.487,30.550,30.613,30.663,30.705,30.740,30.775,30.803,30.824,30.838,30.845,30.852,30.845,30.845,30.852,30.866,30.902,30.937,30.965,30.979,30.965,30.944,30.909,30.866,30.803,30.754,30.719,30.719,30.740,30.740,30.712,30.663,30.620,30.592,30.578,30.571,30.536,30.494,30.444,30.402,30.395,30.402,30.381,30.296,30.204,30.148,30.127,30.141,30.106,30.049,29.999,29.992,29.985,29.971,29.957,29.936,29.936,29.929,29.922,29.922,29.914,29.914,29.914,29.914,29.914,29.914,29.914,29.907,29.900,29.893,29.879,29.879,29.886,29.886,29.872,29.836,29.822,29.836,29.851,29.794,29.716,29.645,29.602,29.602,29.567,29.510,29.439,29.460,29.467,29.467,29.467,29.489,29.524,29.560,29.560,29.503,29.489,29.489,29.489,29.403,29.339,29.304,29.275,29.218,29.140,29.068,29.011,28.925,28.797,28.668,28.546,28.402,28.301,28.215,28.114,27.804,27.348,26.970,26.649,26.114,25.437,24.747,24.128,23.738,23.437,23.210,23.059,22.999,22.900,22.847,22.855,22.847,22.817,22.779,22.733,22.688,22.688,22.680,22.650,22.627,22.604,22.589,22.566,22.536,22.521,22.498,22.475,22.452,22.437,22.422,22.414,22.399,22.391,22.391,22.391,22.391,22.391,22.391,22.391,22.391,22.384,22.384,22.376,22.361,22.353,22.338,22.323,22.308,22.300,22.285,22.285,22.270,22.270,22.262,22.262,22.247,22.239,22.231,22.216,22.216,22.209,22.201,22.193,22.193,22.186,22.178,22.163,22.147,22.132,22.117,22.102,22.086,22.079,22.071,22.056,22.048,22.033,22.025,22.018,22.018,22.010,22.010,22.010,22.010,22.010,22.010,22.002,22.002,22.002,21.995,21.987,21.979,21.972,21.964,21.949,21.949,21.941,21.934,21.926,21.911,21.903,21.895,21.895,21.895,21.895,21.895,21.903,21.903,21.903,21.903,21.911,21.911,21.918,21.926,21.934,21.934,21.926,21.918,21.911,21.911,21.911,21.911,21.903,21.895,21.880,21.872,21.857,21.849,21.842,21.834,21.826,21.826,21.819,21.811,21.803,21.803,21.796,21.796,21.788,21.780,21.773,21.765,21.757,21.757,21.750,21.742,21.734,21.734,21.727,21.727,21.719,21.719,21.719,21.711,21.711,21.704,21.688,21.681,21.673,21.665,21.665,21.658,21.650,21.650,21.642,21.635,21.619,21.619,21.612,21.604,21.596,21.596,21.596,21.596,21.581,21.573,21.558,21.543,21.520,21.497,21.474,21.450,21.427,21.420,21.412,21.404,21.389,21.358,21.335,21.312,21.289,21.281,21.274,21.266,21.250,21.243,21.227,21.220,21.212,21.212,21.204,21.212,21.220,21.227,21.243,21.258,21.274,21.281,21.297,21.312,21.327,21.335,21.343,21.358,21.374,21.397,21.420,21.435,21.458,21.466,21.481,21.489,21.497,21.504,21.512,21.512,21.520,21.520,21.527,21.527,21.535,21.535,21.543,21.543,21.543,21.543,21.543,21.535,21.535,21.535,21.535
,23.925,23.970,23.835,23.753,23.700,23.670,23.617,23.572,23.520,23.467,23.422,23.376,23.331,23.278,23.241,23.210,23.173,23.135,23.112,23.097,23.082,23.059,23.029,23.014,22.999,22.984,22.961,22.938,22.923,22.900,22.885,22.878,22.862,22.855,22.840,22.832,22.824,22.809,22.802,22.794,22.787,22.779,22.764,22.749,22.749,22.741,22.741,22.749,22.756,22.771,22.771,22.771,22.771,22.771,22.771,22.771,22.764,22.756,22.756,22.787,22.840,22.938,23.082,23.127,23.142,23.195,23.535,23.715,23.888,24.150,24.717,25.222,25.747,26.312,27.006,27.688,28.222,28.531,28.452,28.467,28.495,28.539,28.560,28.625,28.732,28.875,28.975,29.061,29.125,29.182,29.247,29.296,29.353,29.417,29.489,29.553,29.609,29.659,29.709,29.773,29.829,29.886,29.936,29.978,30.014,30.049,30.091,30.127,30.162,30.183,30.197,30.212,30.233,30.261,30.289,30.317,30.346,30.374,30.416,30.466,30.529,30.592,30.642,30.684,30.719,30.754,30.789,30.817,30.831,30.831,30.838,30.831,30.824,30.831,30.845,30.881,30.916,30.944,30.958,30.958,30.937,30.909,30.859,30.803,30.747,30.712,30.712,30.740,30.740,30.712,30.656,30.620,30.585,30.571,30.564,30.536,30.487,30.444,30.402,30.402,30.402,30.388,30.303,30.212,30.148,30.127,30.141,30.106,30.056,29.999,29.992,29.992,29.978,29.964,29.943,29.936,29.936,29.936,29.922,29.922,29.914,29.914,29.914,29.914,29.907,29.907,29.900,29.893,29.886,29.879,29.879,29.893,29.893,29.879,29.851,29.836,29.844,29.858,29.801,29.716,29.645,29.602,29.602,29.567,29.503,29.432,29.453,29.453,29.453,29.460,29.481,29.524,29.560,29.560,29.496,29.481,29.489,29.481,29.396,29.332,29.296,29.275,29.211,29.125,29.061,28.997,28.918,28.789,28.653,28.524,28.395,28.294,28.194,28.064,27.754,27.312,26.934,26.598,26.041,25.348,24.673,24.083,23.723,23.429,23.195,23.037,22.984,22.900,22.862,22.870,22.855,22.824,22.779,22.733,22.688,22.680,22.673,22.658,22.627,22.604,22.582,22.559,22.528,22.506,22.490,22.468,22.445,22.429,22.414,22.399,22.391,22.384,22.384,22.376,22.376,22.369,22.369,22.361,22.361,22.369,22.361,22.353,22.346,22.338,22.330,22.315,22.300,22.285,22.277,22.270,22.262,22.254,22.254,22.247,22.239,22.231,22.224,22.216,22.216,22.209,22.201,22.193,22.186,22.178,22.170,22.163,22.147,22.132,22.117,22.102,22.086,22.079,22.071,22.056,22.041,22.033,22.025,22.018,22.018,22.018,22.010,22.010,22.010,22.010,22.010,22.002,22.002,22.002,21.995,21.987,21.979,21.972,21.964,21.949,21.949,21.941,21.934,21.926,21.911,21.903,21.895,21.888,21.888,21.888,21.895,21.903,21.903,21.903,21.903,21.911,21.911,21.918,21.918,21.926,21.926,21.918,21.918,21.911,21.911,21.903,21.903,21.895,21.880,21.872,21.865,21.857,21.849,21.842,21.842,21.826,21.826,21.819,21.811,21.803,21.803,21.803,21.796,21.788,21.780,21.773,21.765,21.757,21.750,21.750,21.742,21.734,21.734,21.727,21.719,21.719,21.711,21.711,21.711,21.704,21.696,21.688,21.681,21.673,21.665,21.665,21.658,21.650,21.642,21.635,21.627,21.619,21.619,21.612,21.604,21.604,21.604,21.604,21.596,21.581,21.573,21.558,21.543,21.520,21.504,21.481,21.458,21.435,21.420,21.420,21.412,21.397,21.366,21.343,21.320,21.297,21.281,21.274,21.266,21.258,21.243,21.235,21.227,21.220,21.212,21.212,21.220,21.220,21.227,21.235,21.250,21.266,21.281,21.297,21.312,21.327,21.335,21.343,21.351,21.366,21.389,21.412,21.427,21.450,21.466,21.474,21.481,21.497,21.504,21.512,21.520,21.520,21.527,21.527,21.527,21.527,21.535,21.535,21.543,21.543,21.543,21.543,21.535,21.535,21.535,21.535
,23.925,23.970,23.835,23.753,23.708,23.670,23.625,23.572,23.520,23.474,23.429,23.384,23.331,23.278,23.248,23.218,23.180,23.135,23.112,23.097,23.082,23.059,23.037,23.021,23.006,22.984,22.961,22.946,22.923,22.900,22.885,22.878,22.870,22.855,22.840,22.832,22.824,22.809,22.802,22.794,22.787,22.771,22.756,22.749,22.741,22.733,22.733,22.749,22.756,22.771,22.771,22.771,22.771,22.779,22.779,22.779,22.771,22.771,22.779,22.794,22.847,22.946,23.105,23.158,23.165,23.210,23.557,23.745,23.925,24.180,24.695,25.185,25.710,26.298,26.985,27.667,28.201,28.524,28.467,28.467,28.488,28.531,28.546,28.617,28.725,28.861,28.961,29.040,29.111,29.161,29.225,29.275,29.339,29.403,29.467,29.538,29.595,29.645,29.702,29.758,29.815,29.872,29.929,29.971,30.006,30.042,30.084,30.120,30.155,30.183,30.197,30.212,30.233,30.254,30.282,30.310,30.339,30.367,30.402,30.451,30.508,30.578,30.627,30.670,30.705,30.747,30.782,30.810,30.824,30.824,30.817,30.810,30.803,30.810,30.824,30.859,30.888,30.916,30.937,30.937,30.930,30.902,30.859,30.803,30.754,30.712,30.719,30.747,30.747,30.712,30.656,30.613,30.585,30.564,30.557,30.529,30.487,30.437,30.402,30.402,30.402,30.381,30.296,30.212,30.148,30.127,30.141,30.106,30.056,29.999,29.992,29.992,29.978,29.964,29.943,29.943,29.943,29.936,29.929,29.922,29.922,29.914,29.907,29.907,29.907,29.900,29.893,29.893,29.886,29.879,29.886,29.893,29.900,29.893,29.872,29.851,29.858,29.872,29.801,29.716,29.645,29.602,29.602,29.567,29.503,29.425,29.446,29.446,29.439,29.446,29.474,29.545,29.574,29.560,29.481,29.481,29.489,29.474,29.389,29.332,29.296,29.268,29.204,29.118,29.047,28.990,28.911,28.775,28.639,28.510,28.395,28.287,28.172,28.028,27.703,27.275,26.897,26.532,25.960,25.267,24.606,24.045,23.708,23.422,23.188,23.014,22.968,22.893,22.862,22.878,22.862,22.824,22.779,22.733,22.688,22.680,22.673,22.658,22.627,22.604,22.574,22.551,22.521,22.498,22.483,22.460,22.429,22.422,22.407,22.384,22.376,22.369,22.369,22.361,22.353,22.346,22.338,22.330,22.330,22.338,22.338,22.338,22.330,22.323,22.308,22.300,22.285,22.277,22.270,22.262,22.247,22.247,22.239,22.239,22.231,22.224,22.224,22.216,22.216,22.209,22.201,22.193,22.186,22.178,22.163,22.155,22.140,22.132,22.125,22.109,22.094,22.079,22.063,22.048,22.041,22.033,22.025,22.018,22.018,22.018,22.010,22.010,22.010,22.010,22.002,22.002,22.002,22.002,21.995,21.987,21.979,21.972,21.964,21.949,21.949,21.941,21.934,21.926,21.918,21.903,21.895,21.888,21.888,21.888,21.895,21.903,21.903,21.903,21.903,21.903,21.911,21.911,21.911,21.918,21.918,21.918,21.911,21.903,21.903,21.895,21.888,21.888,21.872,21.872,21.865,21.857,21.849,21.849,21.842,21.826,21.826,21.819,21.819,21.811,21.811,21.803,21.796,21.788,21.780,21.773,21.765,21.750,21.750,21.742,21.742,21.734,21.727,21.727,21.719,21.711,21.704,21.704,21.704,21.696,21.688,21.681,21.681,21.665,21.658,21.658,21.650,21.642,21.635,21.635,21.627,21.619,21.619,21.612,21.604,21.604,21.604,21.604,21.596,21.581,21.573,21.558,21.543,21.527,21.504,21.489,21.474,21.450,21.435,21.427,21.420,21.397,21.366,21.351,21.327,21.304,21.289,21.274,21.266,21.258,21.243,21.235,21.227,21.220,21.220,21.220,21.220,21.227,21.227,21.235,21.243,21.266,21.281,21.297,21.312,21.327,21.335,21.343,21.351,21.366,21.389,21.404,21.427,21.450,21.466,21.474,21.481,21.497,21.504,21.512,21.520,21.527,21.527,21.527,21.527,21.527,21.527,21.535,21.535,21.535,21.535,21.543,21.543,21.543,21.543,21.543
,23.925,23.978,23.843,23.753,23.708,23.678,23.632,23.580,23.527,23.474,23.429,23.384,23.331,23.278,23.248,23.218,23.180,23.135,23.112,23.105,23.089,23.067,23.037,23.021,23.006,22.991,22.961,22.946,22.923,22.900,22.885,22.878,22.870,22.855,22.847,22.832,22.824,22.809,22.802,22.794,22.787,22.771,22.756,22.741,22.733,22.733,22.741,22.749,22.756,22.771,22.771,22.771,22.779,22.787,22.794,22.787,22.787,22.787,22.794,22.809,22.847,22.938,23.120,23.165,23.165,23.203,23.557,23.768,23.955,24.203,24.680,25.163,25.688,26.283,26.970,27.645,28.186,28.510,28.488,28.467,28.481,28.524,28.539,28.610,28.718,28.839,28.940,29.018,29.090,29.140,29.204,29.254,29.318,29.382,29.446,29.517,29.581,29.638,29.688,29.744,29.801,29.865,29.922,29.964,29.999,30.028,30.070,30.113,30.148,30.176,30.197,30.212,30.233,30.247,30.275,30.303,30.332,30.360,30.395,30.444,30.501,30.557,30.620,30.656,30.691,30.733,30.768,30.796,30.810,30.810,30.796,30.789,30.782,30.782,30.796,30.824,30.859,30.895,30.916,30.923,30.923,30.909,30.866,30.810,30.754,30.719,30.726,30.747,30.754,30.719,30.656,30.606,30.578,30.557,30.550,30.515,30.473,30.437,30.402,30.402,30.402,30.374,30.289,30.204,30.141,30.120,30.134,30.106,30.056,29.999,29.992,29.985,29.978,29.964,29.950,29.943,29.943,29.936,29.929,29.929,29.922,29.914,29.907,29.900,29.900,29.893,29.893,29.886,29.886,29.886,29.893,29.907,29.914,29.907,29.886,29.865,29.872,29.879,29.801,29.709,29.638,29.602,29.602,29.567,29.496,29.417,29.439,29.432,29.425,29.432,29.467,29.574,29.602,29.553,29.474,29.481,29.489,29.460,29.382,29.332,29.296,29.275,29.197,29.104,29.032,28.982,28.897,28.768,28.625,28.503,28.388,28.273,28.150,27.985,27.645,27.232,26.846,26.466,25.864,25.170,24.531,24.008,23.693,23.414,23.180,22.999,22.953,22.893,22.870,22.878,22.862,22.824,22.779,22.733,22.688,22.680,22.673,22.650,22.620,22.597,22.574,22.544,22.513,22.498,22.475,22.452,22.422,22.407,22.391,22.376,22.353,22.353,22.353,22.346,22.323,22.315,22.308,22.300,22.300,22.300,22.308,22.308,22.300,22.292,22.285,22.277,22.270,22.262,22.254,22.247,22.239,22.231,22.224,22.224,22.216,22.216,22.216,22.209,22.209,22.209,22.201,22.186,22.186,22.170,22.163,22.147,22.140,22.132,22.125,22.109,22.094,22.079,22.063,22.048,22.041,22.033,22.025,22.018,22.018,22.018,22.010,22.010,22.010,22.002,22.002,22.002,22.002,22.002,21.995,21.987,21.979,21.972,21.964,21.949,21.949,21.941,21.934,21.926,21.918,21.903,21.895,21.888,21.888,21.888,21.895,21.895,21.895,21.895,21.903,21.903,21.903,21.903,21.911,21.911,21.911,21.911,21.903,21.895,21.895,21.888,21.880,21.872,21.865,21.865,21.857,21.849,21.849,21.842,21.842,21.826,21.826,21.819,21.819,21.811,21.811,21.803,21.796,21.788,21.780,21.773,21.765,21.750,21.750,21.742,21.734,21.727,21.727,21.719,21.719,21.704,21.704,21.696,21.696,21.681,21.673,21.673,21.673,21.665,21.658,21.650,21.650,21.635,21.635,21.627,21.619,21.612,21.612,21.612,21.604,21.604,21.604,21.596,21.596,21.581,21.573,21.558,21.543,21.527,21.512,21.497,21.474,21.458,21.443,21.435,21.420,21.397,21.374,21.358,21.335,21.312,21.297,21.281,21.274,21.258,21.250,21.235,21.227,21.220,21.220,21.220,21.227,21.235,21.235,21.235,21.243,21.258,21.274,21.289,21.312,21.335,21.335,21.343,21.351,21.366,21.381,21.397,21.420,21.443,21.458,21.474,21.481,21.497,21.504,21.512,21.520,21.527,21.527,21.527,21.527,21.527,21.527,21.527,21.535,21.535,21.535,21.535,21.535,21.535,21.535,21.535
,23.925,23.978,23.843,23.753,23.708,23.678,23.632,23.580,23.527,23.474,23.429,23.384,23.331,23.278,23.248,23.218,23.180,23.135,23.120,23.105,23.089,23.067,23.037,23.021,23.006,22.991,22.968,22.953,22.931,22.915,22.900,22.893,22.878,22.862,22.855,22.840,22.824,22.809,22.802,22.794,22.787,22.779,22.764,22.756,22.749,22.741,22.741,22.749,22.756,22.771,22.771,22.771,22.779,22.794,22.794,22.794,22.794,22.802,22.817,22.817,22.847,22.931,23.112,23.150,23.142,23.195,23.550,23.775,23.985,24.232,24.680,25.155,25.673,26.268,26.948,27.623,28.165,28.503,28.503,28.481,28.481,28.510,28.524,28.596,28.703,28.825,28.925,29.004,29.068,29.118,29.182,29.232,29.296,29.360,29.432,29.510,29.574,29.624,29.680,29.730,29.787,29.851,29.907,29.957,29.992,30.028,30.070,30.106,30.141,30.169,30.197,30.212,30.233,30.247,30.275,30.303,30.332,30.353,30.381,30.430,30.480,30.543,30.599,30.635,30.670,30.712,30.747,30.775,30.789,30.789,30.782,30.768,30.768,30.775,30.775,30.803,30.838,30.873,30.895,30.916,30.916,30.909,30.866,30.817,30.768,30.726,30.733,30.754,30.761,30.726,30.656,30.606,30.571,30.550,30.543,30.508,30.473,30.437,30.409,30.402,30.395,30.367,30.289,30.204,30.141,30.113,30.134,30.106,30.049,29.992,29.978,29.978,29.971,29.950,29.936,29.936,29.936,29.929,29.922,29.914,29.907,29.907,29.900,29.893,29.893,29.893,29.886,29.886,29.886,29.893,29.900,29.914,29.914,29.914,29.893,29.872,29.872,29.879,29.801,29.709,29.638,29.602,29.602,29.567,29.489,29.403,29.425,29.417,29.410,29.425,29.467,29.567,29.595,29.545,29.474,29.474,29.474,29.446,29.375,29.332,29.304,29.268,29.189,29.082,29.011,28.968,28.890,28.761,28.617,28.488,28.388,28.273,28.129,27.920,27.565,27.166,26.773,26.356,25.732,25.052,24.442,23.955,23.648,23.384,23.158,22.984,22.923,22.885,22.878,22.885,22.855,22.817,22.779,22.733,22.688,22.680,22.665,22.642,22.612,22.589,22.566,22.536,22.506,22.490,22.468,22.445,22.414,22.391,22.369,22.353,22.338,22.330,22.330,22.323,22.300,22.292,22.277,22.270,22.262,22.270,22.270,22.270,22.270,22.270,22.270,22.262,22.254,22.247,22.239,22.239,22.231,22.224,22.216,22.216,22.216,22.216,22.216,22.209,22.209,22.209,22.201,22.186,22.178,22.170,22.163,22.147,22.140,22.132,22.117,22.102,22.086,22.071,22.063,22.048,22.041,22.033,22.025,22.018,22.018,22.018,22.010,22.010,22.010,22.002,22.002,22.002,22.002,22.002,21.995,21.987,21.979,21.972,21.964,21.949,21.949,21.941,21.934,21.918,21.911,21.903,21.895,21.888,21.888,21.888,21.895,21.895,21.895,21.895,21.903,21.903,21.903,21.903,21.911,21.911,21.911,21.911,21.903,21.895,21.888,21.880,21.872,21.865,21.865,21.865,21.857,21.849,21.849,21.842,21.834,21.826,21.826,21.819,21.811,21.811,21.803,21.796,21.788,21.780,21.773,21.765,21.757,21.750,21.750,21.742,21.734,21.727,21.727,21.719,21.711,21.704,21.696,21.688,21.681,21.673,21.665,21.665,21.658,21.658,21.650,21.642,21.635,21.635,21.627,21.619,21.619,21.612,21.612,21.612,21.604,21.604,21.604,21.596,21.589,21.581,21.573,21.558,21.543,21.527,21.512,21.497,21.474,21.458,21.443,21.435,21.420,21.397,21.381,21.366,21.343,21.320,21.304,21.297,21.281,21.266,21.250,21.243,21.235,21.220,21.220,21.220,21.227,21.235,21.235,21.235,21.243,21.258,21.274,21.289,21.312,21.327,21.335,21.343,21.343,21.358,21.374,21.397,21.412,21.435,21.450,21.466,21.474,21.489,21.504,21.512,21.520,21.520,21.527,21.527,21.527,21.527,21.527,21.527,21.535,21.535,21.535,21.535,21.535,21.535,21.535,21.535
,23.933,23.978,23.843,23.760,23.708,23.678,23.632,23.580,23.527,23.474,23.429,23.384,23.331,23.278,23.248,23.226,23.188,23.142,23.120,23.112,23.089,23.067,23.044,23.029,23.014,22.999,22.976,22.953,22.938,22.923,22.908,22.900,22.885,22.870,22.855,22.840,22.832,22.817,22.802,22.802,22.794,22.787,22.779,22.764,22.756,22.756,22.756,22.756,22.756,22.764,22.764,22.764,22.771,22.794,22.802,22.802,22.802,22.809,22.832,22.832,22.855,22.931,23.112,23.135,23.127,23.195,23.550,23.798,24.015,24.262,24.688,25.148,25.666,26.254,26.941,27.609,28.150,28.495,28.517,28.495,28.488,28.510,28.517,28.582,28.689,28.818,28.911,28.990,29.047,29.104,29.168,29.225,29.282,29.346,29.425,29.496,29.567,29.617,29.666,29.723,29.780,29.844,29.900,29.943,29.985,30.014,30.056,30.098,30.134,30.162,30.197,30.212,30.233,30.247,30.268,30.296,30.324,30.346,30.367,30.409,30.458,30.515,30.564,30.599,30.642,30.684,30.726,30.754,30.768,30.775,30.768,30.754,30.747,30.754,30.754,30.782,30.817,30.859,30.888,30.909,30.916,30.909,30.881,30.831,30.782,30.740,30.747,30.761,30.761,30.726,30.663,30.606,30.564,30.550,30.536,30.508,30.466,30.430,30.409,30.409,30.395,30.360,30.282,30.197,30.141,30.113,30.134,30.106,30.049,29.992,29.964,29.964,29.957,29.943,29.929,29.922,29.922,29.922,29.914,29.907,29.900,29.893,29.886,29.886,29.886,29.886,29.886,29.893,29.893,29.900,29.907,29.914,29.914,29.914,29.893,29.879,29.879,29.879,29.801,29.702,29.631,29.595,29.595,29.567,29.489,29.396,29.417,29.403,29.403,29.410,29.453,29.560,29.588,29.531,29.474,29.474,29.460,29.425,29.368,29.332,29.296,29.254,29.175,29.068,28.997,28.954,28.882,28.746,28.610,28.488,28.388,28.266,28.093,27.840,27.471,27.079,26.664,26.188,25.562,24.918,24.337,23.873,23.580,23.331,23.120,22.961,22.900,22.878,22.878,22.885,22.855,22.817,22.771,22.726,22.688,22.673,22.658,22.635,22.604,22.582,22.559,22.528,22.506,22.490,22.475,22.445,22.414,22.391,22.361,22.338,22.323,22.315,22.308,22.300,22.285,22.270,22.254,22.247,22.239,22.239,22.239,22.239,22.239,22.247,22.247,22.247,22.247,22.247,22.239,22.231,22.231,22.224,22.216,22.216,22.216,22.216,22.209,22.209,22.209,22.201,22.193,22.186,22.178,22.178,22.163,22.147,22.140,22.125,22.117,22.102,22.086,22.071,22.063,22.048,22.041,22.033,22.025,22.018,22.018,22.010,22.010,22.002,22.002,22.002,22.002,22.002,22.002,21.995,21.995,21.987,21.979,21.972,21.964,21.949,21.941,21.934,21.926,21.918,21.903,21.903,21.895,21.888,21.888,21.888,21.888,21.895,21.895,21.895,21.895,21.903,21.903,21.903,21.903,21.903,21.903,21.903,21.903,21.895,21.888,21.872,21.865,21.857,21.857,21.857,21.857,21.849,21.849,21.842,21.834,21.826,21.826,21.819,21.811,21.803,21.796,21.788,21.788,21.780,21.773,21.765,21.757,21.750,21.750,21.742,21.734,21.727,21.719,21.711,21.704,21.696,21.688,21.681,21.673,21.665,21.658,21.650,21.650,21.642,21.642,21.635,21.635,21.627,21.627,21.619,21.612,21.612,21.612,21.612,21.604,21.596,21.596,21.596,21.589,21.581,21.566,21.558,21.543,21.527,21.504,21.489,21.474,21.458,21.443,21.427,21.420,21.397,21.381,21.366,21.351,21.327,21.312,21.304,21.289,21.274,21.258,21.243,21.235,21.220,21.220,21.220,21.220,21.227,21.227,21.235,21.243,21.258,21.274,21.289,21.304,21.320,21.335,21.335,21.343,21.358,21.374,21.389,21.404,21.427,21.450,21.458,21.474,21.489,21.504,21.512,21.512,21.520,21.520,21.527,21.527,21.527,21.527,21.527,21.535,21.535,21.535,21.527,21.527,21.527,21.527,21.527
,23.933,23.978,23.843,23.760,23.708,23.670,23.625,23.580,23.527,23.467,23.422,23.384,23.331,23.278,23.248,23.226,23.188,23.142,23.120,23.112,23.097,23.067,23.044,23.029,23.014,22.999,22.976,22.961,22.946,22.931,22.908,22.900,22.893,22.878,22.862,22.847,22.832,22.817,22.809,22.802,22.802,22.794,22.787,22.779,22.771,22.764,22.764,22.764,22.764,22.764,22.764,22.764,22.771,22.794,22.802,22.802,22.802,22.817,22.847,22.847,22.862,22.923,23.105,23.127,23.135,23.203,23.542,23.798,24.030,24.277,24.688,25.141,25.651,26.239,26.926,27.602,28.143,28.503,28.539,28.517,28.503,28.510,28.510,28.574,28.675,28.804,28.904,28.975,29.032,29.090,29.154,29.204,29.268,29.332,29.410,29.489,29.553,29.609,29.659,29.709,29.766,29.829,29.886,29.936,29.971,30.006,30.049,30.084,30.127,30.155,30.190,30.212,30.233,30.247,30.268,30.289,30.310,30.332,30.353,30.388,30.437,30.487,30.536,30.571,30.613,30.663,30.705,30.733,30.747,30.754,30.747,30.733,30.726,30.719,30.726,30.761,30.803,30.852,30.881,30.902,30.916,30.916,30.888,30.838,30.789,30.754,30.754,30.768,30.761,30.726,30.663,30.606,30.564,30.543,30.529,30.501,30.466,30.430,30.409,30.409,30.388,30.353,30.275,30.197,30.141,30.113,30.134,30.106,30.049,29.985,29.957,29.950,29.950,29.936,29.922,29.922,29.922,29.914,29.907,29.900,29.893,29.886,29.886,29.886,29.886,29.886,29.893,29.900,29.900,29.907,29.907,29.914,29.914,29.914,29.893,29.872,29.872,29.872,29.794,29.702,29.631,29.595,29.595,29.560,29.481,29.389,29.410,29.396,29.396,29.403,29.446,29.545,29.574,29.517,29.474,29.467,29.446,29.403,29.360,29.325,29.296,29.247,29.154,29.054,28.982,28.940,28.868,28.732,28.596,28.481,28.381,28.244,28.042,27.761,27.370,26.977,26.532,26.019,25.392,24.784,24.240,23.790,23.520,23.286,23.089,22.938,22.885,22.878,22.885,22.893,22.847,22.802,22.764,22.726,22.696,22.673,22.650,22.620,22.597,22.574,22.551,22.528,22.506,22.490,22.475,22.445,22.414,22.384,22.353,22.323,22.308,22.300,22.292,22.285,22.262,22.247,22.231,22.224,22.216,22.216,22.216,22.216,22.216,22.224,22.231,22.231,22.231,22.231,22.231,22.231,22.224,22.224,22.216,22.209,22.209,22.209,22.209,22.201,22.201,22.201,22.193,22.186,22.186,22.178,22.170,22.155,22.140,22.125,22.117,22.102,22.086,22.071,22.063,22.048,22.041,22.033,22.025,22.018,22.018,22.010,22.010,22.002,22.002,22.002,22.002,22.002,22.002,21.995,21.987,21.987,21.979,21.972,21.964,21.949,21.941,21.934,21.926,21.911,21.903,21.903,21.895,21.888,21.888,21.888,21.888,21.888,21.888,21.888,21.895,21.903,21.903,21.903,21.895,21.895,21.895,21.895,21.895,21.888,21.880,21.872,21.865,21.857,21.857,21.857,21.849,21.849,21.849,21.842,21.834,21.834,21.826,21.819,21.811,21.803,21.796,21.788,21.780,21.773,21.773,21.765,21.757,21.750,21.750,21.742,21.734,21.719,21.719,21.711,21.704,21.688,21.681,21.673,21.665,21.658,21.650,21.650,21.642,21.635,21.635,21.635,21.627,21.619,21.619,21.619,21.612,21.612,21.612,21.604,21.604,21.596,21.596,21.589,21.589,21.573,21.566,21.550,21.535,21.520,21.504,21.489,21.474,21.458,21.443,21.427,21.412,21.397,21.381,21.374,21.358,21.343,21.327,21.312,21.297,21.281,21.258,21.243,21.235,21.220,21.220,21.220,21.220,21.227,21.227,21.227,21.235,21.258,21.274,21.281,21.297,21.312,21.327,21.335,21.343,21.358,21.374,21.389,21.404,21.427,21.443,21.458,21.474,21.489,21.497,21.504,21.512,21.512,21.520,21.520,21.527,21.527,21.527,21.535,21.535,21.535,21.535,21.527,21.527,21.527,21.527,21.527
,23.933,23.978,23.843,23.753,23.693,23.655,23.617,23.572,23.520,23.467,23.422,23.384,23.331,23.278,23.248,23.226,23.188,23.142,23.127,23.112,23.097,23.074,23.044,23.029,23.014,22.999,22.976,22.961,22.946,22.931,22.915,22.908,22.893,22.878,22.862,22.847,22.832,22.817,22.817,22.809,22.802,22.802,22.794,22.787,22.779,22.771,22.771,22.764,22.764,22.764,22.764,22.764,22.771,22.794,22.802,22.802,22.802,22.817,22.855,22.855,22.862,22.923,23.105,23.135,23.150,23.226,23.535,23.790,24.030,24.292,24.680,25.133,25.636,26.217,26.912,27.580,28.136,28.503,28.553,28.531,28.517,28.517,28.510,28.567,28.668,28.804,28.897,28.961,29.018,29.075,29.132,29.189,29.254,29.318,29.396,29.474,29.538,29.595,29.645,29.695,29.758,29.822,29.879,29.929,29.971,29.999,30.042,30.077,30.120,30.155,30.190,30.212,30.233,30.247,30.261,30.289,30.310,30.324,30.339,30.374,30.416,30.458,30.508,30.550,30.599,30.656,30.691,30.719,30.726,30.733,30.733,30.712,30.691,30.677,30.684,30.733,30.789,30.838,30.873,30.902,30.916,30.923,30.902,30.852,30.796,30.754,30.754,30.768,30.768,30.733,30.670,30.613,30.571,30.543,30.529,30.494,30.466,30.437,30.416,30.409,30.388,30.353,30.275,30.197,30.141,30.113,30.141,30.106,30.049,29.985,29.950,29.950,29.950,29.943,29.929,29.929,29.929,29.922,29.907,29.900,29.893,29.886,29.886,29.886,29.886,29.886,29.893,29.900,29.907,29.907,29.907,29.907,29.907,29.907,29.886,29.872,29.872,29.872,29.794,29.702,29.631,29.595,29.595,29.560,29.481,29.389,29.403,29.396,29.396,29.396,29.432,29.531,29.560,29.510,29.481,29.467,29.439,29.389,29.353,29.325,29.289,29.232,29.132,29.040,28.975,28.925,28.847,28.703,28.574,28.460,28.359,28.208,27.985,27.688,27.275,26.868,26.400,25.857,25.230,24.658,24.158,23.738,23.474,23.263,23.074,22.923,22.878,22.885,22.893,22.885,22.840,22.794,22.756,22.726,22.703,22.673,22.642,22.612,22.589,22.574,22.551,22.528,22.506,22.490,22.475,22.445,22.407,22.376,22.338,22.308,22.292,22.285,22.277,22.262,22.247,22.224,22.209,22.201,22.186,22.186,22.186,22.186,22.193,22.201,22.209,22.216,22.216,22.216,22.216,22.216,22.216,22.216,22.209,22.201,22.201,22.201,22.201,22.193,22.193,22.193,22.193,22.178,22.178,22.178,22.170,22.155,22.140,22.125,22.109,22.094,22.079,22.071,22.063,22.048,22.041,22.033,22.025,22.025,22.018,22.010,22.010,22.010,22.010,22.010,22.002,22.002,22.002,21.995,21.987,21.979,21.979,21.972,21.964,21.949,21.941,21.926,21.918,21.911,21.903,21.903,21.895,21.888,21.888,21.888,21.888,21.888,21.888,21.888,21.895,21.895,21.895,21.895,21.895,21.888,21.888,21.888,21.888,21.888,21.880,21.872,21.865,21.857,21.857,21.857,21.849,21.842,21.842,21.842,21.842,21.834,21.834,21.826,21.819,21.803,21.796,21.788,21.780,21.773,21.773,21.765,21.757,21.750,21.750,21.742,21.734,21.719,21.719,21.711,21.704,21.688,21.681,21.673,21.665,21.650,21.650,21.642,21.635,21.635,21.635,21.635,21.627,21.619,21.619,21.619,21.612,21.604,21.604,21.604,21.596,21.589,21.589,21.589,21.581,21.573,21.566,21.550,21.535,21.520,21.504,21.489,21.481,21.458,21.443,21.427,21.412,21.397,21.389,21.374,21.366,21.351,21.335,21.320,21.312,21.289,21.266,21.250,21.235,21.220,21.220,21.220,21.220,21.227,21.227,21.227,21.235,21.250,21.266,21.281,21.289,21.312,21.320,21.335,21.343,21.358,21.374,21.389,21.404,21.420,21.435,21.450,21.474,21.489,21.497,21.504,21.504,21.512,21.512,21.520,21.527,21.527,21.527,21.535,21.543,21.535,21.535,21.527,21.527,21.527,21.527,21.527
,23.933,23.978,23.843,23.745,23.685,23.648,23.610,23.565,23.520,23.459,23.422,23.376,23.331,23.278,23.248,23.226,23.188,23.150,23.127,23.112,23.097,23.074,23.044,23.029,23.014,22.991,22.976,22.961,22.946,22.923,22.908,22.900,22.893,22.878,22.862,22.847,22.832,22.817,22.809,22.809,22.802,22.794,22.794,22.787,22.779,22.771,22.771,22.764,22.764,22.764,22.764,22.764,22.771,22.794,22.794,22.794,22.802,22.817,22.862,22.862,22.878,22.931,23.105,23.142,23.165,23.241,23.535,23.783,24.023,24.300,24.673,25.118,25.614,26.180,26.868,27.536,28.093,28.474,28.539,28.539,28.531,28.524,28.503,28.560,28.660,28.797,28.890,28.961,29.011,29.061,29.111,29.168,29.232,29.296,29.382,29.460,29.524,29.581,29.631,29.688,29.744,29.808,29.865,29.922,29.964,29.999,30.035,30.077,30.120,30.148,30.190,30.212,30.233,30.254,30.261,30.289,30.303,30.317,30.339,30.367,30.402,30.451,30.494,30.536,30.585,30.635,30.670,30.698,30.712,30.712,30.712,30.684,30.649,30.613,30.613,30.691,30.775,30.838,30.866,30.895,30.923,30.944,30.923,30.859,30.796,30.754,30.754,30.768,30.761,30.726,30.670,30.613,30.564,30.536,30.522,30.494,30.473,30.444,30.423,30.409,30.388,30.353,30.275,30.197,30.141,30.113,30.134,30.106,30.049,29.985,29.964,29.964,29.971,29.964,29.950,29.943,29.943,29.936,29.922,29.907,29.900,29.886,29.886,29.886,29.886,29.893,29.893,29.900,29.907,29.907,29.907,29.907,29.907,29.900,29.879,29.865,29.865,29.865,29.787,29.695,29.631,29.595,29.595,29.560,29.481,29.389,29.410,29.403,29.396,29.403,29.425,29.517,29.545,29.510,29.496,29.467,29.425,29.375,29.346,29.325,29.282,29.218,29.111,29.025,28.961,28.911,28.811,28.675,28.539,28.431,28.309,28.150,27.920,27.602,27.174,26.751,26.261,25.695,25.096,24.561,24.105,23.730,23.452,23.248,23.067,22.923,22.878,22.885,22.900,22.893,22.832,22.787,22.756,22.726,22.703,22.665,22.635,22.597,22.574,22.566,22.551,22.528,22.506,22.490,22.468,22.437,22.399,22.361,22.330,22.292,22.270,22.270,22.262,22.247,22.224,22.201,22.186,22.170,22.163,22.163,22.163,22.170,22.170,22.178,22.186,22.193,22.201,22.201,22.201,22.201,22.201,22.201,22.201,22.201,22.201,22.201,22.201,22.193,22.193,22.193,22.186,22.178,22.178,22.178,22.170,22.155,22.140,22.125,22.109,22.094,22.079,22.071,22.063,22.048,22.041,22.033,22.033,22.025,22.025,22.018,22.010,22.010,22.010,22.010,22.002,22.002,22.002,21.995,21.995,21.979,21.979,21.972,21.964,21.949,21.941,21.934,21.926,21.911,21.911,21.903,21.895,21.888,21.888,21.888,21.888,21.888,21.888,21.888,21.895,21.895,21.895,21.895,21.888,21.888,21.888,21.888,21.888,21.880,21.880,21.872,21.865,21.857,21.857,21.857,21.849,21.842,21.842,21.842,21.842,21.834,21.834,21.826,21.819,21.811,21.803,21.796,21.788,21.773,21.773,21.765,21.765,21.757,21.750,21.742,21.734,21.719,21.711,21.704,21.696,21.688,21.681,21.673,21.665,21.658,21.650,21.642,21.635,21.635,21.635,21.635,21.627,21.619,21.619,21.619,21.612,21.604,21.604,21.604,21.596,21.589,21.589,21.581,21.573,21.566,21.558,21.550,21.535,21.520,21.512,21.497,21.481,21.466,21.443,21.427,21.412,21.397,21.389,21.381,21.374,21.358,21.343,21.327,21.312,21.297,21.274,21.258,21.235,21.220,21.220,21.227,21.235,21.235,21.235,21.227,21.227,21.235,21.250,21.266,21.281,21.304,21.320,21.327,21.343,21.358,21.374,21.389,21.404,21.420,21.443,21.458,21.474,21.489,21.497,21.504,21.504,21.512,21.512,21.520,21.527,21.527,21.527,21.535,21.543,21.535,21.535,21.527,21.527,21.527,21.527,21.527
,23.933,23.985,23.850,23.753,23.685,23.640,23.602,23.565,23.512,23.459,23.414,23.376,23.331,23.271,23.248,23.226,23.195,23.150,23.127,23.112,23.097,23.074,23.044,23.029,23.006,22.984,22.968,22.953,22.938,22.923,22.900,22.893,22.885,22.870,22.855,22.840,22.824,22.817,22.802,22.802,22.802,22.794,22.779,22.779,22.771,22.764,22.756,22.756,22.756,22.764,22.764,22.764,22.771,22.794,22.794,22.787,22.794,22.824,22.870,22.870,22.878,22.931,23.097,23.142,23.173,23.256,23.527,23.768,24.023,24.300,24.673,25.104,25.584,26.136,26.817,27.493,28.049,28.445,28.510,28.546,28.546,28.531,28.503,28.553,28.653,28.797,28.897,28.961,29.004,29.047,29.097,29.147,29.211,29.282,29.368,29.446,29.517,29.574,29.624,29.680,29.737,29.801,29.865,29.922,29.964,29.999,30.035,30.077,30.120,30.155,30.190,30.219,30.240,30.261,30.268,30.289,30.303,30.310,30.324,30.360,30.395,30.437,30.473,30.515,30.564,30.606,30.656,30.684,30.698,30.698,30.691,30.663,30.620,30.578,30.592,30.677,30.768,30.838,30.866,30.895,30.923,30.944,30.923,30.852,30.789,30.747,30.747,30.761,30.754,30.726,30.670,30.613,30.571,30.536,30.522,30.501,30.473,30.451,30.430,30.409,30.388,30.353,30.275,30.197,30.134,30.106,30.127,30.106,30.049,29.992,29.978,29.992,29.992,29.992,29.978,29.971,29.964,29.950,29.936,29.922,29.907,29.900,29.893,29.893,29.893,29.893,29.893,29.900,29.900,29.900,29.893,29.893,29.893,29.886,29.872,29.851,29.851,29.858,29.780,29.695,29.631,29.595,29.595,29.567,29.481,29.396,29.410,29.403,29.403,29.403,29.425,29.503,29.531,29.510,29.496,29.460,29.410,29.360,29.339,29.318,29.275,29.197,29.090,29.004,28.947,28.890,28.797,28.653,28.524,28.402,28.280,28.100,27.840,27.500,27.101,26.642,26.107,25.518,24.940,24.434,24.008,23.663,23.392,23.210,23.044,22.908,22.862,22.893,22.915,22.900,22.824,22.779,22.749,22.726,22.703,22.665,22.627,22.589,22.574,22.566,22.551,22.536,22.513,22.490,22.468,22.429,22.391,22.353,22.315,22.285,22.262,22.262,22.254,22.247,22.216,22.193,22.170,22.155,22.147,22.155,22.155,22.163,22.163,22.163,22.170,22.178,22.178,22.178,22.186,22.186,22.186,22.193,22.193,22.201,22.201,22.201,22.193,22.193,22.193,22.186,22.186,22.178,22.178,22.178,22.170,22.155,22.140,22.125,22.109,22.094,22.079,22.063,22.056,22.048,22.041,22.041,22.033,22.033,22.025,22.025,22.018,22.010,22.010,22.010,22.010,22.010,22.002,22.002,21.995,21.987,21.979,21.972,21.964,21.949,21.941,21.941,21.926,21.918,21.911,21.903,21.895,21.888,21.888,21.888,21.888,21.888,21.888,21.888,21.895,21.895,21.895,21.888,21.888,21.880,21.880,21.880,21.880,21.880,21.880,21.872,21.865,21.865,21.857,21.857,21.849,21.842,21.842,21.842,21.842,21.834,21.834,21.826,21.819,21.811,21.803,21.803,21.796,21.788,21.773,21.773,21.773,21.757,21.750,21.742,21.734,21.719,21.711,21.704,21.704,21.688,21.681,21.681,21.673,21.673,21.658,21.650,21.642,21.635,21.635,21.635,21.635,21.627,21.619,21.619,21.612,21.604,21.604,21.604,21.596,21.589,21.589,21.581,21.573,21.566,21.550,21.543,21.535,21.520,21.504,21.497,21.481,21.466,21.443,21.427,21.412,21.397,21.389,21.381,21.374,21.366,21.351,21.335,21.320,21.304,21.274,21.258,21.235,21.220,21.220,21.227,21.243,21.243,21.235,21.227,21.220,21.227,21.243,21.258,21.274,21.297,21.320,21.327,21.343,21.366,21.381,21.389,21.404,21.427,21.443,21.458,21.474,21.489,21.497,21.504,21.504,21.512,21.512,21.520,21.527,21.527,21.527,21.535,21.535,21.535,21.535,21.535,21.527,21.527,21.527,21.527
,23.940,24.008,23.910,23.783,23.693,23.640,23.610,23.572,23.520,23.459,23.414,23.376,23.324,23.271,23.233,23.218,23.188,23.150,23.127,23.112,23.097,23.074,23.037,23.021,23.006,22.984,22.961,22.946,22.931,22.915,22.900,22.885,22.878,22.862,22.847,22.832,22.824,22.809,22.802,22.802,22.794,22.787,22.779,22.771,22.764,22.756,22.756,22.756,22.756,22.764,22.764,22.771,22.779,22.794,22.802,22.794,22.794,22.817,22.855,22.862,22.878,22.931,23.082,23.135,23.180,23.271,23.512,23.753,24.008,24.292,24.658,25.089,25.562,26.100,26.773,27.450,28.021,28.416,28.481,28.539,28.560,28.546,28.510,28.553,28.653,28.797,28.904,28.961,29.004,29.040,29.082,29.132,29.197,29.268,29.360,29.439,29.503,29.567,29.617,29.673,29.737,29.794,29.851,29.914,29.964,29.992,30.028,30.077,30.120,30.155,30.197,30.226,30.254,30.268,30.275,30.296,30.303,30.303,30.317,30.346,30.381,30.416,30.451,30.494,30.543,30.585,30.635,30.663,30.677,30.684,30.677,30.649,30.599,30.557,30.585,30.670,30.768,30.838,30.866,30.888,30.923,30.944,30.923,30.852,30.789,30.740,30.740,30.754,30.747,30.726,30.677,30.620,30.571,30.536,30.522,30.508,30.480,30.458,30.430,30.416,30.395,30.360,30.275,30.197,30.134,30.106,30.127,30.106,30.056,29.999,29.999,30.014,30.021,30.021,29.999,29.992,29.985,29.964,29.950,29.936,29.922,29.907,29.900,29.900,29.900,29.900,29.900,29.900,29.900,29.893,29.886,29.886,29.879,29.872,29.858,29.844,29.844,29.844,29.773,29.688,29.631,29.602,29.602,29.567,29.489,29.396,29.410,29.410,29.403,29.410,29.417,29.489,29.524,29.503,29.503,29.453,29.396,29.346,29.332,29.311,29.261,29.175,29.068,28.990,28.932,28.882,28.775,28.632,28.503,28.388,28.258,28.042,27.754,27.391,27.006,26.517,25.953,25.348,24.784,24.307,23.903,23.580,23.331,23.180,23.029,22.893,22.855,22.893,22.915,22.893,22.817,22.771,22.741,22.718,22.711,22.665,22.620,22.589,22.574,22.566,22.559,22.536,22.513,22.490,22.460,22.429,22.384,22.346,22.308,22.277,22.262,22.262,22.254,22.239,22.209,22.178,22.155,22.140,22.132,22.140,22.147,22.155,22.155,22.155,22.155,22.155,22.163,22.163,22.170,22.170,22.178,22.186,22.193,22.193,22.193,22.193,22.193,22.186,22.186,22.186,22.178,22.178,22.178,22.178,22.170,22.155,22.140,22.125,22.109,22.094,22.079,22.063,22.056,22.048,22.041,22.041,22.041,22.041,22.033,22.025,22.025,22.018,22.018,22.018,22.018,22.018,22.010,22.002,21.995,21.987,21.979,21.972,21.964,21.956,21.949,21.941,21.934,21.926,21.918,21.903,21.903,21.895,21.888,21.888,21.888,21.888,21.888,21.888,21.895,21.895,21.895,21.888,21.888,21.880,21.880,21.880,21.880,21.880,21.880,21.872,21.872,21.872,21.865,21.857,21.849,21.842,21.842,21.842,21.842,21.834,21.834,21.826,21.826,21.819,21.811,21.803,21.803,21.796,21.780,21.780,21.773,21.765,21.750,21.742,21.734,21.727,21.711,21.711,21.704,21.696,21.688,21.688,21.688,21.681,21.665,21.658,21.650,21.642,21.642,21.642,21.642,21.635,21.627,21.619,21.612,21.604,21.604,21.604,21.596,21.589,21.589,21.581,21.573,21.558,21.550,21.543,21.535,21.527,21.512,21.497,21.489,21.466,21.450,21.427,21.412,21.397,21.389,21.389,21.381,21.374,21.358,21.343,21.327,21.312,21.281,21.258,21.243,21.227,21.227,21.243,21.250,21.250,21.243,21.227,21.220,21.220,21.235,21.250,21.274,21.297,21.312,21.327,21.343,21.366,21.381,21.397,21.412,21.427,21.450,21.466,21.474,21.489,21.504,21.504,21.504,21.512,21.520,21.527,21.527,21.527,21.535,21.535,21.535,21.535,21.535,21.535,21.535,21.535,21.535,21.535
,23.948,24.038,23.985,23.828,23.708,23.640,23.625,23.595,23.535,23.452,23.407,23.369,23.324,23.271,23.226,23.210,23.188,23.142,23.127,23.112,23.097,23.074,23.037,23.021,22.999,22.976,22.961,22.946,22.931,22.908,22.893,22.885,22.878,22.855,22.847,22.832,22.824,22.817,22.802,22.802,22.794,22.787,22.779,22.771,22.764,22.764,22.756,22.756,22.764,22.771,22.771,22.771,22.779,22.794,22.809,22.802,22.802,22.809,22.832,22.840,22.862,22.915,23.052,23.120,23.180,23.271,23.497,23.730,23.978,24.270,24.643,25.074,25.540,26.070,26.744,27.413,27.992,28.409,28.467,28.539,28.574,28.560,28.517,28.553,28.653,28.804,28.911,28.968,29.004,29.040,29.082,29.132,29.189,29.254,29.346,29.425,29.496,29.560,29.609,29.673,29.730,29.794,29.844,29.907,29.957,29.992,30.028,30.070,30.113,30.155,30.197,30.233,30.261,30.282,30.289,30.296,30.303,30.289,30.303,30.332,30.360,30.388,30.430,30.473,30.522,30.571,30.606,30.627,30.649,30.663,30.656,30.627,30.585,30.543,30.585,30.670,30.761,30.838,30.859,30.888,30.916,30.944,30.923,30.852,30.789,30.747,30.740,30.747,30.740,30.719,30.677,30.627,30.578,30.536,30.529,30.515,30.494,30.466,30.437,30.423,30.402,30.360,30.282,30.197,30.141,30.113,30.127,30.106,30.063,30.014,30.021,30.035,30.042,30.035,30.021,30.006,29.992,29.978,29.964,29.943,29.929,29.914,29.914,29.914,29.914,29.907,29.907,29.900,29.893,29.886,29.879,29.872,29.872,29.865,29.844,29.822,29.829,29.836,29.766,29.688,29.631,29.595,29.595,29.560,29.489,29.396,29.410,29.417,29.417,29.417,29.417,29.481,29.517,29.510,29.517,29.446,29.382,29.339,29.332,29.304,29.247,29.161,29.047,28.975,28.925,28.868,28.754,28.610,28.481,28.366,28.222,27.970,27.638,27.261,26.883,26.364,25.776,25.170,24.635,24.188,23.798,23.489,23.286,23.158,23.021,22.885,22.855,22.900,22.915,22.893,22.809,22.764,22.733,22.718,22.711,22.665,22.620,22.589,22.574,22.574,22.559,22.536,22.513,22.490,22.460,22.422,22.376,22.346,22.308,22.277,22.262,22.262,22.254,22.239,22.201,22.170,22.140,22.125,22.117,22.132,22.140,22.147,22.147,22.147,22.140,22.147,22.147,22.147,22.155,22.163,22.170,22.178,22.186,22.186,22.186,22.186,22.186,22.178,22.178,22.178,22.178,22.178,22.178,22.178,22.170,22.155,22.147,22.132,22.109,22.094,22.079,22.063,22.056,22.048,22.048,22.048,22.048,22.048,22.041,22.033,22.025,22.025,22.025,22.025,22.025,22.018,22.018,22.010,22.002,21.995,21.987,21.979,21.972,21.964,21.956,21.949,21.941,21.934,21.926,21.911,21.903,21.895,21.895,21.888,21.888,21.888,21.888,21.888,21.895,21.895,21.895,21.888,21.888,21.880,21.880,21.880,21.880,21.880,21.880,21.880,21.880,21.872,21.872,21.857,21.849,21.842,21.842,21.842,21.842,21.842,21.842,21.834,21.826,21.826,21.819,21.819,21.811,21.803,21.796,21.788,21.780,21.773,21.757,21.750,21.742,21.727,21.719,21.719,21.711,21.704,21.704,21.696,21.688,21.681,21.681,21.665,21.658,21.650,21.650,21.650,21.642,21.635,21.635,21.619,21.612,21.604,21.604,21.604,21.596,21.589,21.589,21.581,21.573,21.566,21.558,21.550,21.543,21.535,21.520,21.512,21.497,21.481,21.458,21.443,21.420,21.404,21.397,21.397,21.389,21.381,21.366,21.358,21.343,21.320,21.289,21.266,21.250,21.235,21.243,21.250,21.258,21.258,21.250,21.235,21.220,21.220,21.227,21.243,21.266,21.289,21.312,21.327,21.343,21.366,21.381,21.397,21.412,21.435,21.450,21.466,21.481,21.497,21.504,21.512,21.512,21.520,21.527,21.527,21.535,21.535,21.543,21.543,21.543,21.543,21.543,21.543,21.543,21.543,21.543,21.543
,23.955,24.045,23.985,23.828,23.700,23.632,23.610,23.587,23.527,23.452,23.399,23.361,23.316,23.263,23.233,23.218,23.188,23.142,23.127,23.112,23.097,23.074,23.044,23.029,23.006,22.984,22.961,22.946,22.931,22.915,22.900,22.893,22.878,22.862,22.855,22.847,22.840,22.824,22.817,22.809,22.802,22.794,22.787,22.779,22.779,22.771,22.771,22.771,22.779,22.779,22.779,22.779,22.787,22.794,22.824,22.824,22.817,22.794,22.771,22.794,22.840,22.885,22.991,23.082,23.173,23.271,23.474,23.700,23.955,24.262,24.628,25.059,25.533,26.056,26.707,27.384,27.977,28.409,28.452,28.539,28.582,28.560,28.517,28.553,28.653,28.804,28.911,28.968,29.011,29.040,29.082,29.125,29.175,29.239,29.332,29.410,29.481,29.545,29.602,29.659,29.723,29.780,29.836,29.893,29.943,29.985,30.021,30.063,30.113,30.155,30.197,30.233,30.268,30.289,30.289,30.303,30.296,30.282,30.289,30.310,30.346,30.381,30.416,30.451,30.494,30.543,30.578,30.606,30.627,30.642,30.635,30.606,30.571,30.543,30.585,30.663,30.747,30.824,30.852,30.881,30.916,30.944,30.916,30.859,30.803,30.754,30.747,30.747,30.733,30.712,30.677,30.635,30.592,30.543,30.536,30.522,30.508,30.480,30.451,30.430,30.409,30.374,30.303,30.219,30.155,30.127,30.134,30.113,30.070,30.028,30.021,30.035,30.042,30.035,30.021,30.006,29.992,29.978,29.964,29.950,29.936,29.922,29.914,29.914,29.914,29.907,29.907,29.900,29.893,29.879,29.872,29.865,29.858,29.851,29.822,29.815,29.815,29.815,29.751,29.680,29.631,29.595,29.595,29.553,29.481,29.403,29.417,29.425,29.425,29.417,29.417,29.474,29.510,29.517,29.517,29.432,29.368,29.332,29.332,29.304,29.239,29.140,29.032,28.968,28.911,28.839,28.718,28.582,28.445,28.301,28.129,27.855,27.500,27.086,26.693,26.158,25.562,24.948,24.457,24.045,23.708,23.444,23.256,23.135,23.014,22.893,22.862,22.908,22.923,22.885,22.802,22.756,22.733,22.711,22.711,22.665,22.627,22.597,22.574,22.574,22.559,22.536,22.506,22.483,22.452,22.422,22.376,22.346,22.308,22.277,22.262,22.262,22.247,22.231,22.193,22.155,22.125,22.109,22.109,22.117,22.132,22.140,22.140,22.140,22.140,22.140,22.147,22.147,22.155,22.163,22.163,22.170,22.178,22.178,22.186,22.178,22.178,22.178,22.178,22.178,22.178,22.178,22.178,22.178,22.170,22.155,22.140,22.125,22.109,22.094,22.079,22.063,22.056,22.048,22.048,22.048,22.048,22.048,22.048,22.041,22.033,22.025,22.025,22.025,22.025,22.018,22.018,22.018,22.010,21.995,21.995,21.979,21.972,21.964,21.964,21.956,21.949,21.934,21.934,21.926,21.918,21.903,21.895,21.888,21.888,21.888,21.888,21.895,21.895,21.895,21.895,21.895,21.888,21.880,21.880,21.880,21.880,21.880,21.880,21.880,21.880,21.880,21.872,21.857,21.849,21.842,21.842,21.842,21.842,21.842,21.842,21.842,21.842,21.834,21.826,21.826,21.819,21.811,21.803,21.803,21.796,21.780,21.773,21.757,21.750,21.734,21.727,21.719,21.711,21.704,21.704,21.696,21.688,21.681,21.681,21.665,21.658,21.650,21.650,21.650,21.642,21.635,21.635,21.627,21.619,21.612,21.604,21.604,21.596,21.589,21.589,21.581,21.581,21.573,21.573,21.573,21.566,21.558,21.550,21.543,21.527,21.504,21.481,21.466,21.443,21.420,21.404,21.412,21.404,21.397,21.381,21.366,21.351,21.327,21.304,21.281,21.258,21.243,21.243,21.258,21.266,21.266,21.258,21.243,21.227,21.227,21.227,21.243,21.266,21.289,21.304,21.320,21.343,21.366,21.389,21.404,21.420,21.435,21.458,21.474,21.489,21.504,21.512,21.520,21.520,21.527,21.535,21.535,21.535,21.543,21.543,21.543,21.550,21.550,21.550,21.550,21.550,21.550,21.550,21.550
,23.955,24.053,23.978,23.820,23.693,23.625,23.602,23.580,23.527,23.444,23.399,23.361,23.316,23.263,23.233,23.218,23.188,23.142,23.127,23.112,23.097,23.074,23.044,23.029,23.006,22.984,22.968,22.953,22.946,22.931,22.908,22.900,22.885,22.878,22.862,22.855,22.847,22.840,22.824,22.817,22.809,22.809,22.802,22.794,22.794,22.794,22.787,22.787,22.787,22.794,22.794,22.794,22.794,22.794,22.832,22.840,22.824,22.794,22.749,22.779,22.824,22.878,22.976,23.074,23.173,23.271,23.467,23.685,23.940,24.247,24.621,25.052,25.518,26.034,26.686,27.362,27.963,28.395,28.431,28.531,28.582,28.574,28.531,28.553,28.653,28.811,28.911,28.968,29.011,29.047,29.082,29.118,29.168,29.225,29.318,29.396,29.467,29.531,29.581,29.645,29.709,29.766,29.815,29.879,29.929,29.971,30.006,30.049,30.098,30.141,30.190,30.233,30.268,30.282,30.289,30.296,30.289,30.275,30.275,30.296,30.332,30.367,30.395,30.430,30.473,30.522,30.557,30.585,30.606,30.620,30.620,30.585,30.557,30.543,30.585,30.663,30.740,30.810,30.845,30.881,30.916,30.937,30.923,30.866,30.810,30.761,30.747,30.740,30.726,30.705,30.677,30.642,30.599,30.550,30.536,30.529,30.515,30.494,30.466,30.444,30.423,30.395,30.324,30.247,30.176,30.141,30.148,30.134,30.091,30.042,30.006,30.021,30.028,30.028,30.006,29.992,29.985,29.971,29.957,29.943,29.936,29.922,29.914,29.914,29.914,29.907,29.907,29.900,29.893,29.886,29.872,29.865,29.858,29.844,29.815,29.801,29.801,29.801,29.737,29.680,29.631,29.595,29.588,29.545,29.481,29.410,29.425,29.432,29.425,29.410,29.410,29.460,29.510,29.538,29.524,29.439,29.368,29.339,29.325,29.289,29.218,29.111,29.011,28.954,28.897,28.825,28.696,28.560,28.409,28.244,28.049,27.746,27.377,26.963,26.532,25.967,25.370,24.777,24.300,23.925,23.617,23.376,23.210,23.120,23.006,22.885,22.870,22.908,22.923,22.885,22.794,22.749,22.726,22.711,22.703,22.673,22.635,22.604,22.582,22.574,22.559,22.536,22.506,22.483,22.452,22.422,22.384,22.346,22.315,22.285,22.270,22.262,22.247,22.224,22.186,22.155,22.125,22.102,22.094,22.109,22.117,22.125,22.132,22.132,22.132,22.140,22.155,22.155,22.163,22.163,22.170,22.170,22.178,22.170,22.170,22.170,22.163,22.163,22.170,22.178,22.178,22.178,22.178,22.178,22.170,22.155,22.140,22.125,22.109,22.094,22.079,22.071,22.063,22.048,22.048,22.048,22.056,22.048,22.048,22.041,22.033,22.033,22.033,22.033,22.025,22.025,22.025,22.018,22.010,22.002,21.995,21.987,21.979,21.972,21.964,21.956,21.949,21.941,21.934,21.934,21.926,21.911,21.895,21.888,21.888,21.888,21.888,21.895,21.903,21.903,21.903,21.903,21.895,21.888,21.888,21.888,21.888,21.888,21.888,21.888,21.888,21.880,21.872,21.865,21.857,21.849,21.849,21.849,21.849,21.857,21.857,21.849,21.849,21.849,21.842,21.834,21.826,21.819,21.811,21.811,21.803,21.796,21.780,21.773,21.757,21.742,21.727,21.727,21.719,21.704,21.696,21.696,21.688,21.681,21.673,21.665,21.658,21.650,21.650,21.650,21.642,21.642,21.635,21.627,21.619,21.612,21.604,21.604,21.596,21.589,21.589,21.596,21.596,21.589,21.596,21.596,21.596,21.589,21.581,21.573,21.566,21.543,21.512,21.489,21.458,21.435,21.427,21.427,21.427,21.412,21.397,21.381,21.358,21.335,21.312,21.289,21.274,21.258,21.250,21.258,21.266,21.266,21.258,21.243,21.235,21.235,21.243,21.250,21.266,21.281,21.304,21.320,21.343,21.374,21.389,21.404,21.420,21.435,21.458,21.474,21.489,21.504,21.520,21.527,21.527,21.535,21.543,21.550,21.550,21.550,21.558,21.558,21.558,21.558,21.558,21.558,21.558,21.558,21.558,21.558
,23.955,24.053,23.970,23.813,23.685,23.617,23.602,23.580,23.520,23.444,23.399,23.361,23.316,23.271,23.241,23.218,23.188,23.142,23.127,23.112,23.097,23.074,23.044,23.029,23.006,22.984,22.968,22.961,22.953,22.938,22.923,22.908,22.893,22.885,22.870,22.862,22.855,22.847,22.832,22.824,22.824,22.817,22.809,22.809,22.809,22.809,22.802,22.802,22.802,22.802,22.802,22.802,22.794,22.794,22.840,22.847,22.832,22.794,22.749,22.771,22.817,22.878,22.976,23.074,23.173,23.271,23.459,23.670,23.925,24.232,24.613,25.037,25.503,26.012,26.664,27.348,27.949,28.381,28.402,28.524,28.589,28.589,28.539,28.560,28.660,28.811,28.911,28.968,29.018,29.054,29.090,29.125,29.161,29.218,29.304,29.382,29.453,29.517,29.567,29.631,29.695,29.751,29.808,29.858,29.914,29.964,29.999,30.042,30.084,30.134,30.176,30.233,30.268,30.282,30.282,30.289,30.289,30.275,30.268,30.282,30.310,30.346,30.367,30.409,30.451,30.501,30.536,30.571,30.592,30.606,30.606,30.571,30.543,30.529,30.571,30.649,30.726,30.789,30.831,30.866,30.909,30.937,30.923,30.881,30.824,30.775,30.747,30.733,30.719,30.698,30.670,30.642,30.606,30.550,30.536,30.529,30.522,30.508,30.473,30.451,30.437,30.409,30.346,30.268,30.197,30.155,30.162,30.148,30.106,30.049,29.999,30.014,30.028,30.021,29.999,29.985,29.978,29.964,29.957,29.943,29.936,29.929,29.922,29.922,29.914,29.907,29.907,29.900,29.893,29.886,29.872,29.865,29.851,29.836,29.815,29.794,29.794,29.794,29.730,29.673,29.631,29.602,29.581,29.545,29.481,29.410,29.439,29.439,29.425,29.410,29.403,29.446,29.503,29.545,29.524,29.446,29.375,29.339,29.311,29.268,29.189,29.082,28.990,28.940,28.890,28.818,28.682,28.531,28.381,28.215,27.985,27.645,27.268,26.861,26.386,25.798,25.193,24.628,24.180,23.828,23.535,23.301,23.165,23.097,23.006,22.885,22.870,22.908,22.923,22.885,22.802,22.749,22.726,22.711,22.696,22.673,22.642,22.612,22.582,22.574,22.559,22.536,22.506,22.483,22.460,22.422,22.391,22.353,22.315,22.277,22.270,22.262,22.247,22.224,22.178,22.147,22.125,22.102,22.094,22.102,22.109,22.117,22.125,22.125,22.132,22.147,22.155,22.163,22.163,22.170,22.170,22.170,22.170,22.170,22.163,22.163,22.163,22.163,22.163,22.170,22.178,22.178,22.178,22.170,22.163,22.147,22.140,22.125,22.117,22.102,22.079,22.071,22.063,22.056,22.056,22.056,22.056,22.056,22.048,22.041,22.041,22.033,22.033,22.033,22.033,22.025,22.025,22.018,22.018,22.010,22.002,21.995,21.987,21.979,21.964,21.964,21.956,21.949,21.941,21.934,21.934,21.926,21.911,21.895,21.888,21.888,21.888,21.895,21.903,21.911,21.911,21.903,21.903,21.895,21.895,21.895,21.895,21.895,21.895,21.895,21.895,21.888,21.880,21.872,21.865,21.857,21.857,21.857,21.857,21.865,21.865,21.857,21.857,21.857,21.849,21.842,21.834,21.826,21.819,21.819,21.819,21.803,21.796,21.780,21.765,21.750,21.742,21.727,21.719,21.711,21.704,21.696,21.696,21.688,21.673,21.665,21.665,21.658,21.650,21.650,21.650,21.642,21.635,21.627,21.627,21.619,21.612,21.604,21.604,21.596,21.596,21.604,21.604,21.612,21.619,21.619,21.619,21.612,21.604,21.604,21.589,21.566,21.535,21.504,21.474,21.450,21.443,21.443,21.443,21.427,21.412,21.389,21.374,21.351,21.320,21.304,21.289,21.266,21.258,21.266,21.266,21.266,21.258,21.250,21.250,21.250,21.250,21.258,21.266,21.281,21.297,21.320,21.343,21.374,21.389,21.404,21.420,21.435,21.458,21.481,21.497,21.520,21.527,21.535,21.543,21.543,21.550,21.558,21.558,21.558,21.566,21.566,21.566,21.566,21.566,21.566,21.566,21.566,21.566,21.566
,23.955,24.045,23.963,23.798,23.678,23.617,23.610,23.580,23.520,23.444,23.399,23.361,23.324,23.271,23.241,23.226,23.188,23.150,23.127,23.112,23.097,23.074,23.044,23.029,23.006,22.984,22.976,22.968,22.961,22.946,22.931,22.915,22.900,22.885,22.878,22.870,22.862,22.847,22.840,22.832,22.824,22.817,22.817,22.817,22.824,22.824,22.817,22.809,22.809,22.817,22.817,22.802,22.794,22.802,22.847,22.855,22.840,22.802,22.756,22.771,22.817,22.878,22.991,23.089,23.173,23.271,23.444,23.655,23.910,24.217,24.606,25.037,25.496,26.004,26.649,27.333,27.934,28.366,28.388,28.517,28.596,28.603,28.553,28.567,28.660,28.818,28.911,28.975,29.025,29.068,29.104,29.125,29.161,29.211,29.296,29.368,29.439,29.503,29.560,29.624,29.688,29.744,29.794,29.851,29.900,29.950,29.992,30.035,30.070,30.113,30.162,30.226,30.268,30.275,30.275,30.282,30.282,30.282,30.261,30.268,30.289,30.317,30.353,30.381,30.430,30.480,30.522,30.557,30.578,30.592,30.592,30.557,30.529,30.515,30.557,30.627,30.698,30.761,30.810,30.845,30.888,30.930,30.930,30.895,30.838,30.782,30.740,30.726,30.705,30.691,30.663,30.649,30.613,30.564,30.536,30.543,30.536,30.515,30.480,30.458,30.444,30.423,30.367,30.282,30.212,30.169,30.169,30.155,30.120,30.063,30.006,30.021,30.035,30.021,29.999,29.985,29.971,29.964,29.957,29.950,29.943,29.943,29.929,29.929,29.922,29.907,29.907,29.900,29.893,29.879,29.872,29.858,29.851,29.836,29.808,29.794,29.787,29.787,29.723,29.673,29.631,29.602,29.581,29.545,29.489,29.425,29.446,29.446,29.439,29.417,29.410,29.439,29.496,29.553,29.517,29.446,29.389,29.346,29.304,29.239,29.161,29.061,28.968,28.918,28.868,28.804,28.660,28.503,28.352,28.194,27.912,27.529,27.145,26.751,26.246,25.636,25.037,24.494,24.083,23.745,23.459,23.241,23.142,23.082,22.999,22.885,22.878,22.915,22.923,22.893,22.809,22.756,22.718,22.703,22.688,22.680,22.650,22.620,22.589,22.574,22.559,22.544,22.506,22.483,22.460,22.437,22.391,22.361,22.315,22.270,22.270,22.262,22.247,22.224,22.178,22.147,22.125,22.102,22.094,22.094,22.102,22.117,22.117,22.125,22.132,22.147,22.155,22.163,22.170,22.170,22.170,22.170,22.170,22.163,22.163,22.163,22.163,22.163,22.170,22.170,22.178,22.178,22.178,22.170,22.163,22.147,22.140,22.125,22.117,22.102,22.086,22.079,22.071,22.071,22.063,22.063,22.063,22.056,22.056,22.048,22.041,22.041,22.041,22.041,22.033,22.033,22.033,22.033,22.025,22.018,22.010,22.002,21.995,21.987,21.979,21.972,21.964,21.956,21.949,21.949,21.941,21.934,21.918,21.911,21.895,21.895,21.895,21.903,21.911,21.918,21.918,21.911,21.911,21.903,21.903,21.903,21.903,21.903,21.903,21.903,21.895,21.888,21.888,21.872,21.865,21.865,21.865,21.865,21.872,21.872,21.872,21.872,21.865,21.865,21.857,21.849,21.842,21.834,21.834,21.834,21.826,21.819,21.803,21.788,21.780,21.765,21.750,21.742,21.727,21.727,21.711,21.704,21.696,21.696,21.681,21.673,21.665,21.658,21.658,21.650,21.650,21.642,21.642,21.635,21.627,21.627,21.619,21.612,21.612,21.604,21.612,21.612,21.619,21.627,21.627,21.627,21.627,21.627,21.612,21.604,21.596,21.573,21.543,21.512,21.481,21.458,21.450,21.450,21.450,21.443,21.420,21.404,21.381,21.366,21.343,21.320,21.304,21.289,21.274,21.274,21.274,21.274,21.266,21.266,21.266,21.266,21.266,21.266,21.274,21.289,21.297,21.320,21.343,21.366,21.389,21.404,21.420,21.443,21.466,21.489,21.504,21.527,21.535,21.543,21.550,21.558,21.566,21.566,21.566,21.573,21.573,21.573,21.581,21.581,21.581,21.581,21.581,21.581,21.581,21.581
,23.933,24.038,23.933,23.775,23.670,23.625,23.610,23.565,23.505,23.444,23.399,23.369,23.324,23.271,23.241,23.218,23.188,23.150,23.142,23.112,23.089,23.067,23.037,23.021,22.999,22.976,22.961,22.961,22.953,22.938,22.923,22.908,22.893,22.878,22.878,22.870,22.862,22.847,22.840,22.832,22.824,22.817,22.817,22.817,22.824,22.824,22.824,22.809,22.809,22.817,22.817,22.809,22.802,22.802,22.847,22.855,22.840,22.809,22.779,22.794,22.832,22.893,23.014,23.105,23.188,23.278,23.437,23.648,23.895,24.203,24.591,25.029,25.488,25.990,26.627,27.319,27.920,28.345,28.366,28.517,28.610,28.617,28.567,28.582,28.668,28.818,28.918,28.982,29.032,29.075,29.111,29.132,29.161,29.211,29.289,29.360,29.425,29.489,29.545,29.609,29.673,29.737,29.787,29.836,29.893,29.950,29.992,30.021,30.063,30.106,30.155,30.226,30.268,30.275,30.268,30.268,30.282,30.289,30.268,30.275,30.289,30.310,30.353,30.381,30.423,30.480,30.522,30.550,30.564,30.571,30.557,30.529,30.508,30.508,30.550,30.606,30.670,30.726,30.768,30.810,30.852,30.909,30.930,30.923,30.866,30.782,30.740,30.719,30.698,30.677,30.663,30.656,30.635,30.606,30.557,30.557,30.550,30.522,30.487,30.466,30.451,30.430,30.381,30.296,30.226,30.176,30.169,30.162,30.127,30.077,30.028,30.042,30.049,30.042,30.021,29.999,29.985,29.971,29.964,29.957,29.957,29.950,29.943,29.929,29.922,29.907,29.900,29.893,29.886,29.872,29.865,29.851,29.844,29.829,29.801,29.787,29.780,29.773,29.723,29.673,29.638,29.602,29.588,29.545,29.496,29.439,29.460,29.474,29.467,29.453,29.446,29.460,29.503,29.553,29.503,29.446,29.396,29.346,29.289,29.218,29.125,29.025,28.947,28.890,28.825,28.732,28.610,28.452,28.280,28.078,27.811,27.406,26.992,26.576,26.070,25.437,24.844,24.337,23.985,23.670,23.407,23.226,23.135,23.082,22.999,22.908,22.893,22.915,22.923,22.900,22.840,22.771,22.726,22.696,22.673,22.673,22.658,22.627,22.597,22.582,22.559,22.544,22.506,22.483,22.460,22.437,22.399,22.361,22.315,22.270,22.262,22.254,22.239,22.216,22.178,22.147,22.125,22.109,22.102,22.102,22.109,22.117,22.117,22.125,22.125,22.140,22.147,22.147,22.155,22.163,22.170,22.170,22.170,22.170,22.170,22.170,22.170,22.170,22.178,22.178,22.178,22.178,22.178,22.170,22.163,22.155,22.147,22.132,22.125,22.109,22.102,22.094,22.086,22.071,22.071,22.063,22.063,22.056,22.056,22.048,22.048,22.041,22.041,22.041,22.041,22.033,22.033,22.033,22.033,22.025,22.018,22.018,22.010,21.995,21.987,21.979,21.972,21.956,21.956,21.956,21.956,21.949,21.934,21.918,21.911,21.903,21.903,21.911,21.918,21.918,21.918,21.911,21.911,21.903,21.903,21.903,21.903,21.903,21.903,21.903,21.895,21.895,21.888,21.872,21.865,21.865,21.865,21.872,21.872,21.872,21.872,21.872,21.865,21.865,21.865,21.857,21.849,21.842,21.834,21.834,21.834,21.826,21.819,21.796,21.788,21.773,21.765,21.757,21.742,21.734,21.727,21.727,21.711,21.704,21.696,21.688,21.681,21.665,21.658,21.650,21.642,21.642,21.635,21.635,21.635,21.635,21.627,21.627,21.627,21.627,21.627,21.627,21.627,21.627,21.627,21.619,21.612,21.604,21.581,21.573,21.558,21.543,21.512,21.489,21.458,21.443,21.443,21.443,21.450,21.443,21.435,21.420,21.404,21.389,21.366,21.343,21.320,21.304,21.289,21.289,21.289,21.289,21.281,21.281,21.274,21.274,21.274,21.281,21.289,21.297,21.304,21.320,21.335,21.351,21.374,21.397,21.412,21.443,21.474,21.489,21.512,21.527,21.543,21.550,21.558,21.566,21.573,21.573,21.573,21.573,21.581,21.581,21.581,21.581,21.581,21.581,21.581,21.581,21.581,21.581
,23.925,24.038,23.910,23.760,23.663,23.625,23.610,23.565,23.505,23.437,23.399,23.354,23.309,23.263,23.241,23.218,23.180,23.142,23.127,23.105,23.082,23.059,23.021,23.006,22.984,22.961,22.953,22.946,22.946,22.931,22.915,22.908,22.893,22.878,22.870,22.862,22.855,22.847,22.832,22.824,22.824,22.817,22.817,22.817,22.824,22.824,22.817,22.809,22.802,22.809,22.809,22.809,22.802,22.802,22.847,22.855,22.840,22.809,22.787,22.802,22.840,22.893,23.029,23.112,23.188,23.278,23.444,23.632,23.880,24.180,24.576,25.007,25.466,25.967,26.605,27.304,27.905,28.330,28.359,28.517,28.625,28.639,28.574,28.589,28.675,28.818,28.918,28.982,29.040,29.082,29.111,29.132,29.168,29.218,29.289,29.353,29.417,29.474,29.531,29.595,29.659,29.723,29.773,29.815,29.879,29.936,29.985,30.021,30.056,30.098,30.155,30.219,30.268,30.282,30.268,30.268,30.282,30.303,30.317,30.317,30.317,30.332,30.360,30.395,30.437,30.480,30.522,30.543,30.557,30.564,30.543,30.515,30.494,30.508,30.550,30.606,30.663,30.719,30.754,30.782,30.831,30.881,30.909,30.923,30.873,30.775,30.733,30.712,30.698,30.691,30.684,30.684,30.677,30.649,30.585,30.564,30.550,30.529,30.494,30.473,30.458,30.437,30.388,30.303,30.233,30.190,30.183,30.176,30.148,30.091,30.056,30.063,30.070,30.056,30.035,30.006,29.992,29.978,29.971,29.964,29.964,29.957,29.943,29.929,29.922,29.907,29.893,29.886,29.879,29.872,29.865,29.858,29.844,29.836,29.815,29.794,29.773,29.758,29.723,29.680,29.638,29.602,29.588,29.553,29.496,29.453,29.467,29.496,29.524,29.545,29.560,29.553,29.553,29.553,29.496,29.439,29.396,29.339,29.275,29.197,29.104,29.004,28.925,28.868,28.789,28.682,28.539,28.381,28.186,27.956,27.638,27.232,26.817,26.378,25.835,25.207,24.643,24.173,23.865,23.587,23.354,23.195,23.127,23.082,23.014,22.915,22.900,22.915,22.923,22.908,22.862,22.787,22.726,22.696,22.665,22.673,22.673,22.650,22.604,22.582,22.566,22.544,22.513,22.490,22.460,22.437,22.407,22.369,22.315,22.270,22.262,22.254,22.239,22.209,22.170,22.147,22.132,22.117,22.109,22.109,22.117,22.125,22.125,22.125,22.125,22.125,22.132,22.140,22.147,22.147,22.163,22.163,22.170,22.170,22.186,22.186,22.186,22.186,22.193,22.186,22.186,22.178,22.178,22.170,22.163,22.155,22.147,22.140,22.132,22.125,22.109,22.102,22.094,22.086,22.071,22.071,22.063,22.056,22.056,22.056,22.048,22.048,22.048,22.048,22.041,22.041,22.041,22.041,22.041,22.033,22.025,22.025,22.010,22.002,21.987,21.979,21.972,21.964,21.964,21.964,21.964,21.964,21.949,21.934,21.926,21.918,21.918,21.918,21.918,21.918,21.918,21.918,21.911,21.903,21.903,21.895,21.895,21.895,21.895,21.895,21.903,21.895,21.888,21.880,21.872,21.865,21.865,21.872,21.880,21.880,21.880,21.872,21.865,21.865,21.865,21.857,21.849,21.849,21.842,21.842,21.834,21.826,21.819,21.803,21.788,21.780,21.773,21.765,21.757,21.750,21.750,21.742,21.734,21.727,21.711,21.696,21.681,21.665,21.650,21.642,21.635,21.627,21.627,21.635,21.635,21.642,21.642,21.650,21.650,21.650,21.642,21.642,21.627,21.619,21.604,21.596,21.581,21.566,21.535,21.520,21.504,21.481,21.458,21.443,21.427,21.412,21.420,21.427,21.443,21.443,21.443,21.435,21.420,21.412,21.389,21.366,21.343,21.320,21.312,21.304,21.304,21.304,21.297,21.289,21.289,21.281,21.289,21.289,21.297,21.304,21.312,21.320,21.327,21.343,21.366,21.389,21.412,21.443,21.474,21.489,21.512,21.535,21.550,21.558,21.566,21.566,21.573,21.581,21.581,21.581,21.581,21.589,21.589,21.589,21.589,21.589,21.589,21.589,21.589,21.589
,23.933,24.038,23.903,23.745,23.655,23.625,23.610,23.565,23.497,23.437,23.399,23.339,23.293,23.263,23.241,23.210,23.180,23.142,23.120,23.105,23.074,23.044,23.014,22.991,22.976,22.953,22.938,22.938,22.931,22.923,22.908,22.900,22.885,22.870,22.862,22.862,22.855,22.847,22.832,22.824,22.817,22.809,22.809,22.817,22.817,22.817,22.809,22.802,22.794,22.802,22.802,22.802,22.802,22.802,22.840,22.847,22.832,22.809,22.794,22.809,22.840,22.893,23.037,23.127,23.195,23.278,23.444,23.632,23.858,24.150,24.546,24.977,25.429,25.923,26.576,27.290,27.898,28.323,28.352,28.524,28.639,28.653,28.589,28.596,28.682,28.825,28.925,28.990,29.047,29.097,29.118,29.140,29.168,29.225,29.296,29.346,29.396,29.453,29.510,29.574,29.638,29.702,29.751,29.801,29.858,29.922,29.971,30.006,30.049,30.091,30.141,30.212,30.261,30.289,30.268,30.268,30.282,30.317,30.353,30.353,30.339,30.339,30.367,30.395,30.437,30.473,30.508,30.529,30.543,30.550,30.536,30.508,30.494,30.508,30.557,30.613,30.670,30.719,30.747,30.768,30.803,30.852,30.888,30.909,30.866,30.761,30.726,30.712,30.705,30.698,30.698,30.712,30.712,30.691,30.599,30.571,30.550,30.522,30.494,30.473,30.458,30.437,30.395,30.317,30.247,30.197,30.190,30.190,30.162,30.113,30.077,30.084,30.091,30.077,30.056,30.028,30.006,29.985,29.978,29.978,29.971,29.964,29.950,29.936,29.922,29.907,29.893,29.886,29.879,29.865,29.865,29.858,29.851,29.844,29.822,29.801,29.780,29.758,29.730,29.688,29.645,29.602,29.588,29.553,29.503,29.453,29.467,29.503,29.545,29.595,29.638,29.617,29.588,29.553,29.489,29.439,29.389,29.339,29.261,29.175,29.082,28.982,28.904,28.832,28.754,28.632,28.467,28.294,28.093,27.826,27.442,27.043,26.627,26.173,25.570,24.963,24.434,24.000,23.730,23.482,23.286,23.142,23.112,23.074,23.014,22.923,22.900,22.915,22.923,22.915,22.885,22.809,22.741,22.696,22.673,22.680,22.688,22.665,22.604,22.582,22.566,22.551,22.513,22.490,22.468,22.437,22.414,22.376,22.323,22.270,22.262,22.254,22.239,22.209,22.170,22.147,22.132,22.125,22.117,22.125,22.125,22.132,22.132,22.125,22.117,22.117,22.125,22.125,22.132,22.140,22.155,22.163,22.170,22.178,22.193,22.201,22.201,22.201,22.201,22.193,22.186,22.178,22.178,22.170,22.163,22.163,22.155,22.147,22.147,22.140,22.125,22.117,22.102,22.094,22.079,22.071,22.071,22.063,22.056,22.056,22.056,22.056,22.056,22.048,22.048,22.048,22.048,22.048,22.048,22.041,22.033,22.025,22.018,22.010,22.002,21.987,21.979,21.972,21.972,21.972,21.979,21.972,21.964,21.949,21.941,21.934,21.926,21.926,21.926,21.926,21.918,21.918,21.918,21.911,21.903,21.895,21.895,21.895,21.895,21.903,21.903,21.903,21.895,21.880,21.872,21.865,21.872,21.880,21.880,21.888,21.880,21.872,21.865,21.865,21.865,21.857,21.857,21.857,21.849,21.849,21.842,21.834,21.819,21.811,21.803,21.788,21.780,21.780,21.773,21.773,21.765,21.757,21.750,21.742,21.727,21.704,21.688,21.673,21.650,21.642,21.635,21.627,21.627,21.635,21.642,21.650,21.658,21.665,21.665,21.665,21.658,21.650,21.635,21.612,21.596,21.581,21.558,21.535,21.504,21.489,21.466,21.443,21.427,21.412,21.404,21.397,21.404,21.420,21.435,21.450,21.450,21.450,21.443,21.427,21.404,21.381,21.358,21.335,21.327,21.320,21.320,21.320,21.312,21.297,21.297,21.289,21.297,21.304,21.312,21.320,21.320,21.320,21.320,21.335,21.358,21.381,21.412,21.443,21.474,21.489,21.512,21.535,21.550,21.566,21.566,21.573,21.581,21.581,21.589,21.589,21.589,21.596,21.596,21.596,21.596,21.596,21.596,21.596,21.596,21.596
,23.940,24.038,23.888,23.738,23.655,23.632,23.602,23.557,23.497,23.437,23.392,23.339,23.293,23.256,23.233,23.203,23.173,23.142,23.127,23.105,23.074,23.029,23.006,22.991,22.976,22.961,22.938,22.938,22.931,22.915,22.908,22.893,22.885,22.878,22.862,22.855,22.847,22.840,22.832,22.824,22.817,22.809,22.809,22.809,22.809,22.809,22.802,22.794,22.787,22.787,22.794,22.794,22.794,22.802,22.840,22.840,22.824,22.802,22.802,22.809,22.840,22.893,23.052,23.135,23.195,23.271,23.452,23.625,23.843,24.113,24.501,24.926,25.370,25.864,26.539,27.275,27.898,28.323,28.352,28.531,28.660,28.675,28.603,28.603,28.689,28.832,28.925,29.004,29.068,29.111,29.125,29.147,29.182,29.232,29.296,29.339,29.382,29.432,29.489,29.545,29.617,29.680,29.730,29.780,29.836,29.900,29.957,29.992,30.035,30.070,30.120,30.190,30.247,30.282,30.261,30.254,30.275,30.324,30.367,30.367,30.353,30.346,30.360,30.388,30.423,30.458,30.480,30.501,30.522,30.536,30.522,30.501,30.494,30.515,30.564,30.627,30.677,30.726,30.754,30.768,30.789,30.817,30.852,30.866,30.831,30.754,30.719,30.719,30.712,30.698,30.705,30.726,30.733,30.719,30.606,30.571,30.550,30.522,30.494,30.473,30.458,30.444,30.409,30.332,30.261,30.219,30.204,30.197,30.176,30.127,30.077,30.098,30.106,30.098,30.077,30.042,30.021,30.006,29.992,29.985,29.978,29.971,29.957,29.943,29.929,29.907,29.900,29.886,29.879,29.872,29.865,29.858,29.851,29.844,29.829,29.822,29.794,29.758,29.737,29.702,29.659,29.609,29.588,29.560,29.510,29.453,29.467,29.496,29.538,29.595,29.652,29.638,29.602,29.560,29.481,29.432,29.382,29.332,29.247,29.154,29.061,28.968,28.882,28.804,28.711,28.589,28.395,28.208,27.985,27.688,27.261,26.853,26.422,25.945,25.304,24.725,24.232,23.843,23.587,23.369,23.195,23.082,23.082,23.059,23.006,22.923,22.900,22.908,22.915,22.915,22.915,22.840,22.764,22.703,22.696,22.696,22.696,22.665,22.612,22.582,22.566,22.551,22.513,22.498,22.475,22.445,22.414,22.376,22.323,22.270,22.262,22.254,22.239,22.209,22.170,22.155,22.140,22.132,22.132,22.132,22.132,22.132,22.125,22.117,22.109,22.109,22.109,22.117,22.125,22.140,22.147,22.155,22.163,22.178,22.193,22.201,22.209,22.209,22.201,22.201,22.193,22.178,22.170,22.170,22.170,22.163,22.163,22.163,22.155,22.140,22.140,22.125,22.117,22.102,22.086,22.079,22.071,22.071,22.063,22.063,22.063,22.071,22.063,22.063,22.056,22.056,22.056,22.056,22.056,22.056,22.048,22.033,22.025,22.018,22.010,21.995,21.987,21.987,21.987,21.987,21.995,21.995,21.979,21.972,21.956,21.949,21.941,21.941,21.934,21.934,21.926,21.926,21.918,21.918,21.911,21.903,21.895,21.895,21.903,21.903,21.911,21.911,21.903,21.888,21.872,21.872,21.880,21.880,21.888,21.895,21.888,21.880,21.865,21.865,21.865,21.865,21.865,21.865,21.865,21.857,21.849,21.842,21.834,21.819,21.811,21.803,21.796,21.796,21.788,21.780,21.780,21.773,21.765,21.750,21.734,21.719,21.696,21.681,21.658,21.650,21.642,21.635,21.635,21.635,21.642,21.658,21.665,21.673,21.673,21.673,21.665,21.658,21.635,21.612,21.596,21.581,21.566,21.535,21.504,21.489,21.466,21.443,21.420,21.412,21.404,21.404,21.412,21.427,21.443,21.450,21.458,21.458,21.458,21.443,21.420,21.397,21.366,21.343,21.335,21.335,21.335,21.327,21.320,21.304,21.297,21.297,21.297,21.312,21.320,21.335,21.327,21.320,21.320,21.327,21.351,21.381,21.412,21.443,21.474,21.489,21.512,21.535,21.558,21.566,21.573,21.581,21.589,21.589,21.589,21.589,21.596,21.596,21.604,21.604,21.604,21.604,21.604,21.604,21.604,21.604
,23.940,24.023,23.873,23.730,23.648,23.632,23.595,23.550,23.489,23.437,23.392,23.331,23.286,23.256,23.233,23.203,23.173,23.142,23.127,23.120,23.097,23.052,23.021,22.999,22.984,22.976,22.961,22.946,22.938,22.931,22.915,22.908,22.900,22.885,22.878,22.862,22.855,22.840,22.832,22.824,22.817,22.809,22.809,22.809,22.809,22.802,22.794,22.787,22.787,22.787,22.787,22.787,22.794,22.802,22.824,22.832,22.817,22.802,22.802,22.809,22.832,22.885,23.059,23.142,23.203,23.271,23.452,23.617,23.820,24.083,24.464,24.873,25.311,25.806,26.503,27.246,27.884,28.323,28.352,28.546,28.675,28.689,28.617,28.625,28.703,28.839,28.932,29.018,29.090,29.132,29.140,29.154,29.189,29.247,29.304,29.332,29.368,29.417,29.467,29.524,29.588,29.652,29.709,29.758,29.815,29.872,29.936,29.971,30.006,30.042,30.091,30.155,30.219,30.261,30.247,30.240,30.254,30.303,30.367,30.367,30.353,30.346,30.353,30.374,30.402,30.437,30.458,30.480,30.494,30.508,30.508,30.494,30.487,30.508,30.543,30.606,30.663,30.712,30.740,30.754,30.768,30.789,30.817,30.817,30.789,30.754,30.733,30.719,30.705,30.691,30.691,30.705,30.726,30.712,30.606,30.564,30.550,30.536,30.508,30.480,30.466,30.451,30.416,30.346,30.282,30.233,30.219,30.219,30.190,30.141,30.077,30.098,30.120,30.120,30.091,30.056,30.035,30.014,30.006,29.999,29.992,29.978,29.964,29.950,29.929,29.914,29.907,29.893,29.886,29.872,29.872,29.865,29.858,29.844,29.836,29.836,29.815,29.780,29.751,29.730,29.695,29.638,29.602,29.581,29.531,29.481,29.467,29.489,29.531,29.581,29.638,29.645,29.609,29.553,29.489,29.432,29.382,29.325,29.225,29.125,29.032,28.940,28.861,28.761,28.646,28.503,28.330,28.122,27.855,27.515,27.108,26.664,26.202,25.710,25.104,24.531,24.075,23.753,23.512,23.301,23.158,23.082,23.082,23.059,23.006,22.938,22.900,22.900,22.908,22.923,22.923,22.855,22.771,22.711,22.703,22.711,22.703,22.673,22.620,22.589,22.566,22.551,22.513,22.498,22.468,22.429,22.399,22.361,22.315,22.262,22.254,22.254,22.239,22.216,22.178,22.163,22.147,22.132,22.132,22.132,22.132,22.125,22.117,22.109,22.102,22.102,22.109,22.109,22.125,22.140,22.140,22.147,22.155,22.170,22.178,22.186,22.193,22.201,22.193,22.186,22.178,22.170,22.170,22.170,22.170,22.163,22.163,22.163,22.155,22.147,22.140,22.132,22.125,22.109,22.102,22.094,22.086,22.071,22.071,22.071,22.071,22.071,22.071,22.063,22.063,22.056,22.063,22.063,22.063,22.056,22.056,22.048,22.041,22.025,22.018,22.002,21.995,21.987,21.987,22.002,22.002,22.002,21.995,21.987,21.972,21.964,21.956,21.956,21.949,21.941,21.934,21.934,21.934,21.926,21.918,21.911,21.903,21.903,21.903,21.911,21.918,21.918,21.911,21.895,21.880,21.880,21.880,21.895,21.903,21.903,21.895,21.888,21.880,21.865,21.872,21.880,21.880,21.880,21.872,21.872,21.865,21.849,21.842,21.834,21.826,21.811,21.803,21.796,21.788,21.780,21.780,21.773,21.765,21.757,21.742,21.727,21.711,21.696,21.681,21.673,21.665,21.658,21.650,21.650,21.650,21.658,21.658,21.665,21.665,21.665,21.665,21.650,21.642,21.627,21.619,21.612,21.604,21.589,21.566,21.543,21.527,21.504,21.481,21.466,21.450,21.443,21.443,21.450,21.458,21.466,21.466,21.466,21.466,21.450,21.427,21.397,21.374,21.351,21.343,21.335,21.335,21.327,21.320,21.304,21.297,21.297,21.304,21.320,21.327,21.335,21.335,21.320,21.320,21.335,21.351,21.381,21.412,21.443,21.474,21.497,21.520,21.543,21.558,21.566,21.573,21.589,21.589,21.589,21.589,21.596,21.596,21.596,21.604,21.604,21.604,21.604,21.604,21.604,21.604,21.604
,23.933,24.015,23.850,23.715,23.648,23.625,23.595,23.542,23.489,23.429,23.384,23.331,23.286,23.256,23.233,23.195,23.165,23.142,23.120,23.112,23.097,23.059,23.029,23.021,23.006,22.991,22.976,22.961,22.953,22.938,22.923,22.915,22.908,22.893,22.878,22.862,22.855,22.840,22.832,22.824,22.824,22.817,22.809,22.802,22.802,22.794,22.787,22.779,22.771,22.771,22.779,22.787,22.787,22.802,22.817,22.817,22.817,22.809,22.817,22.817,22.832,22.885,23.067,23.150,23.210,23.278,23.459,23.617,23.813,24.060,24.442,24.829,25.252,25.747,26.466,27.225,27.869,28.309,28.352,28.560,28.703,28.725,28.653,28.653,28.725,28.854,28.947,29.040,29.111,29.161,29.154,29.168,29.211,29.268,29.318,29.332,29.360,29.403,29.453,29.510,29.574,29.638,29.695,29.751,29.808,29.865,29.914,29.964,29.999,30.028,30.077,30.141,30.204,30.261,30.247,30.233,30.247,30.282,30.360,30.367,30.360,30.346,30.360,30.381,30.409,30.430,30.451,30.466,30.480,30.487,30.494,30.480,30.480,30.494,30.522,30.564,30.613,30.663,30.705,30.726,30.747,30.761,30.782,30.782,30.768,30.740,30.719,30.698,30.677,30.663,30.663,30.677,30.684,30.677,30.613,30.578,30.557,30.557,30.522,30.487,30.466,30.458,30.430,30.367,30.303,30.247,30.233,30.226,30.204,30.155,30.091,30.113,30.127,30.127,30.098,30.070,30.049,30.021,30.006,30.006,29.992,29.978,29.964,29.950,29.936,29.929,29.914,29.907,29.893,29.886,29.872,29.865,29.858,29.844,29.836,29.836,29.836,29.822,29.801,29.773,29.737,29.695,29.645,29.617,29.581,29.531,29.481,29.503,29.531,29.567,29.624,29.631,29.602,29.553,29.489,29.432,29.375,29.318,29.211,29.104,29.011,28.918,28.832,28.725,28.596,28.431,28.258,28.035,27.732,27.362,26.970,26.517,26.019,25.488,24.903,24.382,23.970,23.670,23.444,23.256,23.135,23.082,23.089,23.059,22.999,22.931,22.900,22.900,22.908,22.915,22.923,22.855,22.779,22.718,22.711,22.718,22.711,22.680,22.620,22.597,22.574,22.544,22.513,22.483,22.452,22.414,22.361,22.315,22.277,22.239,22.209,22.231,22.239,22.216,22.186,22.163,22.147,22.140,22.132,22.125,22.125,22.117,22.109,22.094,22.086,22.086,22.094,22.109,22.117,22.132,22.140,22.147,22.147,22.155,22.163,22.170,22.178,22.178,22.178,22.170,22.170,22.163,22.163,22.163,22.170,22.163,22.163,22.155,22.155,22.147,22.140,22.132,22.125,22.117,22.102,22.102,22.094,22.086,22.079,22.079,22.079,22.071,22.071,22.071,22.063,22.063,22.063,22.071,22.071,22.063,22.056,22.048,22.041,22.025,22.018,22.010,22.002,21.995,22.002,22.010,22.010,22.018,22.002,21.995,21.987,21.979,21.972,21.964,21.956,21.956,21.949,21.949,21.941,21.941,21.926,21.918,21.911,21.903,21.911,21.918,21.926,21.926,21.911,21.895,21.888,21.880,21.888,21.903,21.911,21.918,21.911,21.895,21.888,21.880,21.880,21.888,21.895,21.895,21.888,21.880,21.872,21.865,21.849,21.842,21.826,21.819,21.803,21.796,21.788,21.780,21.765,21.765,21.765,21.757,21.742,21.734,21.719,21.711,21.704,21.696,21.688,21.681,21.673,21.665,21.658,21.650,21.650,21.642,21.642,21.642,21.642,21.642,21.642,21.642,21.650,21.658,21.658,21.658,21.642,21.627,21.612,21.581,21.558,21.535,21.512,21.489,21.481,21.481,21.481,21.481,21.474,21.474,21.466,21.450,21.420,21.397,21.374,21.351,21.335,21.327,21.327,21.327,21.312,21.297,21.297,21.297,21.304,21.312,21.327,21.335,21.335,21.327,21.327,21.343,21.358,21.381,21.412,21.443,21.474,21.497,21.520,21.543,21.566,21.573,21.581,21.589,21.589,21.596,21.596,21.596,21.596,21.604,21.604,21.604,21.604,21.604,21.604,21.604,21.604,21.604
,23.940,24.008,23.828,23.708,23.640,23.617,23.587,23.542,23.482,23.429,23.384,23.324,23.286,23.263,23.226,23.188,23.158,23.135,23.120,23.112,23.097,23.067,23.044,23.037,23.021,23.006,22.991,22.976,22.961,22.946,22.931,22.923,22.915,22.908,22.885,22.870,22.855,22.840,22.832,22.832,22.824,22.817,22.809,22.802,22.794,22.787,22.779,22.771,22.764,22.764,22.771,22.771,22.787,22.802,22.809,22.809,22.809,22.809,22.824,22.824,22.832,22.885,23.067,23.158,23.210,23.278,23.459,23.610,23.798,24.045,24.419,24.792,25.207,25.702,26.430,27.203,27.847,28.294,28.352,28.582,28.732,28.754,28.689,28.689,28.754,28.868,28.954,29.047,29.125,29.175,29.168,29.182,29.218,29.275,29.325,29.339,29.360,29.403,29.446,29.496,29.553,29.624,29.695,29.744,29.801,29.851,29.907,29.957,29.999,30.028,30.070,30.134,30.197,30.254,30.254,30.240,30.247,30.282,30.339,30.360,30.360,30.360,30.381,30.402,30.430,30.458,30.466,30.458,30.466,30.473,30.473,30.466,30.473,30.480,30.501,30.529,30.571,30.620,30.663,30.691,30.719,30.740,30.754,30.761,30.747,30.719,30.698,30.677,30.656,30.635,30.627,30.642,30.649,30.656,30.642,30.599,30.585,30.585,30.536,30.501,30.473,30.458,30.437,30.381,30.310,30.261,30.240,30.233,30.219,30.176,30.113,30.127,30.141,30.141,30.120,30.091,30.063,30.042,30.021,30.014,30.006,29.985,29.971,29.957,29.950,29.936,29.929,29.914,29.907,29.893,29.886,29.872,29.858,29.851,29.844,29.836,29.844,29.851,29.844,29.808,29.773,29.737,29.688,29.659,29.631,29.595,29.531,29.531,29.545,29.560,29.602,29.617,29.595,29.553,29.489,29.425,29.368,29.304,29.189,29.082,28.982,28.897,28.804,28.689,28.539,28.366,28.172,27.920,27.587,27.195,26.802,26.342,25.820,25.244,24.695,24.232,23.850,23.565,23.369,23.210,23.112,23.074,23.105,23.059,22.999,22.931,22.900,22.900,22.908,22.915,22.923,22.855,22.779,22.718,22.718,22.726,22.711,22.680,22.627,22.597,22.574,22.544,22.506,22.475,22.445,22.407,22.330,22.292,22.254,22.224,22.186,22.224,22.239,22.224,22.201,22.170,22.155,22.140,22.125,22.125,22.117,22.109,22.094,22.086,22.079,22.079,22.086,22.102,22.117,22.132,22.140,22.147,22.147,22.147,22.155,22.163,22.163,22.163,22.163,22.163,22.163,22.155,22.155,22.163,22.170,22.163,22.163,22.155,22.155,22.147,22.140,22.132,22.132,22.125,22.109,22.109,22.102,22.094,22.086,22.086,22.086,22.079,22.079,22.071,22.071,22.071,22.071,22.079,22.079,22.071,22.063,22.056,22.048,22.033,22.025,22.018,22.010,22.010,22.010,22.018,22.025,22.025,22.018,22.010,22.002,21.987,21.979,21.972,21.972,21.964,21.956,21.956,21.956,21.949,21.941,21.926,21.918,21.911,21.918,21.934,21.934,21.934,21.918,21.903,21.888,21.880,21.895,21.911,21.926,21.934,21.926,21.903,21.895,21.888,21.888,21.895,21.903,21.903,21.895,21.895,21.888,21.872,21.865,21.849,21.834,21.826,21.803,21.796,21.788,21.773,21.765,21.765,21.757,21.750,21.742,21.734,21.734,21.727,21.719,21.719,21.711,21.704,21.696,21.681,21.665,21.658,21.642,21.635,21.627,21.627,21.627,21.635,21.642,21.658,21.673,21.688,21.704,21.711,21.704,21.696,21.681,21.650,21.619,21.589,21.558,21.527,21.512,21.504,21.497,21.489,21.481,21.474,21.466,21.450,21.420,21.397,21.374,21.351,21.335,21.327,21.327,21.320,21.304,21.297,21.297,21.297,21.297,21.312,21.320,21.335,21.335,21.327,21.335,21.351,21.366,21.389,21.412,21.450,21.474,21.497,21.520,21.543,21.566,21.573,21.581,21.589,21.589,21.596,21.596,21.596,21.596,21.604,21.604,21.612,21.612,21.604,21.604,21.604,21.604,21.604
,23.940,23.993,23.820,23.700,23.632,23.617,23.580,23.535,23.482,23.422,23.376,23.324,23.286,23.263,23.226,23.180,23.150,23.135,23.112,23.105,23.089,23.067,23.052,23.044,23.029,23.014,22.999,22.984,22.961,22.946,22.938,22.931,22.923,22.908,22.893,22.878,22.855,22.840,22.832,22.824,22.824,22.817,22.809,22.794,22.787,22.779,22.771,22.764,22.764,22.756,22.756,22.764,22.779,22.794,22.802,22.802,22.794,22.802,22.832,22.824,22.840,22.893,23.067,23.150,23.203,23.271,23.459,23.595,23.775,24.023,24.404,24.762,25.163,25.658,26.400,27.174,27.826,28.273,28.337,28.589,28.761,28.782,28.718,28.725,28.789,28.875,28.954,29.054,29.140,29.189,29.175,29.189,29.225,29.289,29.332,29.339,29.360,29.403,29.446,29.489,29.545,29.609,29.688,29.744,29.794,29.836,29.900,29.950,29.999,30.028,30.070,30.134,30.197,30.261,30.261,30.247,30.254,30.282,30.303,30.339,30.360,30.374,30.409,30.437,30.466,30.494,30.494,30.473,30.458,30.458,30.458,30.458,30.458,30.473,30.494,30.515,30.543,30.578,30.620,30.649,30.684,30.719,30.740,30.740,30.726,30.698,30.677,30.649,30.627,30.613,30.592,30.613,30.635,30.649,30.684,30.642,30.613,30.613,30.550,30.508,30.473,30.458,30.437,30.381,30.317,30.261,30.247,30.247,30.233,30.197,30.141,30.155,30.169,30.155,30.134,30.106,30.084,30.063,30.042,30.028,30.021,29.999,29.978,29.971,29.957,29.943,29.936,29.922,29.914,29.907,29.893,29.886,29.872,29.858,29.851,29.836,29.844,29.851,29.851,29.829,29.794,29.751,29.730,29.716,29.688,29.659,29.609,29.581,29.567,29.567,29.595,29.602,29.588,29.545,29.481,29.417,29.360,29.296,29.168,29.054,28.961,28.875,28.775,28.632,28.474,28.287,28.049,27.754,27.399,26.999,26.583,26.100,25.555,24.977,24.464,24.053,23.723,23.459,23.293,23.165,23.082,23.067,23.112,23.067,22.999,22.931,22.900,22.900,22.908,22.923,22.923,22.862,22.787,22.726,22.733,22.733,22.718,22.680,22.635,22.604,22.574,22.544,22.506,22.483,22.445,22.399,22.330,22.292,22.254,22.224,22.186,22.224,22.239,22.231,22.201,22.178,22.155,22.140,22.125,22.117,22.109,22.102,22.094,22.079,22.079,22.079,22.086,22.109,22.125,22.140,22.147,22.147,22.147,22.147,22.155,22.155,22.155,22.155,22.155,22.155,22.155,22.155,22.155,22.163,22.170,22.170,22.170,22.163,22.155,22.155,22.147,22.140,22.132,22.132,22.125,22.125,22.117,22.109,22.102,22.102,22.094,22.094,22.086,22.086,22.086,22.086,22.086,22.086,22.086,22.086,22.071,22.063,22.056,22.048,22.033,22.025,22.025,22.025,22.025,22.033,22.041,22.041,22.033,22.018,22.010,21.995,21.987,21.987,21.979,21.979,21.972,21.972,21.964,21.964,21.949,21.941,21.934,21.926,21.934,21.941,21.949,21.941,21.926,21.911,21.895,21.888,21.903,21.918,21.934,21.941,21.934,21.918,21.903,21.895,21.903,21.903,21.911,21.911,21.911,21.903,21.895,21.888,21.872,21.865,21.849,21.826,21.811,21.803,21.788,21.780,21.765,21.765,21.757,21.757,21.750,21.742,21.734,21.727,21.727,21.727,21.727,21.719,21.704,21.688,21.673,21.658,21.642,21.635,21.627,21.619,21.627,21.635,21.650,21.665,21.688,21.711,21.727,21.734,21.734,21.727,21.711,21.688,21.658,21.627,21.596,21.558,21.535,21.527,21.520,21.504,21.489,21.481,21.466,21.450,21.420,21.397,21.374,21.358,21.335,21.335,21.327,21.320,21.304,21.297,21.297,21.297,21.304,21.312,21.320,21.335,21.335,21.335,21.343,21.358,21.374,21.397,21.420,21.450,21.481,21.497,21.520,21.550,21.566,21.573,21.581,21.589,21.589,21.596,21.596,21.596,21.596,21.604,21.604,21.612,21.612,21.604,21.604,21.604,21.604,21.604
,23.933,23.978,23.820,23.708,23.632,23.602,23.572,23.535,23.474,23.422,23.369,23.324,23.286,23.256,23.226,23.188,23.158,23.135,23.105,23.097,23.082,23.059,23.044,23.037,23.029,23.006,22.991,22.976,22.961,22.938,22.931,22.923,22.915,22.893,22.885,22.870,22.855,22.840,22.832,22.824,22.817,22.809,22.802,22.794,22.787,22.771,22.771,22.764,22.756,22.756,22.756,22.756,22.771,22.794,22.794,22.787,22.787,22.794,22.840,22.840,22.847,22.900,23.067,23.142,23.188,23.256,23.444,23.572,23.745,23.993,24.382,24.725,25.104,25.599,26.356,27.145,27.797,28.237,28.309,28.589,28.768,28.797,28.739,28.746,28.797,28.868,28.940,29.054,29.147,29.197,29.189,29.204,29.247,29.304,29.339,29.346,29.368,29.403,29.446,29.481,29.531,29.602,29.673,29.730,29.780,29.822,29.879,29.936,29.985,30.028,30.070,30.127,30.197,30.254,30.261,30.254,30.247,30.261,30.289,30.324,30.353,30.374,30.402,30.437,30.473,30.501,30.501,30.480,30.458,30.458,30.458,30.437,30.437,30.451,30.480,30.508,30.536,30.564,30.592,30.613,30.649,30.684,30.719,30.719,30.705,30.677,30.656,30.620,30.599,30.585,30.578,30.599,30.627,30.663,30.726,30.677,30.642,30.627,30.564,30.515,30.473,30.444,30.416,30.367,30.317,30.268,30.261,30.254,30.247,30.219,30.190,30.190,30.183,30.176,30.155,30.127,30.106,30.084,30.063,30.049,30.035,30.021,29.999,29.978,29.964,29.950,29.943,29.936,29.929,29.914,29.907,29.893,29.879,29.865,29.858,29.844,29.844,29.844,29.851,29.836,29.801,29.758,29.744,29.737,29.723,29.702,29.659,29.617,29.588,29.581,29.588,29.588,29.574,29.538,29.489,29.417,29.353,29.289,29.168,29.054,28.947,28.839,28.718,28.546,28.345,28.129,27.869,27.500,27.101,26.693,26.268,25.747,25.178,24.621,24.173,23.835,23.572,23.369,23.218,23.127,23.082,23.089,23.127,23.082,23.014,22.938,22.900,22.908,22.915,22.915,22.915,22.862,22.794,22.733,22.741,22.741,22.718,22.680,22.635,22.612,22.582,22.551,22.513,22.490,22.452,22.407,22.346,22.308,22.270,22.231,22.193,22.224,22.239,22.231,22.201,22.178,22.155,22.140,22.125,22.117,22.109,22.094,22.094,22.086,22.086,22.086,22.094,22.109,22.132,22.147,22.147,22.147,22.147,22.155,22.155,22.155,22.155,22.155,22.155,22.155,22.155,22.155,22.155,22.170,22.178,22.178,22.178,22.178,22.170,22.163,22.155,22.155,22.147,22.140,22.132,22.132,22.125,22.125,22.117,22.117,22.109,22.102,22.102,22.102,22.102,22.094,22.094,22.094,22.094,22.094,22.086,22.079,22.071,22.056,22.048,22.041,22.033,22.033,22.033,22.048,22.048,22.048,22.041,22.025,22.010,21.995,21.995,21.987,21.987,21.979,21.979,21.979,21.972,21.972,21.964,21.956,21.949,21.941,21.941,21.956,21.956,21.956,21.941,21.918,21.903,21.903,21.911,21.926,21.941,21.949,21.941,21.926,21.918,21.903,21.903,21.911,21.911,21.911,21.911,21.911,21.911,21.895,21.888,21.872,21.857,21.842,21.826,21.819,21.803,21.788,21.780,21.780,21.773,21.765,21.757,21.750,21.742,21.727,21.727,21.727,21.719,21.711,21.704,21.688,21.681,21.665,21.658,21.650,21.642,21.642,21.642,21.650,21.658,21.665,21.681,21.696,21.704,21.711,21.704,21.704,21.688,21.665,21.635,21.612,21.581,21.558,21.543,21.535,21.527,21.512,21.497,21.481,21.474,21.458,21.435,21.412,21.397,21.381,21.358,21.351,21.343,21.327,21.320,21.312,21.304,21.304,21.304,21.312,21.320,21.335,21.335,21.335,21.351,21.366,21.381,21.404,21.427,21.458,21.481,21.497,21.520,21.543,21.558,21.573,21.581,21.589,21.589,21.596,21.596,21.596,21.596,21.604,21.604,21.612,21.612,21.604,21.604,21.604,21.604,21.604
,23.925,23.970,23.820,23.708,23.632,23.595,23.565,23.520,23.467,23.407,23.361,23.309,23.278,23.248,23.226,23.188,23.150,23.127,23.105,23.067,23.052,23.044,23.037,23.029,23.014,22.991,22.976,22.961,22.946,22.931,22.915,22.908,22.900,22.885,22.878,22.862,22.855,22.840,22.832,22.817,22.817,22.809,22.794,22.787,22.779,22.771,22.764,22.756,22.756,22.756,22.756,22.756,22.771,22.787,22.779,22.771,22.771,22.787,22.840,22.840,22.855,22.908,23.059,23.135,23.180,23.241,23.429,23.557,23.715,23.963,24.367,24.688,25.059,25.548,26.320,27.116,27.768,28.215,28.280,28.574,28.775,28.818,28.775,28.789,28.825,28.875,28.932,29.047,29.147,29.211,29.197,29.218,29.261,29.318,29.346,29.360,29.382,29.417,29.453,29.481,29.524,29.581,29.659,29.709,29.758,29.801,29.858,29.922,29.978,30.014,30.056,30.120,30.183,30.247,30.261,30.254,30.240,30.247,30.282,30.317,30.346,30.367,30.395,30.430,30.466,30.508,30.508,30.487,30.473,30.466,30.458,30.423,30.402,30.416,30.444,30.473,30.501,30.529,30.557,30.578,30.606,30.642,30.677,30.691,30.684,30.656,30.627,30.592,30.571,30.564,30.571,30.599,30.627,30.656,30.726,30.677,30.642,30.649,30.578,30.522,30.473,30.437,30.409,30.367,30.317,30.282,30.275,30.268,30.254,30.240,30.219,30.212,30.204,30.190,30.162,30.141,30.120,30.098,30.077,30.070,30.056,30.035,30.014,29.992,29.971,29.957,29.943,29.943,29.929,29.922,29.907,29.900,29.886,29.879,29.865,29.851,29.836,29.836,29.851,29.844,29.815,29.766,29.751,29.751,29.744,29.723,29.680,29.638,29.602,29.588,29.588,29.574,29.560,29.538,29.496,29.425,29.353,29.289,29.168,29.054,28.940,28.818,28.668,28.474,28.258,28.013,27.717,27.312,26.890,26.459,26.019,25.451,24.873,24.345,23.978,23.678,23.452,23.286,23.165,23.105,23.082,23.105,23.135,23.089,23.014,22.938,22.908,22.908,22.915,22.915,22.908,22.862,22.809,22.771,22.749,22.741,22.718,22.680,22.635,22.612,22.582,22.551,22.513,22.490,22.460,22.414,22.353,22.315,22.277,22.231,22.201,22.216,22.231,22.224,22.201,22.178,22.155,22.140,22.125,22.109,22.102,22.094,22.094,22.094,22.094,22.102,22.109,22.125,22.140,22.147,22.163,22.163,22.163,22.163,22.170,22.170,22.170,22.170,22.163,22.155,22.155,22.155,22.163,22.170,22.186,22.193,22.193,22.186,22.178,22.178,22.170,22.163,22.155,22.140,22.140,22.140,22.132,22.132,22.125,22.125,22.125,22.117,22.117,22.117,22.109,22.109,22.109,22.109,22.109,22.102,22.094,22.086,22.071,22.063,22.056,22.048,22.048,22.041,22.048,22.056,22.056,22.056,22.041,22.025,22.010,21.995,21.995,21.995,21.987,21.987,21.987,21.987,21.979,21.979,21.972,21.964,21.956,21.956,21.956,21.964,21.964,21.964,21.949,21.926,21.911,21.903,21.918,21.934,21.949,21.956,21.949,21.941,21.926,21.918,21.911,21.911,21.911,21.911,21.911,21.918,21.911,21.903,21.888,21.880,21.865,21.849,21.834,21.826,21.819,21.803,21.803,21.788,21.780,21.773,21.757,21.742,21.734,21.727,21.711,21.711,21.704,21.696,21.688,21.688,21.681,21.681,21.673,21.673,21.673,21.673,21.665,21.665,21.665,21.665,21.665,21.665,21.665,21.665,21.650,21.642,21.627,21.604,21.589,21.566,21.550,21.535,21.527,21.527,21.520,21.512,21.497,21.489,21.474,21.466,21.443,21.427,21.412,21.397,21.381,21.366,21.351,21.343,21.327,21.320,21.312,21.312,21.312,21.312,21.320,21.335,21.335,21.343,21.351,21.374,21.389,21.412,21.435,21.458,21.489,21.504,21.520,21.543,21.558,21.566,21.573,21.581,21.589,21.596,21.596,21.596,21.596,21.604,21.604,21.612,21.612,21.604,21.604,21.604,21.604,21.604
,23.910,23.955,23.828,23.708,23.625,23.580,23.557,23.512,23.459,23.399,23.354,23.301,23.263,23.241,23.218,23.188,23.150,23.127,23.097,23.052,23.029,23.037,23.021,23.014,22.999,22.976,22.961,22.953,22.938,22.923,22.908,22.900,22.885,22.878,22.862,22.862,22.855,22.840,22.832,22.817,22.809,22.802,22.794,22.787,22.779,22.779,22.764,22.756,22.756,22.756,22.756,22.756,22.764,22.779,22.771,22.764,22.764,22.779,22.840,22.840,22.862,22.915,23.067,23.127,23.165,23.226,23.422,23.542,23.700,23.940,24.359,24.665,25.015,25.496,26.268,27.079,27.746,28.194,28.251,28.567,28.797,28.854,28.818,28.839,28.861,28.882,28.925,29.040,29.147,29.218,29.211,29.232,29.268,29.325,29.353,29.375,29.403,29.439,29.467,29.496,29.524,29.574,29.652,29.702,29.744,29.787,29.844,29.914,29.971,30.006,30.049,30.106,30.176,30.233,30.261,30.247,30.240,30.240,30.275,30.310,30.339,30.360,30.381,30.416,30.458,30.501,30.501,30.494,30.487,30.480,30.458,30.402,30.367,30.367,30.395,30.416,30.444,30.473,30.508,30.529,30.557,30.592,30.627,30.649,30.649,30.627,30.606,30.571,30.543,30.536,30.557,30.592,30.613,30.635,30.684,30.642,30.620,30.613,30.564,30.515,30.473,30.437,30.409,30.367,30.332,30.303,30.289,30.282,30.275,30.261,30.240,30.226,30.219,30.204,30.176,30.155,30.141,30.120,30.098,30.091,30.077,30.056,30.028,30.006,29.985,29.964,29.957,29.950,29.943,29.929,29.914,29.907,29.900,29.886,29.879,29.858,29.844,29.836,29.844,29.844,29.822,29.780,29.751,29.751,29.751,29.737,29.702,29.652,29.617,29.595,29.588,29.567,29.560,29.545,29.503,29.432,29.360,29.296,29.175,29.061,28.940,28.797,28.617,28.416,28.194,27.941,27.609,27.188,26.751,26.312,25.835,25.237,24.658,24.165,23.858,23.587,23.376,23.218,23.127,23.089,23.082,23.105,23.142,23.082,23.006,22.931,22.908,22.915,22.915,22.908,22.885,22.855,22.817,22.787,22.764,22.741,22.711,22.673,22.635,22.612,22.582,22.551,22.513,22.490,22.460,22.414,22.361,22.330,22.285,22.239,22.201,22.216,22.224,22.224,22.193,22.178,22.155,22.140,22.125,22.109,22.102,22.094,22.094,22.102,22.102,22.109,22.125,22.132,22.140,22.155,22.163,22.170,22.170,22.170,22.178,22.178,22.178,22.178,22.170,22.163,22.155,22.155,22.163,22.178,22.193,22.201,22.201,22.201,22.193,22.186,22.178,22.170,22.163,22.147,22.147,22.140,22.140,22.140,22.132,22.132,22.132,22.132,22.132,22.125,22.125,22.125,22.117,22.117,22.117,22.109,22.102,22.094,22.086,22.071,22.063,22.063,22.056,22.056,22.056,22.063,22.063,22.063,22.041,22.025,22.002,21.995,21.995,21.995,21.995,21.995,21.995,21.987,21.987,21.987,21.979,21.972,21.972,21.964,21.964,21.972,21.972,21.972,21.949,21.934,21.926,21.911,21.926,21.941,21.949,21.956,21.956,21.941,21.934,21.926,21.918,21.918,21.911,21.911,21.911,21.918,21.918,21.911,21.895,21.888,21.872,21.857,21.842,21.842,21.834,21.819,21.811,21.803,21.788,21.780,21.757,21.742,21.734,21.719,21.704,21.696,21.696,21.688,21.681,21.681,21.688,21.688,21.688,21.688,21.696,21.696,21.688,21.681,21.673,21.658,21.650,21.642,21.635,21.619,21.604,21.589,21.573,21.558,21.543,21.535,21.527,21.520,21.520,21.520,21.520,21.520,21.504,21.497,21.481,21.474,21.458,21.443,21.427,21.412,21.397,21.381,21.374,21.351,21.343,21.335,21.327,21.320,21.320,21.320,21.320,21.327,21.335,21.343,21.358,21.374,21.397,21.420,21.435,21.458,21.489,21.504,21.520,21.543,21.558,21.566,21.573,21.581,21.589,21.596,21.596,21.596,21.596,21.604,21.604,21.612,21.612,21.604,21.604,21.604,21.604,21.604
,23.903,23.948,23.828,23.708,23.617,23.572,23.550,23.505,23.452,23.399,23.354,23.293,23.256,23.233,23.218,23.195,23.158,23.120,23.089,23.044,23.021,23.029,23.021,23.006,22.991,22.968,22.953,22.938,22.931,22.915,22.900,22.893,22.885,22.870,22.862,22.855,22.847,22.840,22.832,22.817,22.809,22.802,22.794,22.787,22.787,22.779,22.771,22.764,22.764,22.764,22.764,22.764,22.764,22.771,22.771,22.764,22.764,22.779,22.840,22.847,22.862,22.923,23.074,23.135,23.165,23.218,23.422,23.542,23.693,23.925,24.367,24.650,24.985,25.451,26.224,27.043,27.725,28.179,28.222,28.567,28.818,28.897,28.875,28.911,28.918,28.890,28.925,29.040,29.147,29.225,29.225,29.247,29.282,29.332,29.368,29.396,29.425,29.467,29.489,29.510,29.538,29.581,29.652,29.702,29.737,29.780,29.829,29.900,29.964,30.006,30.042,30.098,30.169,30.226,30.254,30.240,30.233,30.233,30.275,30.303,30.332,30.353,30.374,30.409,30.451,30.501,30.508,30.508,30.501,30.487,30.458,30.381,30.332,30.324,30.339,30.353,30.374,30.395,30.437,30.466,30.494,30.529,30.564,30.592,30.606,30.606,30.585,30.550,30.522,30.515,30.543,30.578,30.606,30.613,30.613,30.592,30.571,30.550,30.529,30.508,30.480,30.444,30.409,30.381,30.353,30.324,30.310,30.296,30.289,30.275,30.254,30.247,30.233,30.212,30.190,30.176,30.155,30.134,30.113,30.106,30.091,30.070,30.042,30.021,29.999,29.978,29.964,29.957,29.950,29.936,29.922,29.914,29.907,29.893,29.886,29.872,29.858,29.858,29.844,29.844,29.822,29.787,29.751,29.751,29.751,29.744,29.716,29.666,29.624,29.602,29.588,29.567,29.553,29.545,29.510,29.439,29.368,29.296,29.175,29.061,28.932,28.782,28.574,28.373,28.150,27.891,27.529,27.108,26.671,26.224,25.702,25.096,24.524,24.053,23.783,23.542,23.331,23.180,23.112,23.082,23.082,23.105,23.142,23.074,22.984,22.908,22.900,22.908,22.915,22.900,22.870,22.847,22.824,22.794,22.771,22.741,22.711,22.673,22.635,22.612,22.582,22.551,22.513,22.483,22.452,22.414,22.369,22.338,22.292,22.239,22.193,22.209,22.224,22.216,22.193,22.178,22.155,22.140,22.125,22.109,22.102,22.094,22.094,22.102,22.109,22.125,22.125,22.140,22.147,22.147,22.163,22.163,22.170,22.170,22.178,22.178,22.178,22.178,22.178,22.163,22.155,22.155,22.163,22.178,22.193,22.209,22.209,22.209,22.201,22.201,22.193,22.186,22.170,22.163,22.155,22.155,22.155,22.155,22.147,22.147,22.147,22.147,22.147,22.140,22.140,22.140,22.132,22.132,22.125,22.125,22.109,22.102,22.094,22.086,22.079,22.071,22.071,22.071,22.071,22.079,22.079,22.071,22.048,22.025,22.010,21.995,21.995,21.995,22.002,22.010,22.002,21.995,21.995,21.995,21.987,21.979,21.979,21.979,21.979,21.979,21.979,21.972,21.956,21.941,21.934,21.926,21.934,21.941,21.956,21.956,21.956,21.949,21.941,21.934,21.926,21.918,21.918,21.918,21.918,21.918,21.918,21.918,21.903,21.888,21.880,21.865,21.857,21.849,21.842,21.834,21.826,21.811,21.796,21.780,21.765,21.750,21.727,21.711,21.696,21.688,21.688,21.688,21.681,21.681,21.688,21.696,21.696,21.704,21.704,21.704,21.704,21.688,21.673,21.658,21.642,21.627,21.612,21.596,21.573,21.558,21.543,21.535,21.520,21.512,21.512,21.512,21.520,21.520,21.527,21.527,21.512,21.504,21.489,21.474,21.466,21.450,21.443,21.427,21.412,21.397,21.389,21.366,21.351,21.343,21.335,21.320,21.320,21.320,21.320,21.327,21.327,21.343,21.358,21.374,21.397,21.420,21.443,21.466,21.489,21.504,21.527,21.543,21.550,21.566,21.573,21.581,21.589,21.596,21.596,21.596,21.596,21.604,21.604,21.612,21.612,21.604,21.604,21.604,21.604,21.604
,23.895,23.933,23.820,23.700,23.617,23.565,23.542,23.505,23.452,23.399,23.354,23.293,23.256,23.233,23.218,23.195,23.165,23.127,23.097,23.059,23.037,23.037,23.029,23.014,22.991,22.968,22.953,22.946,22.938,22.923,22.915,22.900,22.893,22.878,22.870,22.862,22.855,22.847,22.832,22.824,22.817,22.802,22.802,22.794,22.794,22.787,22.787,22.787,22.779,22.779,22.779,22.779,22.771,22.771,22.787,22.779,22.771,22.787,22.840,22.847,22.870,22.938,23.089,23.142,23.173,23.233,23.422,23.542,23.693,23.933,24.367,24.643,24.970,25.437,26.210,27.014,27.681,28.136,28.222,28.560,28.818,28.918,28.918,28.975,28.968,28.904,28.925,29.040,29.154,29.232,29.239,29.261,29.296,29.339,29.382,29.417,29.453,29.489,29.510,29.531,29.553,29.595,29.666,29.709,29.751,29.787,29.829,29.900,29.964,30.014,30.042,30.091,30.155,30.212,30.233,30.233,30.226,30.233,30.275,30.303,30.332,30.346,30.367,30.402,30.451,30.501,30.515,30.522,30.522,30.501,30.458,30.374,30.324,30.310,30.324,30.324,30.324,30.332,30.353,30.374,30.409,30.451,30.501,30.543,30.571,30.599,30.592,30.550,30.515,30.501,30.536,30.571,30.599,30.613,30.606,30.585,30.557,30.529,30.515,30.508,30.494,30.451,30.416,30.388,30.360,30.332,30.317,30.303,30.296,30.282,30.268,30.261,30.247,30.233,30.212,30.190,30.162,30.141,30.120,30.106,30.091,30.070,30.049,30.028,30.006,29.985,29.971,29.957,29.950,29.936,29.922,29.907,29.900,29.893,29.886,29.879,29.872,29.865,29.865,29.851,29.822,29.780,29.766,29.766,29.766,29.758,29.737,29.680,29.631,29.609,29.595,29.567,29.553,29.553,29.524,29.446,29.368,29.282,29.168,29.068,28.932,28.768,28.546,28.316,28.078,27.804,27.428,26.985,26.539,26.085,25.525,24.911,24.359,23.925,23.693,23.474,23.293,23.158,23.089,23.074,23.082,23.105,23.142,23.074,22.984,22.900,22.900,22.908,22.908,22.885,22.862,22.847,22.832,22.802,22.771,22.741,22.711,22.673,22.642,22.620,22.589,22.551,22.513,22.483,22.452,22.414,22.369,22.338,22.292,22.239,22.201,22.209,22.224,22.216,22.193,22.178,22.155,22.140,22.125,22.109,22.094,22.094,22.094,22.094,22.102,22.117,22.125,22.125,22.132,22.140,22.147,22.147,22.155,22.163,22.170,22.170,22.178,22.178,22.170,22.155,22.155,22.155,22.163,22.178,22.193,22.209,22.209,22.216,22.216,22.209,22.201,22.193,22.186,22.170,22.163,22.163,22.155,22.155,22.155,22.155,22.155,22.155,22.155,22.155,22.147,22.147,22.140,22.140,22.140,22.132,22.125,22.109,22.102,22.086,22.086,22.086,22.086,22.086,22.086,22.094,22.094,22.086,22.063,22.033,22.010,21.995,21.995,22.010,22.018,22.018,22.010,22.010,22.002,21.995,21.995,21.987,21.979,21.979,21.979,21.979,21.979,21.979,21.972,21.949,21.941,21.934,21.934,21.949,21.956,21.956,21.956,21.949,21.941,21.934,21.934,21.926,21.926,21.918,21.918,21.926,21.926,21.926,21.918,21.895,21.888,21.872,21.865,21.857,21.849,21.834,21.826,21.811,21.796,21.780,21.765,21.750,21.734,21.719,21.711,21.704,21.696,21.696,21.688,21.688,21.688,21.696,21.696,21.704,21.704,21.704,21.696,21.688,21.673,21.658,21.650,21.642,21.627,21.612,21.596,21.573,21.558,21.550,21.535,21.535,21.527,21.520,21.527,21.535,21.535,21.535,21.527,21.512,21.497,21.481,21.466,21.450,21.435,21.420,21.412,21.404,21.397,21.381,21.366,21.351,21.335,21.320,21.320,21.320,21.320,21.327,21.327,21.343,21.358,21.381,21.404,21.420,21.443,21.466,21.497,21.512,21.527,21.543,21.558,21.573,21.581,21.589,21.589,21.596,21.596,21.596,21.596,21.604,21.604,21.612,21.612,21.604,21.604,21.604,21.604,21.604
,23.888,23.925,23.813,23.700,23.617,23.565,23.542,23.505,23.452,23.392,23.346,23.293,23.256,23.233,23.218,23.203,23.165,23.120,23.105,23.067,23.044,23.044,23.029,23.014,22.991,22.968,22.953,22.953,22.938,22.931,22.923,22.915,22.908,22.893,22.878,22.870,22.862,22.855,22.840,22.832,22.824,22.817,22.817,22.809,22.809,22.802,22.802,22.802,22.802,22.809,22.809,22.802,22.787,22.779,22.809,22.802,22.794,22.787,22.840,22.847,22.878,22.946,23.082,23.135,23.173,23.233,23.422,23.527,23.685,23.933,24.359,24.635,24.963,25.422,26.166,26.963,27.631,28.071,28.158,28.510,28.789,28.904,28.861,28.904,28.918,28.890,28.918,29.032,29.147,29.239,29.254,29.282,29.311,29.353,29.396,29.432,29.474,29.510,29.531,29.545,29.574,29.617,29.680,29.723,29.758,29.794,29.844,29.907,29.971,30.021,30.049,30.091,30.141,30.197,30.226,30.219,30.219,30.233,30.268,30.296,30.317,30.339,30.360,30.395,30.444,30.508,30.522,30.543,30.543,30.515,30.466,30.402,30.353,30.339,30.346,30.324,30.303,30.289,30.296,30.310,30.346,30.388,30.444,30.501,30.557,30.592,30.592,30.550,30.508,30.494,30.529,30.571,30.606,30.620,30.620,30.592,30.564,30.536,30.522,30.515,30.501,30.458,30.416,30.381,30.353,30.332,30.310,30.303,30.289,30.282,30.268,30.268,30.261,30.240,30.219,30.190,30.169,30.141,30.113,30.106,30.084,30.063,30.042,30.028,30.014,29.992,29.978,29.957,29.950,29.936,29.914,29.907,29.893,29.886,29.879,29.879,29.872,29.872,29.872,29.858,29.822,29.780,29.766,29.773,29.773,29.773,29.744,29.695,29.652,29.624,29.595,29.567,29.560,29.553,29.531,29.453,29.368,29.275,29.168,29.068,28.940,28.761,28.510,28.266,27.999,27.696,27.283,26.824,26.356,25.879,25.304,24.680,24.158,23.783,23.595,23.414,23.256,23.127,23.074,23.067,23.082,23.105,23.142,23.082,22.991,22.900,22.900,22.908,22.900,22.878,22.862,22.847,22.832,22.802,22.771,22.749,22.718,22.673,22.642,22.620,22.589,22.551,22.513,22.483,22.452,22.414,22.384,22.346,22.300,22.239,22.209,22.216,22.224,22.216,22.193,22.178,22.155,22.140,22.117,22.102,22.094,22.086,22.086,22.094,22.094,22.102,22.109,22.109,22.117,22.125,22.132,22.132,22.140,22.147,22.155,22.163,22.170,22.170,22.170,22.155,22.155,22.155,22.163,22.178,22.193,22.209,22.209,22.216,22.216,22.216,22.209,22.201,22.186,22.178,22.170,22.170,22.163,22.163,22.163,22.163,22.163,22.163,22.163,22.163,22.163,22.155,22.155,22.147,22.147,22.140,22.125,22.109,22.102,22.094,22.094,22.102,22.102,22.102,22.102,22.109,22.102,22.094,22.071,22.041,22.018,22.002,22.002,22.010,22.025,22.025,22.018,22.018,22.010,21.995,21.987,21.979,21.979,21.972,21.972,21.979,21.987,21.979,21.972,21.956,21.941,21.934,21.934,21.949,21.956,21.956,21.956,21.949,21.941,21.934,21.934,21.934,21.934,21.934,21.934,21.934,21.934,21.926,21.918,21.903,21.888,21.880,21.865,21.857,21.849,21.834,21.819,21.803,21.788,21.773,21.757,21.750,21.734,21.727,21.719,21.719,21.711,21.711,21.704,21.696,21.696,21.696,21.696,21.696,21.688,21.688,21.681,21.681,21.673,21.665,21.658,21.658,21.650,21.635,21.627,21.612,21.596,21.581,21.566,21.558,21.550,21.543,21.543,21.550,21.550,21.543,21.527,21.520,21.504,21.481,21.458,21.443,21.427,21.412,21.404,21.404,21.404,21.389,21.374,21.351,21.335,21.320,21.312,21.312,21.312,21.327,21.327,21.343,21.358,21.374,21.397,21.420,21.443,21.466,21.497,21.512,21.527,21.550,21.566,21.573,21.589,21.589,21.596,21.596,21.596,21.596,21.596,21.604,21.604,21.612,21.612,21.604,21.604,21.604,21.604,21.604
,23.880,23.918,23.813,23.700,23.617,23.565,23.542,23.505,23.452,23.392,23.339,23.286,23.248,23.233,23.218,23.195,23.165,23.120,23.105,23.074,23.044,23.037,23.021,23.006,22.991,22.968,22.961,22.953,22.946,22.938,22.931,22.923,22.915,22.908,22.885,22.878,22.870,22.855,22.847,22.840,22.832,22.832,22.824,22.817,22.817,22.817,22.817,22.817,22.824,22.824,22.824,22.817,22.809,22.809,22.832,22.824,22.809,22.794,22.840,22.847,22.878,22.953,23.074,23.120,23.165,23.233,23.407,23.512,23.670,23.925,24.345,24.628,24.948,25.400,26.129,26.919,27.573,28.013,28.093,28.467,28.761,28.875,28.789,28.818,28.854,28.882,28.918,29.032,29.154,29.247,29.268,29.296,29.325,29.360,29.410,29.453,29.496,29.531,29.545,29.567,29.595,29.638,29.702,29.737,29.773,29.815,29.858,29.922,29.978,30.028,30.049,30.084,30.134,30.183,30.212,30.212,30.219,30.226,30.268,30.296,30.310,30.332,30.360,30.395,30.451,30.508,30.529,30.557,30.557,30.529,30.473,30.416,30.367,30.346,30.360,30.332,30.289,30.261,30.268,30.282,30.317,30.360,30.416,30.480,30.536,30.564,30.564,30.522,30.494,30.480,30.522,30.571,30.613,30.635,30.627,30.606,30.571,30.543,30.522,30.522,30.501,30.458,30.416,30.381,30.360,30.339,30.317,30.303,30.296,30.289,30.282,30.275,30.268,30.254,30.226,30.197,30.169,30.141,30.120,30.106,30.084,30.063,30.049,30.035,30.028,30.006,29.985,29.964,29.950,29.936,29.914,29.907,29.893,29.886,29.879,29.879,29.879,29.879,29.879,29.872,29.836,29.780,29.766,29.773,29.780,29.780,29.751,29.716,29.673,29.631,29.602,29.574,29.560,29.553,29.531,29.453,29.360,29.275,29.175,29.082,28.954,28.768,28.481,28.222,27.949,27.623,27.174,26.693,26.202,25.695,25.118,24.486,23.985,23.663,23.542,23.392,23.241,23.120,23.082,23.074,23.082,23.097,23.142,23.082,22.991,22.900,22.900,22.900,22.893,22.870,22.862,22.847,22.832,22.809,22.771,22.749,22.718,22.680,22.642,22.620,22.589,22.551,22.521,22.490,22.452,22.422,22.391,22.353,22.308,22.247,22.224,22.224,22.224,22.216,22.193,22.178,22.155,22.140,22.117,22.102,22.094,22.079,22.079,22.086,22.094,22.094,22.094,22.102,22.102,22.109,22.117,22.117,22.125,22.132,22.147,22.155,22.163,22.163,22.163,22.155,22.155,22.155,22.163,22.178,22.193,22.209,22.216,22.216,22.224,22.216,22.216,22.209,22.201,22.186,22.178,22.170,22.170,22.163,22.163,22.163,22.163,22.163,22.163,22.170,22.170,22.163,22.163,22.155,22.155,22.147,22.132,22.117,22.109,22.102,22.102,22.109,22.109,22.109,22.117,22.117,22.109,22.094,22.071,22.048,22.025,22.010,22.010,22.018,22.025,22.033,22.025,22.018,22.010,21.995,21.987,21.979,21.972,21.972,21.972,21.979,21.987,21.987,21.972,21.956,21.941,21.941,21.941,21.949,21.949,21.949,21.949,21.949,21.941,21.941,21.941,21.941,21.941,21.941,21.941,21.941,21.934,21.926,21.918,21.903,21.895,21.880,21.872,21.857,21.842,21.826,21.811,21.796,21.780,21.765,21.757,21.750,21.742,21.734,21.727,21.727,21.727,21.727,21.711,21.704,21.696,21.688,21.688,21.688,21.681,21.681,21.673,21.673,21.673,21.673,21.673,21.673,21.673,21.658,21.650,21.642,21.627,21.612,21.589,21.581,21.573,21.558,21.558,21.558,21.558,21.550,21.535,21.527,21.504,21.481,21.458,21.435,21.420,21.404,21.404,21.404,21.412,21.397,21.374,21.351,21.335,21.320,21.312,21.312,21.312,21.327,21.327,21.343,21.351,21.374,21.397,21.412,21.435,21.466,21.497,21.512,21.527,21.550,21.573,21.581,21.589,21.596,21.596,21.596,21.596,21.596,21.596,21.604,21.604,21.612,21.612,21.612,21.604,21.604,21.604,21.612
,23.880,23.910,23.820,23.708,23.617,23.565,23.542,23.505,23.452,23.392,23.339,23.286,23.248,23.233,23.210,23.188,23.158,23.112,23.112,23.074,23.044,23.029,23.014,23.006,22.991,22.968,22.961,22.953,22.953,22.938,22.938,22.931,22.923,22.908,22.893,22.878,22.870,22.855,22.847,22.840,22.832,22.832,22.824,22.824,22.817,22.817,22.817,22.824,22.832,22.832,22.832,22.832,22.840,22.847,22.847,22.832,22.809,22.794,22.832,22.840,22.870,22.946,23.059,23.105,23.150,23.226,23.392,23.489,23.648,23.910,24.330,24.606,24.926,25.378,26.100,26.875,27.522,27.963,28.049,28.431,28.739,28.861,28.739,28.761,28.818,28.875,28.918,29.032,29.154,29.254,29.282,29.304,29.332,29.368,29.425,29.467,29.510,29.545,29.560,29.588,29.624,29.659,29.723,29.758,29.794,29.829,29.872,29.929,29.992,30.035,30.056,30.084,30.127,30.176,30.204,30.212,30.219,30.233,30.275,30.296,30.310,30.324,30.353,30.395,30.451,30.515,30.536,30.571,30.571,30.543,30.480,30.409,30.360,30.324,30.346,30.310,30.268,30.240,30.254,30.289,30.332,30.381,30.416,30.473,30.515,30.529,30.515,30.480,30.458,30.458,30.508,30.571,30.620,30.642,30.642,30.613,30.578,30.543,30.529,30.522,30.494,30.458,30.416,30.388,30.374,30.353,30.332,30.317,30.303,30.303,30.296,30.289,30.282,30.261,30.233,30.212,30.183,30.148,30.127,30.113,30.098,30.077,30.056,30.049,30.042,30.021,29.999,29.978,29.964,29.943,29.922,29.914,29.900,29.893,29.886,29.886,29.886,29.893,29.893,29.886,29.851,29.794,29.773,29.780,29.787,29.780,29.758,29.723,29.688,29.645,29.602,29.574,29.560,29.553,29.538,29.453,29.353,29.268,29.182,29.104,28.975,28.775,28.460,28.201,27.927,27.587,27.108,26.598,26.085,25.562,24.992,24.359,23.873,23.595,23.542,23.407,23.263,23.142,23.105,23.089,23.082,23.097,23.135,23.074,22.984,22.900,22.900,22.900,22.885,22.855,22.855,22.847,22.832,22.809,22.771,22.749,22.718,22.680,22.642,22.620,22.589,22.559,22.521,22.490,22.460,22.422,22.399,22.361,22.308,22.254,22.231,22.231,22.231,22.216,22.193,22.178,22.163,22.140,22.117,22.102,22.094,22.086,22.079,22.079,22.086,22.094,22.094,22.094,22.094,22.094,22.102,22.109,22.117,22.132,22.140,22.155,22.163,22.163,22.163,22.155,22.155,22.155,22.163,22.178,22.193,22.209,22.216,22.224,22.224,22.224,22.224,22.216,22.209,22.193,22.186,22.178,22.170,22.170,22.170,22.170,22.170,22.170,22.178,22.178,22.178,22.178,22.170,22.163,22.155,22.147,22.140,22.125,22.117,22.109,22.117,22.117,22.125,22.125,22.125,22.125,22.117,22.102,22.079,22.056,22.041,22.025,22.018,22.025,22.033,22.033,22.033,22.018,22.010,22.002,21.995,21.979,21.972,21.972,21.972,21.979,21.987,21.987,21.979,21.964,21.949,21.941,21.941,21.941,21.949,21.949,21.949,21.949,21.941,21.941,21.941,21.941,21.941,21.934,21.934,21.934,21.934,21.926,21.918,21.903,21.895,21.880,21.872,21.857,21.842,21.826,21.811,21.796,21.780,21.773,21.757,21.750,21.750,21.742,21.742,21.734,21.734,21.727,21.719,21.711,21.704,21.688,21.688,21.681,21.673,21.673,21.673,21.673,21.673,21.681,21.681,21.681,21.681,21.673,21.665,21.658,21.642,21.627,21.612,21.596,21.581,21.566,21.566,21.566,21.558,21.550,21.543,21.527,21.512,21.489,21.458,21.435,21.420,21.404,21.404,21.412,21.412,21.404,21.381,21.358,21.343,21.320,21.312,21.312,21.312,21.327,21.327,21.335,21.351,21.374,21.397,21.412,21.435,21.466,21.489,21.512,21.535,21.558,21.573,21.581,21.589,21.596,21.596,21.596,21.596,21.596,21.596,21.604,21.604,21.612,21.612,21.604,21.604,21.604,21.604,21.604
,23.873,23.903,23.820,23.700,23.610,23.557,23.535,23.497,23.452,23.392,23.331,23.278,23.248,23.226,23.195,23.165,23.135,23.112,23.112,23.074,23.044,23.021,22.999,22.991,22.984,22.961,22.953,22.953,22.946,22.938,22.931,22.923,22.915,22.893,22.885,22.870,22.862,22.847,22.840,22.832,22.824,22.824,22.817,22.809,22.809,22.809,22.809,22.809,22.809,22.817,22.817,22.817,22.824,22.832,22.824,22.817,22.794,22.787,22.832,22.832,22.862,22.931,23.037,23.089,23.135,23.203,23.369,23.467,23.625,23.903,24.292,24.568,24.896,25.348,26.063,26.831,27.471,27.920,28.021,28.416,28.732,28.861,28.696,28.718,28.789,28.868,28.925,29.040,29.161,29.261,29.296,29.318,29.339,29.382,29.439,29.489,29.524,29.560,29.581,29.609,29.652,29.688,29.744,29.787,29.822,29.851,29.886,29.950,30.006,30.049,30.070,30.091,30.134,30.183,30.212,30.219,30.226,30.240,30.275,30.296,30.310,30.324,30.360,30.395,30.451,30.515,30.543,30.578,30.585,30.557,30.494,30.409,30.339,30.282,30.254,30.219,30.204,30.212,30.261,30.332,30.402,30.458,30.501,30.522,30.529,30.529,30.501,30.466,30.444,30.451,30.501,30.564,30.613,30.642,30.642,30.613,30.578,30.543,30.522,30.501,30.480,30.458,30.437,30.430,30.423,30.416,30.395,30.367,30.346,30.332,30.310,30.310,30.296,30.275,30.247,30.226,30.197,30.169,30.148,30.134,30.120,30.098,30.077,30.070,30.056,30.042,30.021,29.999,29.985,29.964,29.943,29.929,29.914,29.907,29.893,29.893,29.893,29.893,29.900,29.900,29.858,29.794,29.780,29.780,29.787,29.780,29.758,29.730,29.695,29.652,29.609,29.574,29.560,29.560,29.545,29.453,29.353,29.268,29.189,29.118,28.990,28.782,28.431,28.186,27.920,27.580,27.079,26.547,26.026,25.518,24.940,24.315,23.850,23.617,23.580,23.459,23.316,23.188,23.150,23.112,23.097,23.105,23.135,23.074,22.984,22.900,22.900,22.900,22.885,22.855,22.855,22.847,22.832,22.802,22.764,22.741,22.711,22.673,22.642,22.612,22.589,22.559,22.521,22.490,22.460,22.429,22.399,22.369,22.315,22.254,22.239,22.247,22.247,22.231,22.201,22.186,22.163,22.147,22.125,22.109,22.094,22.086,22.086,22.079,22.086,22.094,22.094,22.094,22.094,22.102,22.109,22.117,22.125,22.140,22.147,22.155,22.163,22.163,22.163,22.155,22.155,22.155,22.163,22.178,22.201,22.216,22.216,22.224,22.224,22.224,22.224,22.216,22.209,22.193,22.193,22.178,22.170,22.170,22.170,22.170,22.178,22.178,22.186,22.186,22.186,22.186,22.178,22.170,22.163,22.147,22.140,22.132,22.125,22.125,22.125,22.132,22.132,22.132,22.125,22.125,22.117,22.102,22.079,22.063,22.048,22.033,22.025,22.025,22.033,22.033,22.025,22.018,22.018,22.002,22.002,21.987,21.979,21.972,21.972,21.987,21.987,21.987,21.979,21.964,21.949,21.941,21.941,21.941,21.949,21.949,21.949,21.949,21.941,21.941,21.941,21.941,21.934,21.934,21.934,21.934,21.926,21.918,21.911,21.895,21.888,21.872,21.865,21.857,21.849,21.834,21.819,21.803,21.796,21.780,21.773,21.765,21.757,21.742,21.734,21.734,21.727,21.719,21.711,21.711,21.704,21.696,21.688,21.681,21.673,21.673,21.673,21.673,21.673,21.681,21.681,21.681,21.673,21.665,21.658,21.650,21.642,21.619,21.604,21.589,21.581,21.566,21.566,21.566,21.558,21.543,21.535,21.520,21.504,21.489,21.466,21.443,21.420,21.404,21.404,21.420,21.420,21.412,21.397,21.366,21.343,21.327,21.320,21.312,21.320,21.327,21.327,21.343,21.358,21.374,21.397,21.412,21.435,21.466,21.489,21.512,21.535,21.558,21.573,21.581,21.589,21.596,21.596,21.596,21.596,21.596,21.596,21.604,21.604,21.612,21.612,21.604,21.604,21.604,21.604,21.604
,23.873,23.895,23.813,23.693,23.602,23.550,23.527,23.489,23.444,23.392,23.324,23.278,23.241,23.218,23.195,23.158,23.127,23.112,23.112,23.074,23.044,23.014,22.991,22.984,22.968,22.961,22.953,22.953,22.946,22.938,22.923,22.915,22.900,22.885,22.878,22.862,22.855,22.847,22.832,22.824,22.817,22.809,22.802,22.794,22.787,22.787,22.779,22.779,22.787,22.787,22.779,22.779,22.787,22.794,22.787,22.779,22.771,22.771,22.824,22.824,22.847,22.915,23.021,23.067,23.120,23.195,23.346,23.444,23.617,23.880,24.270,24.539,24.866,25.318,26.026,26.788,27.428,27.884,28.013,28.409,28.732,28.861,28.689,28.703,28.782,28.875,28.932,29.040,29.161,29.268,29.304,29.318,29.346,29.389,29.453,29.503,29.545,29.574,29.595,29.631,29.673,29.709,29.758,29.801,29.836,29.872,29.907,29.964,30.021,30.063,30.084,30.106,30.148,30.197,30.226,30.233,30.240,30.247,30.282,30.303,30.310,30.324,30.360,30.402,30.458,30.522,30.543,30.585,30.592,30.564,30.501,30.423,30.346,30.275,30.226,30.197,30.183,30.204,30.261,30.339,30.416,30.480,30.522,30.536,30.550,30.543,30.522,30.480,30.451,30.451,30.494,30.557,30.606,30.635,30.635,30.606,30.571,30.543,30.522,30.501,30.480,30.458,30.444,30.451,30.451,30.437,30.416,30.395,30.367,30.346,30.324,30.317,30.303,30.282,30.254,30.233,30.212,30.190,30.169,30.155,30.141,30.120,30.098,30.091,30.077,30.063,30.042,30.021,30.006,29.985,29.964,29.950,29.936,29.922,29.914,29.907,29.907,29.907,29.914,29.907,29.879,29.836,29.794,29.787,29.787,29.780,29.758,29.744,29.709,29.666,29.609,29.574,29.560,29.567,29.553,29.453,29.353,29.275,29.211,29.140,29.018,28.797,28.416,28.179,27.920,27.580,27.065,26.517,25.990,25.474,24.903,24.277,23.835,23.640,23.617,23.505,23.361,23.233,23.180,23.135,23.112,23.120,23.142,23.082,22.999,22.908,22.900,22.908,22.893,22.862,22.855,22.840,22.824,22.794,22.764,22.733,22.703,22.673,22.642,22.612,22.582,22.551,22.521,22.490,22.460,22.422,22.399,22.361,22.315,22.262,22.247,22.254,22.254,22.239,22.209,22.186,22.170,22.155,22.132,22.117,22.102,22.094,22.086,22.086,22.094,22.094,22.094,22.102,22.102,22.109,22.125,22.132,22.140,22.147,22.155,22.155,22.163,22.163,22.163,22.155,22.155,22.155,22.170,22.186,22.201,22.216,22.216,22.224,22.224,22.216,22.216,22.209,22.201,22.193,22.193,22.178,22.178,22.178,22.178,22.178,22.186,22.186,22.193,22.193,22.193,22.193,22.186,22.170,22.163,22.147,22.140,22.140,22.140,22.132,22.140,22.140,22.140,22.140,22.132,22.117,22.109,22.094,22.079,22.071,22.056,22.048,22.033,22.033,22.025,22.018,22.018,22.018,22.018,22.010,22.002,21.987,21.979,21.972,21.979,21.987,21.995,21.987,21.979,21.964,21.949,21.941,21.941,21.941,21.949,21.949,21.949,21.949,21.941,21.934,21.934,21.926,21.926,21.918,21.918,21.918,21.918,21.911,21.895,21.888,21.880,21.865,21.857,21.857,21.849,21.842,21.834,21.819,21.803,21.796,21.780,21.773,21.757,21.742,21.727,21.719,21.711,21.704,21.696,21.696,21.696,21.696,21.688,21.688,21.681,21.681,21.681,21.681,21.681,21.681,21.681,21.673,21.665,21.650,21.642,21.635,21.627,21.612,21.596,21.589,21.573,21.566,21.558,21.550,21.550,21.535,21.527,21.520,21.504,21.489,21.466,21.443,21.427,21.412,21.412,21.420,21.420,21.420,21.397,21.374,21.351,21.335,21.320,21.320,21.327,21.327,21.327,21.343,21.358,21.374,21.397,21.412,21.435,21.466,21.489,21.512,21.535,21.550,21.573,21.573,21.581,21.581,21.589,21.589,21.596,21.596,21.596,21.604,21.604,21.612,21.612,21.604,21.604,21.604,21.604,21.604
,23.865,23.888,23.805,23.685,23.595,23.542,23.520,23.489,23.437,23.384,23.324,23.278,23.241,23.218,23.180,23.150,23.127,23.112,23.112,23.074,23.037,23.014,22.991,22.976,22.961,22.953,22.946,22.946,22.946,22.931,22.915,22.908,22.893,22.878,22.862,22.862,22.847,22.840,22.824,22.817,22.802,22.794,22.787,22.779,22.771,22.771,22.764,22.764,22.764,22.764,22.756,22.749,22.756,22.764,22.756,22.749,22.749,22.764,22.817,22.817,22.840,22.900,22.999,23.052,23.105,23.180,23.324,23.429,23.595,23.858,24.232,24.509,24.829,25.274,25.975,26.729,27.377,27.847,28.006,28.395,28.711,28.861,28.682,28.696,28.775,28.875,28.932,29.040,29.161,29.275,29.311,29.318,29.346,29.403,29.467,29.524,29.560,29.588,29.609,29.645,29.688,29.730,29.773,29.815,29.858,29.886,29.922,29.978,30.035,30.077,30.098,30.120,30.162,30.219,30.247,30.254,30.247,30.247,30.289,30.303,30.310,30.332,30.360,30.409,30.466,30.529,30.550,30.585,30.592,30.571,30.515,30.437,30.360,30.289,30.233,30.204,30.197,30.219,30.268,30.339,30.409,30.480,30.522,30.543,30.564,30.564,30.543,30.501,30.466,30.466,30.501,30.557,30.606,30.627,30.627,30.606,30.571,30.543,30.522,30.501,30.480,30.466,30.451,30.458,30.466,30.451,30.430,30.409,30.388,30.360,30.339,30.324,30.310,30.289,30.268,30.247,30.233,30.212,30.190,30.176,30.162,30.141,30.120,30.113,30.098,30.084,30.063,30.042,30.028,30.006,29.985,29.971,29.957,29.943,29.929,29.922,29.914,29.914,29.922,29.922,29.900,29.865,29.815,29.801,29.794,29.780,29.758,29.744,29.723,29.673,29.609,29.574,29.560,29.574,29.553,29.460,29.360,29.275,29.218,29.154,29.032,28.818,28.409,28.172,27.920,27.594,27.057,26.496,25.945,25.422,24.859,24.247,23.828,23.648,23.648,23.542,23.399,23.263,23.203,23.150,23.127,23.127,23.150,23.097,23.006,22.915,22.908,22.915,22.900,22.878,22.855,22.840,22.817,22.787,22.756,22.733,22.703,22.665,22.635,22.612,22.582,22.551,22.521,22.498,22.460,22.422,22.399,22.361,22.315,22.270,22.262,22.270,22.270,22.247,22.216,22.193,22.178,22.155,22.132,22.117,22.109,22.102,22.094,22.094,22.094,22.102,22.102,22.102,22.109,22.117,22.132,22.140,22.155,22.163,22.163,22.163,22.163,22.163,22.163,22.155,22.155,22.163,22.178,22.193,22.201,22.216,22.216,22.224,22.216,22.216,22.216,22.209,22.201,22.193,22.193,22.178,22.178,22.178,22.178,22.186,22.186,22.193,22.201,22.201,22.201,22.193,22.186,22.170,22.163,22.147,22.147,22.147,22.147,22.140,22.147,22.147,22.147,22.140,22.125,22.117,22.102,22.086,22.079,22.071,22.063,22.056,22.041,22.033,22.018,22.010,22.010,22.010,22.018,22.010,22.002,21.995,21.987,21.979,21.979,21.987,21.995,21.987,21.979,21.964,21.949,21.941,21.941,21.941,21.949,21.949,21.949,21.949,21.941,21.941,21.934,21.926,21.918,21.911,21.911,21.911,21.911,21.903,21.888,21.880,21.865,21.857,21.849,21.849,21.849,21.849,21.842,21.834,21.819,21.803,21.788,21.780,21.765,21.742,21.727,21.711,21.704,21.696,21.688,21.688,21.696,21.696,21.696,21.688,21.688,21.688,21.688,21.688,21.688,21.681,21.673,21.665,21.650,21.642,21.627,21.619,21.612,21.604,21.589,21.581,21.573,21.558,21.550,21.550,21.535,21.527,21.520,21.512,21.504,21.489,21.466,21.450,21.435,21.420,21.420,21.420,21.420,21.420,21.397,21.381,21.366,21.343,21.335,21.327,21.327,21.335,21.335,21.343,21.358,21.374,21.397,21.412,21.435,21.466,21.489,21.512,21.527,21.550,21.566,21.566,21.573,21.573,21.581,21.589,21.596,21.596,21.596,21.604,21.612,21.604,21.604,21.604,21.596,21.596,21.596,21.596
,23.858,23.880,23.798,23.678,23.587,23.535,23.520,23.482,23.437,23.376,23.316,23.278,23.248,23.218,23.173,23.150,23.127,23.105,23.105,23.074,23.037,23.006,22.984,22.968,22.961,22.946,22.946,22.938,22.938,22.931,22.915,22.900,22.885,22.870,22.862,22.855,22.847,22.832,22.824,22.817,22.802,22.794,22.779,22.771,22.771,22.764,22.756,22.756,22.756,22.756,22.741,22.741,22.749,22.749,22.741,22.733,22.733,22.749,22.802,22.809,22.824,22.885,22.976,23.044,23.097,23.165,23.301,23.407,23.572,23.828,24.195,24.479,24.799,25.230,25.923,26.671,27.319,27.804,27.992,28.366,28.689,28.847,28.668,28.682,28.761,28.868,28.925,29.040,29.168,29.275,29.311,29.318,29.353,29.417,29.481,29.531,29.574,29.595,29.617,29.659,29.702,29.744,29.787,29.829,29.865,29.900,29.936,29.992,30.049,30.091,30.106,30.134,30.176,30.240,30.268,30.268,30.254,30.247,30.289,30.303,30.317,30.332,30.374,30.416,30.480,30.536,30.557,30.585,30.592,30.571,30.529,30.458,30.388,30.324,30.275,30.247,30.240,30.254,30.289,30.346,30.409,30.473,30.515,30.550,30.571,30.578,30.564,30.522,30.487,30.480,30.508,30.564,30.606,30.627,30.620,30.599,30.571,30.543,30.522,30.508,30.487,30.473,30.466,30.466,30.466,30.458,30.444,30.423,30.402,30.374,30.353,30.346,30.324,30.303,30.282,30.268,30.247,30.226,30.204,30.197,30.176,30.162,30.141,30.134,30.120,30.106,30.084,30.063,30.049,30.028,30.006,29.992,29.978,29.964,29.943,29.936,29.936,29.929,29.936,29.936,29.914,29.879,29.822,29.808,29.801,29.787,29.758,29.744,29.723,29.680,29.609,29.574,29.567,29.574,29.560,29.467,29.368,29.282,29.218,29.147,29.032,28.832,28.402,28.165,27.934,27.609,27.057,26.474,25.909,25.370,24.814,24.210,23.805,23.655,23.670,23.572,23.422,23.278,23.218,23.158,23.127,23.127,23.150,23.105,23.021,22.923,22.908,22.915,22.915,22.893,22.855,22.824,22.802,22.779,22.756,22.726,22.696,22.665,22.627,22.604,22.582,22.551,22.521,22.498,22.468,22.429,22.399,22.361,22.323,22.285,22.277,22.285,22.277,22.254,22.216,22.193,22.178,22.155,22.132,22.117,22.109,22.102,22.094,22.086,22.094,22.094,22.102,22.102,22.109,22.125,22.132,22.147,22.163,22.170,22.170,22.163,22.163,22.163,22.163,22.163,22.163,22.163,22.178,22.193,22.201,22.216,22.216,22.224,22.216,22.216,22.216,22.209,22.201,22.193,22.193,22.186,22.186,22.186,22.186,22.186,22.193,22.201,22.201,22.209,22.201,22.193,22.186,22.170,22.163,22.155,22.155,22.155,22.155,22.147,22.147,22.147,22.147,22.132,22.125,22.109,22.102,22.086,22.079,22.071,22.071,22.056,22.041,22.025,22.018,22.010,22.010,22.010,22.018,22.010,22.010,21.995,21.987,21.987,21.987,21.987,21.995,21.987,21.979,21.964,21.956,21.949,21.949,21.949,21.949,21.949,21.949,21.949,21.949,21.941,21.934,21.918,21.911,21.895,21.895,21.895,21.895,21.895,21.880,21.865,21.857,21.842,21.842,21.849,21.849,21.849,21.849,21.834,21.826,21.811,21.796,21.780,21.765,21.742,21.727,21.711,21.696,21.688,21.688,21.688,21.696,21.696,21.696,21.696,21.696,21.696,21.696,21.696,21.688,21.681,21.673,21.658,21.642,21.627,21.619,21.612,21.604,21.589,21.589,21.581,21.573,21.558,21.550,21.543,21.535,21.520,21.512,21.504,21.497,21.489,21.474,21.458,21.443,21.427,21.427,21.420,21.420,21.412,21.397,21.381,21.366,21.351,21.343,21.343,21.343,21.343,21.343,21.343,21.358,21.374,21.389,21.404,21.427,21.458,21.489,21.504,21.527,21.543,21.558,21.558,21.566,21.573,21.573,21.589,21.596,21.604,21.604,21.604,21.612,21.604,21.604,21.596,21.596,21.596,21.596,21.596
,23.850,23.873,23.783,23.670,23.580,23.527,23.512,23.474,23.422,23.369,23.309,23.271,23.241,23.210,23.173,23.142,23.120,23.105,23.105,23.067,23.037,23.006,22.984,22.976,22.961,22.946,22.946,22.938,22.931,22.923,22.915,22.900,22.893,22.878,22.870,22.862,22.855,22.840,22.832,22.824,22.817,22.809,22.794,22.794,22.787,22.779,22.779,22.779,22.779,22.779,22.771,22.771,22.771,22.779,22.764,22.749,22.741,22.741,22.794,22.802,22.824,22.878,22.968,23.029,23.089,23.158,23.278,23.384,23.557,23.813,24.165,24.449,24.784,25.215,25.901,26.627,27.268,27.761,27.977,28.345,28.660,28.825,28.660,28.675,28.761,28.868,28.918,29.040,29.168,29.282,29.311,29.318,29.360,29.432,29.503,29.545,29.581,29.602,29.631,29.673,29.709,29.751,29.801,29.844,29.879,29.907,29.950,30.006,30.056,30.091,30.113,30.148,30.197,30.261,30.282,30.275,30.261,30.247,30.289,30.303,30.317,30.339,30.381,30.430,30.494,30.550,30.564,30.578,30.585,30.571,30.529,30.473,30.416,30.367,30.324,30.303,30.296,30.310,30.332,30.367,30.416,30.473,30.515,30.543,30.571,30.585,30.571,30.536,30.508,30.494,30.522,30.571,30.606,30.620,30.613,30.592,30.564,30.543,30.529,30.515,30.501,30.487,30.480,30.480,30.480,30.473,30.458,30.437,30.409,30.388,30.374,30.360,30.346,30.324,30.303,30.282,30.261,30.240,30.226,30.212,30.197,30.176,30.162,30.148,30.141,30.127,30.106,30.084,30.070,30.049,30.028,30.006,29.992,29.978,29.964,29.957,29.950,29.936,29.936,29.936,29.922,29.886,29.836,29.822,29.808,29.794,29.766,29.758,29.737,29.688,29.609,29.567,29.567,29.581,29.567,29.467,29.368,29.289,29.211,29.125,29.018,28.825,28.373,28.150,27.941,27.631,27.065,26.459,25.872,25.318,24.762,24.158,23.775,23.648,23.685,23.587,23.444,23.301,23.233,23.165,23.135,23.135,23.150,23.112,23.029,22.931,22.908,22.915,22.915,22.900,22.855,22.824,22.794,22.771,22.756,22.726,22.696,22.665,22.620,22.604,22.582,22.559,22.528,22.506,22.468,22.429,22.399,22.361,22.323,22.300,22.300,22.300,22.277,22.247,22.209,22.186,22.163,22.140,22.125,22.109,22.102,22.094,22.094,22.086,22.086,22.094,22.094,22.094,22.102,22.117,22.132,22.147,22.155,22.170,22.170,22.163,22.163,22.163,22.163,22.163,22.163,22.170,22.186,22.201,22.209,22.216,22.216,22.224,22.216,22.216,22.216,22.209,22.201,22.193,22.193,22.193,22.193,22.186,22.186,22.193,22.193,22.201,22.201,22.209,22.201,22.193,22.193,22.186,22.178,22.163,22.155,22.155,22.155,22.147,22.147,22.147,22.140,22.125,22.125,22.117,22.109,22.094,22.086,22.071,22.063,22.048,22.041,22.025,22.018,22.010,22.010,22.010,22.018,22.010,22.010,21.995,21.987,21.987,21.987,21.987,21.995,21.987,21.987,21.979,21.972,21.956,21.949,21.949,21.949,21.949,21.949,21.956,21.956,21.949,21.941,21.918,21.903,21.895,21.888,21.888,21.895,21.888,21.872,21.857,21.849,21.842,21.842,21.842,21.849,21.849,21.842,21.826,21.819,21.803,21.788,21.773,21.765,21.750,21.727,21.711,21.704,21.696,21.688,21.688,21.696,21.696,21.696,21.696,21.696,21.696,21.696,21.696,21.688,21.681,21.673,21.658,21.642,21.627,21.619,21.612,21.612,21.596,21.589,21.581,21.573,21.558,21.550,21.535,21.527,21.512,21.512,21.504,21.497,21.481,21.474,21.466,21.450,21.435,21.427,21.420,21.412,21.397,21.381,21.374,21.366,21.358,21.351,21.351,21.351,21.351,21.351,21.351,21.358,21.374,21.389,21.404,21.420,21.443,21.474,21.497,21.520,21.543,21.550,21.558,21.566,21.566,21.573,21.589,21.596,21.604,21.604,21.604,21.612,21.604,21.604,21.596,21.596,21.596,21.596,21.596
,23.858,23.865,23.768,23.655,23.572,23.527,23.505,23.459,23.414,23.361,23.301,23.263,23.233,23.210,23.173,23.135,23.105,23.097,23.082,23.052,23.029,23.014,22.991,22.976,22.961,22.946,22.938,22.938,22.931,22.923,22.915,22.908,22.900,22.893,22.878,22.870,22.862,22.855,22.847,22.840,22.832,22.824,22.817,22.809,22.809,22.809,22.809,22.817,22.817,22.817,22.817,22.817,22.817,22.817,22.802,22.779,22.749,22.733,22.779,22.787,22.817,22.878,22.968,23.021,23.082,23.158,23.263,23.361,23.535,23.790,24.128,24.419,24.755,25.200,25.872,26.591,27.232,27.739,27.970,28.330,28.632,28.804,28.653,28.675,28.761,28.868,28.918,29.040,29.175,29.289,29.318,29.318,29.360,29.446,29.517,29.560,29.588,29.617,29.645,29.688,29.730,29.773,29.822,29.858,29.886,29.922,29.964,30.021,30.070,30.098,30.113,30.155,30.212,30.275,30.289,30.289,30.268,30.254,30.289,30.303,30.317,30.339,30.381,30.430,30.487,30.543,30.557,30.571,30.571,30.564,30.529,30.487,30.437,30.402,30.374,30.367,30.367,30.374,30.388,30.416,30.451,30.487,30.522,30.550,30.571,30.585,30.571,30.550,30.522,30.515,30.543,30.578,30.606,30.620,30.606,30.585,30.557,30.536,30.529,30.515,30.508,30.501,30.494,30.494,30.494,30.487,30.466,30.444,30.423,30.395,30.381,30.374,30.360,30.346,30.317,30.296,30.275,30.247,30.233,30.226,30.204,30.190,30.176,30.169,30.155,30.134,30.113,30.098,30.077,30.056,30.035,30.021,30.006,29.992,29.978,29.971,29.964,29.950,29.943,29.943,29.922,29.886,29.844,29.836,29.822,29.801,29.773,29.766,29.744,29.695,29.602,29.574,29.574,29.588,29.574,29.474,29.375,29.296,29.211,29.097,28.982,28.818,28.323,28.122,27.934,27.631,27.035,26.408,25.813,25.252,24.695,24.105,23.738,23.632,23.685,23.602,23.467,23.316,23.248,23.180,23.142,23.142,23.158,23.120,23.037,22.938,22.915,22.923,22.923,22.900,22.862,22.824,22.802,22.779,22.764,22.733,22.696,22.658,22.620,22.604,22.582,22.559,22.536,22.513,22.475,22.429,22.399,22.361,22.323,22.308,22.315,22.300,22.270,22.231,22.193,22.170,22.147,22.132,22.117,22.102,22.102,22.094,22.086,22.079,22.079,22.086,22.086,22.094,22.102,22.109,22.132,22.140,22.155,22.163,22.163,22.163,22.163,22.163,22.163,22.163,22.170,22.170,22.186,22.201,22.209,22.216,22.216,22.224,22.216,22.216,22.216,22.209,22.209,22.201,22.201,22.201,22.201,22.201,22.201,22.201,22.201,22.201,22.201,22.201,22.201,22.193,22.193,22.193,22.186,22.178,22.170,22.163,22.163,22.147,22.140,22.132,22.132,22.117,22.117,22.117,22.109,22.102,22.086,22.071,22.063,22.048,22.033,22.025,22.025,22.018,22.010,22.010,22.010,22.010,22.002,21.995,21.995,21.987,21.987,21.995,21.995,21.987,21.987,21.979,21.979,21.972,21.964,21.956,21.949,21.941,21.949,21.956,21.964,21.964,21.949,21.918,21.903,21.888,21.880,21.888,21.888,21.888,21.872,21.857,21.842,21.834,21.834,21.842,21.842,21.834,21.826,21.819,21.803,21.788,21.780,21.773,21.757,21.750,21.734,21.727,21.711,21.711,21.704,21.696,21.696,21.696,21.696,21.696,21.688,21.688,21.688,21.688,21.688,21.681,21.673,21.658,21.650,21.635,21.627,21.619,21.612,21.604,21.589,21.581,21.573,21.558,21.550,21.543,21.527,21.520,21.512,21.504,21.497,21.481,21.474,21.474,21.458,21.443,21.427,21.412,21.397,21.381,21.374,21.366,21.366,21.366,21.358,21.366,21.366,21.366,21.358,21.358,21.366,21.374,21.389,21.397,21.412,21.443,21.466,21.489,21.520,21.543,21.550,21.558,21.566,21.566,21.581,21.589,21.596,21.596,21.604,21.604,21.604,21.604,21.604,21.596,21.589,21.589,21.589,21.589
,23.865,23.873,23.760,23.648,23.565,23.527,23.497,23.452,23.399,23.346,23.286,23.248,23.226,23.210,23.180,23.135,23.105,23.089,23.074,23.052,23.029,23.021,22.999,22.984,22.968,22.953,22.938,22.938,22.931,22.923,22.915,22.908,22.900,22.893,22.885,22.878,22.870,22.862,22.855,22.847,22.847,22.840,22.832,22.832,22.832,22.832,22.832,22.840,22.847,22.847,22.847,22.847,22.847,22.855,22.832,22.809,22.771,22.733,22.764,22.779,22.817,22.885,22.961,23.021,23.082,23.165,23.256,23.354,23.520,23.768,24.098,24.397,24.740,25.185,25.850,26.561,27.210,27.717,27.970,28.309,28.610,28.782,28.646,28.675,28.768,28.875,28.925,29.047,29.182,29.296,29.318,29.325,29.368,29.460,29.531,29.567,29.602,29.624,29.659,29.702,29.751,29.794,29.836,29.872,29.900,29.936,29.985,30.035,30.077,30.098,30.113,30.169,30.226,30.289,30.303,30.296,30.282,30.282,30.303,30.310,30.317,30.332,30.374,30.416,30.466,30.515,30.536,30.550,30.550,30.550,30.529,30.494,30.458,30.437,30.423,30.423,30.430,30.437,30.444,30.466,30.487,30.508,30.536,30.557,30.571,30.578,30.578,30.557,30.550,30.543,30.564,30.592,30.613,30.620,30.599,30.578,30.550,30.529,30.529,30.522,30.522,30.515,30.515,30.515,30.515,30.501,30.480,30.458,30.437,30.409,30.395,30.388,30.381,30.360,30.339,30.317,30.296,30.268,30.254,30.247,30.240,30.219,30.197,30.190,30.169,30.148,30.127,30.113,30.098,30.070,30.042,30.028,30.014,29.999,29.992,29.985,29.978,29.964,29.950,29.943,29.922,29.893,29.851,29.844,29.836,29.808,29.780,29.766,29.744,29.695,29.595,29.567,29.574,29.588,29.574,29.481,29.389,29.311,29.225,29.090,28.982,28.825,28.301,28.100,27.920,27.623,26.999,26.342,25.732,25.178,24.628,24.053,23.700,23.617,23.685,23.617,23.489,23.339,23.271,23.195,23.158,23.150,23.165,23.127,23.044,22.946,22.915,22.931,22.931,22.908,22.862,22.832,22.809,22.794,22.771,22.733,22.696,22.658,22.620,22.604,22.582,22.559,22.536,22.506,22.468,22.422,22.384,22.346,22.330,22.315,22.308,22.285,22.247,22.216,22.178,22.155,22.140,22.117,22.102,22.094,22.094,22.086,22.079,22.079,22.079,22.079,22.079,22.086,22.094,22.109,22.125,22.140,22.147,22.163,22.163,22.163,22.163,22.163,22.170,22.170,22.170,22.178,22.193,22.201,22.209,22.216,22.216,22.216,22.224,22.216,22.216,22.216,22.209,22.209,22.209,22.209,22.209,22.209,22.209,22.201,22.201,22.201,22.201,22.201,22.201,22.201,22.201,22.201,22.193,22.186,22.178,22.170,22.163,22.147,22.132,22.125,22.117,22.109,22.109,22.117,22.117,22.109,22.094,22.071,22.056,22.041,22.033,22.033,22.025,22.025,22.018,22.010,22.002,22.002,21.995,21.995,21.995,21.995,21.995,21.995,21.987,21.987,21.987,21.987,21.987,21.979,21.972,21.956,21.949,21.941,21.949,21.964,21.972,21.972,21.949,21.926,21.895,21.880,21.872,21.888,21.888,21.888,21.872,21.857,21.842,21.834,21.834,21.834,21.834,21.826,21.811,21.803,21.796,21.780,21.773,21.765,21.757,21.750,21.742,21.734,21.727,21.719,21.711,21.704,21.696,21.696,21.696,21.696,21.688,21.688,21.688,21.681,21.681,21.673,21.665,21.658,21.650,21.642,21.635,21.627,21.619,21.604,21.596,21.581,21.573,21.558,21.543,21.543,21.527,21.520,21.512,21.504,21.497,21.481,21.474,21.474,21.466,21.450,21.427,21.404,21.389,21.374,21.366,21.366,21.374,21.374,21.366,21.374,21.374,21.374,21.366,21.366,21.366,21.374,21.381,21.389,21.404,21.427,21.458,21.481,21.512,21.535,21.550,21.558,21.566,21.566,21.581,21.589,21.589,21.596,21.596,21.604,21.604,21.596,21.596,21.596,21.589,21.589,21.589,21.589
,23.873,23.873,23.760,23.632,23.550,23.520,23.489,23.444,23.392,23.339,23.286,23.248,23.218,23.203,23.188,23.135,23.105,23.089,23.082,23.052,23.037,23.021,23.006,22.991,22.968,22.953,22.938,22.938,22.931,22.915,22.915,22.908,22.900,22.893,22.893,22.885,22.878,22.862,22.862,22.855,22.855,22.847,22.847,22.840,22.840,22.840,22.840,22.847,22.862,22.862,22.862,22.862,22.862,22.870,22.847,22.824,22.787,22.749,22.756,22.771,22.817,22.885,22.961,23.021,23.082,23.165,23.256,23.354,23.512,23.745,24.075,24.374,24.725,25.170,25.828,26.539,27.181,27.703,27.985,28.294,28.582,28.768,28.632,28.682,28.782,28.882,28.932,29.047,29.182,29.304,29.318,29.318,29.368,29.460,29.538,29.574,29.609,29.638,29.673,29.716,29.766,29.808,29.851,29.879,29.914,29.950,29.999,30.049,30.084,30.098,30.120,30.176,30.240,30.296,30.303,30.303,30.310,30.324,30.332,30.332,30.324,30.339,30.360,30.402,30.437,30.480,30.508,30.522,30.536,30.536,30.529,30.501,30.480,30.466,30.466,30.473,30.487,30.494,30.501,30.508,30.515,30.529,30.543,30.557,30.571,30.578,30.585,30.578,30.571,30.571,30.592,30.606,30.613,30.613,30.592,30.571,30.550,30.529,30.529,30.529,30.536,30.536,30.536,30.543,30.536,30.522,30.501,30.473,30.451,30.423,30.409,30.409,30.402,30.388,30.367,30.346,30.324,30.296,30.282,30.289,30.282,30.254,30.233,30.212,30.190,30.162,30.141,30.134,30.113,30.091,30.063,30.042,30.028,30.021,30.006,29.999,29.992,29.971,29.957,29.943,29.929,29.900,29.865,29.851,29.844,29.822,29.780,29.780,29.751,29.695,29.588,29.560,29.574,29.595,29.574,29.489,29.403,29.339,29.254,29.125,29.018,28.854,28.323,28.100,27.898,27.594,26.941,26.268,25.651,25.096,24.561,24.000,23.670,23.610,23.693,23.625,23.497,23.354,23.286,23.210,23.165,23.158,23.173,23.142,23.059,22.953,22.923,22.931,22.931,22.915,22.870,22.847,22.824,22.802,22.779,22.733,22.696,22.658,22.620,22.604,22.582,22.551,22.528,22.498,22.460,22.407,22.361,22.346,22.330,22.315,22.285,22.254,22.231,22.201,22.170,22.155,22.132,22.109,22.094,22.086,22.079,22.079,22.071,22.071,22.071,22.071,22.071,22.086,22.094,22.109,22.117,22.132,22.147,22.163,22.163,22.170,22.170,22.170,22.178,22.178,22.178,22.186,22.193,22.201,22.209,22.216,22.216,22.216,22.224,22.216,22.216,22.216,22.209,22.209,22.209,22.216,22.216,22.216,22.216,22.209,22.201,22.201,22.201,22.201,22.201,22.201,22.201,22.209,22.201,22.201,22.193,22.178,22.170,22.147,22.132,22.117,22.109,22.102,22.102,22.117,22.117,22.109,22.094,22.071,22.048,22.033,22.033,22.033,22.033,22.025,22.018,22.010,22.002,21.995,21.995,21.995,22.002,21.995,21.995,21.987,21.987,21.987,21.987,21.995,21.995,21.987,21.979,21.964,21.949,21.941,21.949,21.964,21.979,21.979,21.956,21.926,21.895,21.872,21.872,21.888,21.895,21.895,21.880,21.865,21.849,21.834,21.834,21.834,21.826,21.819,21.811,21.796,21.788,21.773,21.765,21.765,21.757,21.742,21.742,21.734,21.734,21.719,21.719,21.704,21.696,21.696,21.696,21.696,21.688,21.688,21.688,21.681,21.673,21.665,21.665,21.658,21.650,21.642,21.635,21.627,21.619,21.604,21.596,21.581,21.566,21.550,21.543,21.535,21.527,21.512,21.512,21.497,21.489,21.481,21.474,21.466,21.458,21.443,21.427,21.404,21.389,21.374,21.366,21.366,21.374,21.381,21.374,21.374,21.374,21.374,21.366,21.366,21.366,21.374,21.374,21.389,21.404,21.420,21.450,21.481,21.504,21.535,21.550,21.550,21.558,21.566,21.573,21.581,21.589,21.589,21.589,21.596,21.596,21.596,21.596,21.589,21.589,21.589,21.589,21.589
,23.865,23.858,23.745,23.617,23.542,23.512,23.482,23.437,23.392,23.339,23.293,23.248,23.218,23.210,23.203,23.150,23.105,23.082,23.074,23.052,23.037,23.029,23.014,22.991,22.968,22.953,22.938,22.938,22.931,22.923,22.915,22.900,22.893,22.893,22.885,22.878,22.870,22.862,22.862,22.855,22.847,22.847,22.840,22.832,22.824,22.824,22.832,22.832,22.840,22.847,22.847,22.840,22.840,22.840,22.832,22.817,22.802,22.787,22.771,22.779,22.817,22.885,22.976,23.029,23.089,23.173,23.271,23.369,23.512,23.730,24.038,24.345,24.702,25.141,25.783,26.488,27.137,27.681,27.992,28.287,28.567,28.754,28.646,28.696,28.797,28.897,28.932,29.054,29.189,29.304,29.311,29.318,29.368,29.460,29.545,29.581,29.609,29.638,29.680,29.730,29.780,29.822,29.865,29.893,29.922,29.964,30.021,30.063,30.091,30.106,30.127,30.190,30.254,30.303,30.303,30.310,30.332,30.374,30.381,30.381,30.381,30.374,30.374,30.402,30.430,30.466,30.494,30.515,30.522,30.529,30.522,30.508,30.494,30.480,30.487,30.501,30.522,30.529,30.529,30.529,30.529,30.536,30.543,30.557,30.564,30.578,30.592,30.599,30.599,30.599,30.606,30.606,30.606,30.599,30.578,30.557,30.543,30.536,30.536,30.543,30.550,30.557,30.564,30.564,30.557,30.543,30.522,30.494,30.466,30.437,30.423,30.423,30.416,30.409,30.395,30.381,30.367,30.346,30.332,30.317,30.296,30.275,30.247,30.219,30.197,30.176,30.162,30.141,30.134,30.120,30.077,30.056,30.042,30.028,30.021,30.006,29.992,29.978,29.964,29.950,29.929,29.900,29.872,29.865,29.844,29.822,29.780,29.780,29.751,29.695,29.581,29.560,29.574,29.595,29.574,29.496,29.417,29.360,29.289,29.182,29.068,28.897,28.395,28.114,27.876,27.565,26.890,26.202,25.584,25.044,24.509,23.963,23.663,23.617,23.693,23.625,23.512,23.376,23.309,23.233,23.188,23.173,23.180,23.142,23.067,22.968,22.931,22.931,22.931,22.915,22.870,22.847,22.824,22.794,22.771,22.726,22.680,22.650,22.620,22.604,22.574,22.544,22.513,22.490,22.460,22.414,22.369,22.353,22.338,22.308,22.285,22.254,22.231,22.209,22.193,22.163,22.132,22.109,22.086,22.079,22.071,22.071,22.063,22.063,22.063,22.071,22.071,22.086,22.094,22.109,22.125,22.140,22.147,22.163,22.163,22.170,22.170,22.178,22.178,22.178,22.186,22.193,22.193,22.201,22.209,22.216,22.216,22.216,22.224,22.216,22.216,22.216,22.209,22.209,22.209,22.216,22.216,22.216,22.216,22.209,22.201,22.201,22.201,22.201,22.201,22.201,22.201,22.209,22.209,22.201,22.201,22.186,22.170,22.155,22.140,22.125,22.109,22.102,22.102,22.109,22.109,22.102,22.086,22.071,22.048,22.033,22.033,22.033,22.033,22.025,22.018,22.010,22.002,21.995,21.995,21.995,22.002,21.995,21.995,21.987,21.987,21.987,21.987,21.995,21.995,21.987,21.979,21.956,21.941,21.934,21.941,21.964,21.979,21.979,21.949,21.918,21.888,21.872,21.872,21.888,21.903,21.911,21.895,21.872,21.857,21.842,21.834,21.834,21.834,21.819,21.819,21.803,21.796,21.780,21.773,21.765,21.757,21.742,21.734,21.734,21.727,21.719,21.711,21.704,21.696,21.696,21.696,21.696,21.688,21.688,21.688,21.681,21.673,21.665,21.665,21.658,21.650,21.635,21.635,21.619,21.612,21.596,21.589,21.573,21.566,21.543,21.543,21.535,21.527,21.512,21.504,21.497,21.489,21.474,21.466,21.458,21.443,21.427,21.420,21.404,21.397,21.381,21.381,21.381,21.381,21.381,21.381,21.374,21.366,21.366,21.366,21.366,21.366,21.374,21.374,21.381,21.397,21.412,21.443,21.474,21.504,21.527,21.543,21.550,21.558,21.566,21.573,21.581,21.581,21.581,21.589,21.589,21.596,21.596,21.596,21.589,21.589,21.589,21.589,21.589
,23.873,23.850,23.738,23.617,23.542,23.512,23.489,23.437,23.392,23.346,23.301,23.256,23.226,23.218,23.226,23.165,23.112,23.082,23.059,23.044,23.037,23.029,23.014,22.991,22.976,22.953,22.938,22.938,22.938,22.923,22.908,22.900,22.885,22.878,22.870,22.870,22.870,22.862,22.847,22.840,22.832,22.824,22.817,22.809,22.809,22.802,22.802,22.809,22.817,22.817,22.809,22.809,22.802,22.802,22.794,22.787,22.779,22.779,22.771,22.779,22.817,22.893,22.984,23.029,23.082,23.165,23.278,23.376,23.505,23.693,23.993,24.300,24.650,25.074,25.710,26.415,27.072,27.638,27.977,28.273,28.546,28.746,28.653,28.718,28.818,28.911,28.947,29.061,29.197,29.304,29.311,29.318,29.368,29.467,29.545,29.588,29.624,29.652,29.695,29.744,29.794,29.836,29.879,29.900,29.936,29.985,30.035,30.077,30.098,30.106,30.134,30.204,30.268,30.303,30.303,30.310,30.346,30.381,30.388,30.395,30.395,30.395,30.395,30.416,30.437,30.466,30.494,30.508,30.515,30.522,30.515,30.501,30.487,30.480,30.494,30.515,30.529,30.536,30.536,30.529,30.529,30.529,30.543,30.550,30.564,30.578,30.599,30.613,30.620,30.620,30.620,30.613,30.599,30.585,30.571,30.557,30.543,30.536,30.543,30.557,30.564,30.578,30.578,30.578,30.578,30.564,30.536,30.508,30.480,30.444,30.430,30.430,30.423,30.416,30.409,30.402,30.381,30.367,30.353,30.332,30.310,30.282,30.254,30.226,30.204,30.183,30.162,30.148,30.134,30.127,30.091,30.063,30.042,30.028,30.021,30.006,29.992,29.978,29.957,29.950,29.929,29.907,29.879,29.872,29.858,29.822,29.780,29.780,29.751,29.695,29.581,29.553,29.567,29.588,29.567,29.496,29.432,29.375,29.304,29.204,29.097,28.925,28.431,28.122,27.862,27.544,26.839,26.144,25.533,24.992,24.457,23.933,23.648,23.625,23.685,23.625,23.512,23.384,23.316,23.248,23.195,23.173,23.180,23.150,23.074,22.984,22.938,22.931,22.923,22.908,22.855,22.832,22.809,22.787,22.756,22.711,22.673,22.642,22.627,22.597,22.574,22.536,22.513,22.490,22.468,22.429,22.399,22.376,22.353,22.323,22.300,22.277,22.254,22.239,22.209,22.178,22.147,22.117,22.109,22.086,22.071,22.063,22.056,22.056,22.063,22.071,22.071,22.086,22.094,22.117,22.132,22.140,22.147,22.163,22.170,22.178,22.178,22.186,22.186,22.186,22.186,22.186,22.193,22.201,22.209,22.216,22.216,22.216,22.224,22.216,22.216,22.209,22.209,22.209,22.209,22.209,22.209,22.216,22.216,22.209,22.209,22.201,22.201,22.201,22.201,22.209,22.209,22.209,22.209,22.209,22.201,22.193,22.178,22.163,22.147,22.125,22.109,22.094,22.094,22.102,22.102,22.094,22.079,22.071,22.056,22.048,22.033,22.033,22.025,22.025,22.018,22.010,22.002,21.995,21.995,21.995,21.995,21.995,21.995,21.987,21.987,21.987,21.987,21.995,21.995,21.987,21.972,21.956,21.941,21.934,21.941,21.964,21.972,21.972,21.949,21.911,21.880,21.865,21.872,21.895,21.918,21.926,21.911,21.895,21.872,21.857,21.849,21.842,21.842,21.834,21.819,21.819,21.811,21.796,21.780,21.765,21.757,21.742,21.727,21.719,21.719,21.711,21.704,21.696,21.696,21.696,21.696,21.696,21.696,21.688,21.688,21.681,21.673,21.665,21.665,21.658,21.650,21.635,21.627,21.619,21.604,21.596,21.581,21.566,21.558,21.543,21.535,21.527,21.520,21.512,21.504,21.497,21.489,21.474,21.458,21.443,21.427,21.412,21.404,21.404,21.404,21.397,21.397,21.397,21.397,21.389,21.374,21.366,21.358,21.351,21.351,21.351,21.358,21.374,21.374,21.381,21.397,21.412,21.443,21.466,21.497,21.520,21.543,21.550,21.558,21.566,21.573,21.573,21.573,21.573,21.581,21.589,21.589,21.589,21.589,21.589,21.589,21.589,21.589,21.589
,23.873,23.843,23.730,23.610,23.542,23.512,23.489,23.437,23.392,23.346,23.309,23.263,23.233,23.218,23.241,23.173,23.120,23.082,23.059,23.037,23.037,23.029,23.014,22.999,22.976,22.953,22.946,22.946,22.938,22.923,22.908,22.893,22.878,22.870,22.862,22.862,22.862,22.855,22.840,22.832,22.824,22.817,22.802,22.794,22.787,22.787,22.787,22.787,22.787,22.787,22.779,22.771,22.771,22.764,22.756,22.756,22.756,22.764,22.764,22.779,22.817,22.885,22.984,23.021,23.067,23.150,23.278,23.376,23.482,23.640,23.933,24.240,24.583,25.000,25.629,26.327,26.999,27.587,27.956,28.251,28.524,28.746,28.668,28.739,28.832,28.925,28.961,29.068,29.197,29.311,29.311,29.318,29.375,29.467,29.553,29.595,29.631,29.666,29.702,29.758,29.808,29.851,29.886,29.907,29.950,29.999,30.049,30.084,30.098,30.106,30.141,30.212,30.275,30.303,30.296,30.310,30.346,30.381,30.388,30.395,30.395,30.402,30.416,30.437,30.458,30.480,30.494,30.508,30.515,30.515,30.508,30.494,30.487,30.487,30.501,30.522,30.536,30.543,30.543,30.536,30.529,30.529,30.536,30.550,30.557,30.578,30.599,30.620,30.635,30.642,30.635,30.613,30.592,30.571,30.557,30.550,30.543,30.543,30.550,30.564,30.578,30.585,30.592,30.599,30.592,30.578,30.550,30.522,30.487,30.458,30.444,30.444,30.437,30.430,30.430,30.416,30.395,30.381,30.367,30.346,30.317,30.282,30.261,30.233,30.212,30.190,30.162,30.148,30.134,30.127,30.106,30.077,30.049,30.028,30.021,30.006,29.999,29.978,29.957,29.943,29.929,29.907,29.893,29.886,29.865,29.829,29.787,29.773,29.751,29.695,29.581,29.553,29.567,29.588,29.567,29.503,29.439,29.382,29.304,29.211,29.118,28.947,28.467,28.129,27.847,27.515,26.795,26.100,25.481,24.933,24.397,23.895,23.632,23.617,23.678,23.625,23.512,23.384,23.331,23.263,23.203,23.173,23.173,23.150,23.089,23.006,22.953,22.938,22.923,22.908,22.855,22.832,22.802,22.779,22.756,22.703,22.658,22.635,22.627,22.604,22.574,22.536,22.506,22.498,22.475,22.452,22.429,22.399,22.369,22.346,22.315,22.292,22.277,22.262,22.224,22.201,22.163,22.132,22.125,22.102,22.079,22.071,22.056,22.056,22.063,22.071,22.079,22.086,22.102,22.117,22.132,22.140,22.155,22.163,22.178,22.186,22.186,22.193,22.193,22.193,22.186,22.186,22.186,22.201,22.209,22.216,22.216,22.216,22.224,22.216,22.216,22.209,22.209,22.209,22.209,22.209,22.209,22.209,22.209,22.209,22.209,22.209,22.209,22.209,22.209,22.209,22.209,22.216,22.216,22.209,22.201,22.193,22.186,22.170,22.155,22.132,22.117,22.102,22.094,22.094,22.094,22.086,22.079,22.071,22.063,22.056,22.041,22.033,22.025,22.018,22.010,22.010,22.002,21.995,21.995,21.995,21.987,21.987,21.987,21.987,21.979,21.979,21.979,21.987,21.987,21.979,21.964,21.949,21.941,21.934,21.941,21.956,21.964,21.964,21.934,21.903,21.880,21.865,21.880,21.903,21.926,21.941,21.926,21.903,21.888,21.865,21.857,21.849,21.842,21.834,21.826,21.826,21.819,21.803,21.788,21.773,21.750,21.734,21.719,21.719,21.711,21.704,21.704,21.696,21.696,21.696,21.696,21.696,21.696,21.688,21.688,21.681,21.673,21.665,21.658,21.658,21.642,21.635,21.619,21.612,21.596,21.589,21.573,21.566,21.550,21.543,21.527,21.527,21.512,21.504,21.497,21.497,21.481,21.466,21.450,21.427,21.412,21.404,21.397,21.404,21.412,21.412,21.412,21.412,21.404,21.389,21.374,21.358,21.343,21.335,21.335,21.343,21.358,21.366,21.374,21.381,21.397,21.412,21.443,21.466,21.489,21.520,21.535,21.550,21.558,21.558,21.573,21.566,21.566,21.566,21.573,21.581,21.581,21.589,21.589,21.581,21.581,21.581,21.581,21.581
,23.880,23.843,23.730,23.610,23.535,23.512,23.489,23.437,23.384,23.346,23.316,23.263,23.226,23.210,23.233,23.173,23.120,23.089,23.059,23.044,23.029,23.029,23.014,22.991,22.976,22.953,22.946,22.938,22.938,22.923,22.908,22.893,22.878,22.862,22.862,22.862,22.855,22.847,22.840,22.824,22.817,22.809,22.802,22.794,22.787,22.779,22.779,22.779,22.779,22.771,22.764,22.756,22.749,22.741,22.733,22.733,22.741,22.756,22.756,22.771,22.817,22.878,22.976,23.014,23.059,23.135,23.263,23.361,23.452,23.580,23.865,24.180,24.516,24.918,25.533,26.232,26.919,27.529,27.927,28.222,28.510,28.746,28.682,28.761,28.854,28.940,28.968,29.082,29.211,29.318,29.318,29.318,29.375,29.467,29.553,29.602,29.638,29.673,29.716,29.773,29.829,29.865,29.893,29.914,29.957,30.014,30.063,30.084,30.098,30.106,30.148,30.219,30.275,30.296,30.296,30.310,30.339,30.381,30.388,30.388,30.402,30.409,30.430,30.451,30.473,30.494,30.501,30.508,30.515,30.508,30.508,30.494,30.494,30.494,30.515,30.529,30.550,30.557,30.550,30.543,30.536,30.536,30.536,30.543,30.557,30.571,30.599,30.627,30.656,30.663,30.649,30.620,30.592,30.564,30.557,30.550,30.543,30.550,30.557,30.571,30.585,30.599,30.606,30.613,30.606,30.592,30.564,30.536,30.508,30.480,30.458,30.458,30.451,30.444,30.444,30.423,30.409,30.388,30.374,30.353,30.324,30.289,30.268,30.247,30.226,30.197,30.169,30.148,30.134,30.134,30.120,30.091,30.056,30.028,30.021,30.014,29.999,29.978,29.957,29.943,29.929,29.914,29.907,29.900,29.872,29.836,29.794,29.773,29.751,29.695,29.581,29.553,29.560,29.581,29.567,29.510,29.446,29.396,29.304,29.218,29.118,28.961,28.488,28.136,27.833,27.493,26.759,26.056,25.429,24.873,24.330,23.858,23.617,23.610,23.670,23.610,23.505,23.384,23.339,23.278,23.218,23.180,23.173,23.158,23.105,23.021,22.976,22.953,22.938,22.915,22.870,22.840,22.809,22.787,22.764,22.703,22.658,22.635,22.627,22.620,22.582,22.528,22.506,22.506,22.490,22.475,22.452,22.422,22.391,22.361,22.323,22.300,22.285,22.270,22.239,22.209,22.178,22.147,22.140,22.109,22.086,22.071,22.063,22.063,22.063,22.079,22.086,22.094,22.109,22.125,22.132,22.147,22.155,22.170,22.178,22.186,22.193,22.201,22.201,22.193,22.193,22.193,22.193,22.201,22.209,22.209,22.209,22.216,22.216,22.216,22.216,22.216,22.209,22.209,22.209,22.209,22.209,22.209,22.209,22.209,22.216,22.224,22.224,22.216,22.216,22.216,22.216,22.216,22.216,22.209,22.209,22.201,22.193,22.178,22.163,22.147,22.132,22.117,22.102,22.094,22.086,22.086,22.079,22.079,22.071,22.063,22.048,22.041,22.033,22.018,22.010,22.010,22.002,21.995,21.995,21.987,21.987,21.979,21.979,21.979,21.979,21.979,21.979,21.979,21.979,21.972,21.964,21.949,21.934,21.934,21.934,21.949,21.949,21.949,21.926,21.895,21.880,21.865,21.880,21.911,21.926,21.941,21.926,21.911,21.888,21.865,21.857,21.849,21.842,21.834,21.819,21.819,21.819,21.803,21.788,21.773,21.750,21.734,21.719,21.719,21.711,21.704,21.704,21.696,21.696,21.696,21.696,21.696,21.688,21.688,21.688,21.681,21.673,21.658,21.658,21.650,21.642,21.627,21.619,21.604,21.596,21.581,21.566,21.558,21.550,21.535,21.527,21.520,21.512,21.497,21.489,21.489,21.481,21.466,21.443,21.420,21.404,21.397,21.397,21.404,21.420,21.420,21.420,21.420,21.404,21.389,21.374,21.358,21.343,21.335,21.335,21.343,21.351,21.366,21.374,21.381,21.397,21.412,21.435,21.458,21.481,21.512,21.527,21.543,21.550,21.550,21.558,21.558,21.558,21.566,21.566,21.573,21.581,21.581,21.581,21.581,21.581,21.581,21.581,21.581
,23.880,23.820,23.708,23.595,23.527,23.505,23.474,23.422,23.376,23.331,23.301,23.248,23.203,23.180,23.188,23.158,23.127,23.097,23.059,23.044,23.029,23.021,22.999,22.984,22.968,22.946,22.938,22.938,22.931,22.923,22.908,22.893,22.878,22.862,22.862,22.862,22.855,22.847,22.847,22.840,22.832,22.817,22.809,22.809,22.802,22.794,22.787,22.794,22.794,22.787,22.779,22.779,22.764,22.756,22.741,22.733,22.733,22.749,22.756,22.779,22.817,22.878,22.968,23.006,23.052,23.127,23.256,23.346,23.437,23.557,23.828,24.143,24.486,24.873,25.459,26.166,26.861,27.486,27.905,28.208,28.495,28.739,28.703,28.775,28.868,28.947,28.982,29.097,29.218,29.318,29.318,29.325,29.375,29.467,29.553,29.602,29.645,29.680,29.730,29.794,29.844,29.886,29.907,29.929,29.978,30.035,30.070,30.091,30.098,30.106,30.155,30.226,30.268,30.296,30.296,30.310,30.353,30.388,30.395,30.402,30.409,30.430,30.451,30.473,30.487,30.501,30.508,30.508,30.515,30.508,30.508,30.508,30.508,30.515,30.529,30.550,30.564,30.571,30.564,30.550,30.543,30.536,30.536,30.543,30.550,30.564,30.606,30.642,30.663,30.677,30.656,30.620,30.585,30.557,30.543,30.543,30.543,30.550,30.557,30.571,30.592,30.606,30.613,30.620,30.620,30.606,30.585,30.550,30.522,30.494,30.480,30.473,30.473,30.466,30.458,30.444,30.430,30.409,30.388,30.374,30.346,30.310,30.289,30.268,30.240,30.212,30.176,30.155,30.155,30.155,30.148,30.106,30.056,30.014,30.014,30.014,29.999,29.985,29.964,29.950,29.936,29.914,29.914,29.907,29.886,29.844,29.794,29.773,29.751,29.695,29.574,29.553,29.560,29.574,29.567,29.517,29.460,29.403,29.304,29.218,29.125,28.975,28.517,28.143,27.833,27.486,26.737,26.041,25.407,24.829,24.285,23.820,23.595,23.602,23.648,23.595,23.497,23.384,23.339,23.286,23.226,23.180,23.173,23.158,23.105,23.037,22.984,22.961,22.946,22.923,22.885,22.847,22.824,22.809,22.779,22.718,22.673,22.650,22.635,22.627,22.597,22.551,22.528,22.513,22.506,22.490,22.483,22.452,22.414,22.369,22.338,22.315,22.292,22.277,22.262,22.224,22.186,22.163,22.147,22.140,22.117,22.086,22.071,22.071,22.079,22.086,22.086,22.094,22.109,22.125,22.132,22.147,22.163,22.178,22.186,22.193,22.201,22.201,22.201,22.201,22.193,22.193,22.193,22.201,22.201,22.209,22.209,22.216,22.216,22.216,22.216,22.216,22.209,22.209,22.209,22.209,22.209,22.209,22.209,22.216,22.224,22.224,22.224,22.224,22.224,22.224,22.216,22.216,22.216,22.209,22.209,22.201,22.201,22.193,22.178,22.155,22.140,22.125,22.117,22.109,22.102,22.094,22.086,22.086,22.079,22.071,22.063,22.048,22.033,22.018,22.010,22.010,22.002,22.002,21.995,21.987,21.987,21.979,21.979,21.979,21.979,21.979,21.979,21.979,21.972,21.964,21.956,21.949,21.941,21.934,21.934,21.941,21.941,21.934,21.918,21.903,21.888,21.880,21.888,21.903,21.918,21.926,21.911,21.888,21.872,21.857,21.842,21.834,21.826,21.819,21.811,21.811,21.803,21.788,21.780,21.765,21.750,21.727,21.727,21.719,21.711,21.704,21.704,21.696,21.696,21.696,21.696,21.696,21.688,21.688,21.681,21.673,21.665,21.658,21.658,21.650,21.642,21.627,21.619,21.604,21.589,21.573,21.566,21.558,21.550,21.535,21.527,21.512,21.504,21.489,21.481,21.481,21.474,21.458,21.443,21.427,21.412,21.397,21.397,21.412,21.420,21.420,21.420,21.412,21.404,21.389,21.381,21.366,21.351,21.343,21.335,21.343,21.351,21.366,21.366,21.374,21.389,21.404,21.427,21.450,21.474,21.497,21.512,21.527,21.535,21.543,21.550,21.550,21.550,21.558,21.566,21.566,21.573,21.581,21.581,21.581,21.581,21.581,21.581,21.581
,23.850,23.790,23.678,23.580,23.512,23.482,23.452,23.407,23.361,23.324,23.293,23.233,23.180,23.142,23.135,23.142,23.127,23.089,23.059,23.037,23.021,23.014,22.991,22.968,22.953,22.938,22.931,22.923,22.923,22.915,22.900,22.893,22.878,22.870,22.862,22.862,22.862,22.855,22.847,22.847,22.840,22.832,22.832,22.824,22.817,22.809,22.809,22.817,22.817,22.817,22.809,22.802,22.787,22.779,22.756,22.749,22.741,22.749,22.756,22.779,22.817,22.870,22.961,23.006,23.052,23.112,23.241,23.331,23.422,23.535,23.813,24.135,24.464,24.836,25.415,26.114,26.824,27.464,27.905,28.208,28.495,28.739,28.718,28.789,28.875,28.961,28.997,29.111,29.232,29.318,29.318,29.332,29.382,29.474,29.553,29.602,29.645,29.688,29.744,29.808,29.865,29.900,29.914,29.950,29.992,30.049,30.077,30.091,30.098,30.113,30.169,30.226,30.268,30.289,30.296,30.324,30.374,30.416,30.423,30.430,30.437,30.458,30.480,30.487,30.501,30.515,30.515,30.515,30.515,30.515,30.515,30.515,30.515,30.529,30.536,30.557,30.571,30.571,30.571,30.557,30.550,30.543,30.543,30.536,30.543,30.564,30.599,30.642,30.670,30.677,30.656,30.620,30.578,30.550,30.536,30.536,30.543,30.550,30.557,30.571,30.585,30.599,30.613,30.620,30.620,30.606,30.592,30.564,30.536,30.508,30.494,30.494,30.487,30.480,30.480,30.466,30.451,30.430,30.416,30.395,30.367,30.339,30.310,30.289,30.268,30.240,30.197,30.176,30.169,30.176,30.169,30.113,30.056,30.006,30.014,30.014,30.006,29.992,29.971,29.950,29.936,29.922,29.922,29.907,29.886,29.844,29.794,29.773,29.744,29.688,29.581,29.553,29.553,29.567,29.560,29.517,29.474,29.410,29.289,29.211,29.118,28.961,28.517,28.158,27.840,27.479,26.773,26.092,25.444,24.836,24.292,23.835,23.610,23.602,23.640,23.587,23.497,23.407,23.361,23.301,23.241,23.195,23.180,23.150,23.112,23.052,23.006,22.984,22.961,22.931,22.893,22.855,22.832,22.809,22.787,22.726,22.680,22.658,22.650,22.642,22.612,22.566,22.536,22.513,22.506,22.506,22.490,22.468,22.429,22.391,22.353,22.323,22.300,22.285,22.270,22.239,22.209,22.186,22.163,22.147,22.125,22.094,22.086,22.086,22.086,22.094,22.094,22.094,22.102,22.117,22.132,22.147,22.163,22.178,22.193,22.193,22.201,22.209,22.209,22.201,22.201,22.193,22.193,22.201,22.201,22.209,22.209,22.209,22.216,22.216,22.216,22.216,22.209,22.209,22.209,22.209,22.209,22.209,22.209,22.216,22.224,22.231,22.231,22.231,22.231,22.231,22.224,22.224,22.216,22.209,22.209,22.209,22.209,22.201,22.186,22.170,22.155,22.140,22.132,22.125,22.117,22.109,22.102,22.094,22.086,22.079,22.063,22.048,22.033,22.018,22.010,22.010,22.010,22.002,21.995,21.987,21.979,21.979,21.979,21.979,21.979,21.972,21.972,21.964,21.964,21.956,21.949,21.949,21.941,21.934,21.934,21.934,21.934,21.926,21.911,21.903,21.895,21.888,21.895,21.903,21.911,21.903,21.888,21.872,21.849,21.834,21.819,21.811,21.803,21.803,21.796,21.796,21.788,21.780,21.773,21.757,21.742,21.734,21.727,21.719,21.719,21.711,21.704,21.704,21.704,21.696,21.696,21.696,21.688,21.681,21.681,21.673,21.665,21.658,21.658,21.650,21.642,21.627,21.619,21.604,21.589,21.573,21.566,21.558,21.550,21.535,21.520,21.512,21.497,21.489,21.474,21.474,21.466,21.458,21.443,21.427,21.420,21.412,21.404,21.412,21.412,21.404,21.404,21.404,21.397,21.389,21.381,21.374,21.366,21.358,21.358,21.351,21.358,21.366,21.366,21.374,21.381,21.397,21.420,21.443,21.466,21.489,21.504,21.512,21.520,21.535,21.543,21.543,21.543,21.550,21.558,21.566,21.573,21.581,21.581,21.581,21.581,21.581,21.581,21.581
,23.820,23.753,23.648,23.557,23.505,23.467,23.437,23.399,23.354,23.309,23.278,23.218,23.165,23.120,23.105,23.135,23.135,23.089,23.052,23.037,23.021,23.006,22.984,22.961,22.946,22.931,22.923,22.915,22.915,22.908,22.900,22.893,22.885,22.878,22.870,22.870,22.862,22.855,22.855,22.855,22.855,22.847,22.840,22.840,22.832,22.832,22.832,22.832,22.832,22.832,22.824,22.817,22.809,22.794,22.779,22.756,22.749,22.756,22.764,22.787,22.817,22.855,22.946,22.999,23.044,23.097,23.218,23.316,23.407,23.520,23.798,24.128,24.449,24.799,25.370,26.085,26.795,27.457,27.905,28.208,28.488,28.746,28.732,28.797,28.882,28.968,29.004,29.125,29.239,29.325,29.325,29.332,29.389,29.481,29.553,29.602,29.652,29.702,29.758,29.829,29.879,29.914,29.929,29.964,30.014,30.063,30.084,30.091,30.098,30.127,30.176,30.233,30.268,30.282,30.303,30.339,30.388,30.430,30.437,30.451,30.466,30.480,30.501,30.508,30.515,30.522,30.522,30.522,30.515,30.515,30.522,30.522,30.529,30.543,30.550,30.564,30.571,30.578,30.571,30.564,30.557,30.550,30.543,30.536,30.543,30.557,30.592,30.635,30.670,30.677,30.656,30.620,30.578,30.550,30.536,30.543,30.543,30.550,30.557,30.571,30.585,30.592,30.606,30.613,30.620,30.613,30.592,30.571,30.550,30.522,30.508,30.508,30.501,30.501,30.501,30.487,30.473,30.458,30.437,30.416,30.395,30.360,30.332,30.317,30.296,30.268,30.212,30.190,30.183,30.190,30.176,30.120,30.056,30.006,30.014,30.014,30.006,29.992,29.971,29.957,29.936,29.929,29.929,29.914,29.886,29.844,29.794,29.773,29.744,29.688,29.588,29.553,29.545,29.560,29.545,29.517,29.474,29.410,29.275,29.197,29.111,28.947,28.517,28.172,27.847,27.479,26.831,26.173,25.511,24.873,24.330,23.888,23.663,23.640,23.648,23.595,23.520,23.444,23.414,23.354,23.286,23.226,23.195,23.165,23.127,23.082,23.037,23.006,22.976,22.946,22.908,22.870,22.840,22.817,22.794,22.749,22.703,22.673,22.665,22.650,22.627,22.589,22.559,22.528,22.513,22.506,22.498,22.483,22.452,22.414,22.369,22.338,22.308,22.292,22.277,22.254,22.224,22.193,22.170,22.155,22.132,22.109,22.102,22.102,22.102,22.102,22.102,22.102,22.102,22.117,22.132,22.155,22.170,22.186,22.193,22.201,22.201,22.201,22.201,22.209,22.201,22.201,22.201,22.201,22.201,22.209,22.209,22.209,22.216,22.216,22.216,22.216,22.216,22.209,22.209,22.209,22.209,22.209,22.216,22.224,22.224,22.231,22.239,22.239,22.239,22.239,22.231,22.224,22.216,22.216,22.216,22.216,22.209,22.209,22.193,22.186,22.170,22.155,22.147,22.140,22.132,22.117,22.109,22.102,22.102,22.086,22.071,22.056,22.041,22.025,22.018,22.010,22.010,22.002,21.995,21.987,21.979,21.972,21.972,21.972,21.972,21.972,21.964,21.956,21.949,21.941,21.941,21.941,21.941,21.934,21.926,21.926,21.918,21.911,21.903,21.903,21.895,21.895,21.895,21.895,21.895,21.880,21.865,21.849,21.826,21.811,21.803,21.796,21.788,21.788,21.780,21.780,21.773,21.765,21.757,21.750,21.742,21.734,21.727,21.727,21.719,21.711,21.711,21.711,21.711,21.704,21.696,21.688,21.688,21.681,21.673,21.673,21.665,21.658,21.650,21.650,21.642,21.627,21.619,21.604,21.589,21.573,21.566,21.558,21.550,21.535,21.520,21.504,21.489,21.481,21.466,21.466,21.458,21.450,21.443,21.435,21.427,21.420,21.412,21.404,21.404,21.397,21.389,21.397,21.397,21.389,21.389,21.381,21.381,21.374,21.366,21.358,21.358,21.358,21.358,21.366,21.381,21.397,21.420,21.435,21.458,21.474,21.489,21.497,21.512,21.520,21.535,21.535,21.543,21.543,21.558,21.566,21.573,21.573,21.573,21.573,21.573,21.573,21.573,21.573
,23.805,23.730,23.625,23.542,23.489,23.459,23.422,23.392,23.354,23.309,23.271,23.218,23.158,23.112,23.097,23.135,23.142,23.097,23.059,23.037,23.021,23.006,22.984,22.961,22.946,22.938,22.923,22.915,22.915,22.908,22.900,22.893,22.885,22.885,22.878,22.870,22.862,22.862,22.862,22.862,22.855,22.855,22.855,22.847,22.840,22.840,22.840,22.847,22.847,22.840,22.832,22.832,22.817,22.802,22.779,22.756,22.749,22.749,22.764,22.794,22.817,22.840,22.931,22.999,23.044,23.089,23.195,23.301,23.392,23.505,23.798,24.120,24.434,24.769,25.341,26.048,26.773,27.442,27.905,28.201,28.488,28.746,28.746,28.804,28.890,28.975,29.018,29.140,29.254,29.332,29.332,29.339,29.389,29.481,29.553,29.602,29.652,29.709,29.773,29.851,29.900,29.922,29.936,29.978,30.028,30.077,30.084,30.091,30.106,30.134,30.197,30.240,30.268,30.282,30.303,30.353,30.402,30.444,30.451,30.473,30.487,30.501,30.522,30.536,30.536,30.536,30.536,30.529,30.522,30.522,30.529,30.536,30.543,30.550,30.564,30.571,30.578,30.585,30.578,30.571,30.557,30.557,30.550,30.543,30.543,30.557,30.592,30.635,30.670,30.684,30.663,30.620,30.585,30.557,30.543,30.543,30.550,30.557,30.564,30.571,30.578,30.592,30.599,30.613,30.620,30.613,30.599,30.578,30.557,30.543,30.529,30.522,30.522,30.522,30.522,30.508,30.487,30.473,30.451,30.437,30.409,30.381,30.346,30.332,30.310,30.282,30.226,30.197,30.183,30.190,30.183,30.120,30.049,30.006,30.014,30.014,30.006,29.992,29.971,29.957,29.936,29.929,29.929,29.914,29.886,29.844,29.794,29.773,29.737,29.688,29.595,29.560,29.545,29.553,29.538,29.510,29.467,29.403,29.268,29.189,29.097,28.925,28.517,28.186,27.862,27.486,26.890,26.254,25.592,24.940,24.404,23.970,23.738,23.693,23.693,23.640,23.572,23.512,23.482,23.422,23.346,23.263,23.226,23.188,23.150,23.112,23.074,23.037,23.006,22.968,22.931,22.893,22.862,22.832,22.802,22.771,22.726,22.688,22.680,22.673,22.650,22.612,22.589,22.551,22.528,22.513,22.513,22.498,22.475,22.437,22.391,22.361,22.330,22.300,22.285,22.270,22.239,22.209,22.186,22.163,22.147,22.125,22.117,22.117,22.117,22.117,22.109,22.109,22.109,22.117,22.132,22.155,22.178,22.193,22.193,22.201,22.201,22.201,22.201,22.209,22.209,22.209,22.209,22.209,22.209,22.209,22.209,22.209,22.216,22.216,22.216,22.216,22.216,22.216,22.216,22.216,22.216,22.216,22.216,22.224,22.231,22.239,22.239,22.247,22.247,22.247,22.239,22.224,22.216,22.216,22.216,22.216,22.209,22.209,22.201,22.193,22.178,22.163,22.155,22.147,22.140,22.125,22.117,22.117,22.102,22.086,22.071,22.056,22.041,22.025,22.018,22.018,22.010,22.002,21.995,21.979,21.972,21.964,21.964,21.964,21.964,21.956,21.949,21.941,21.934,21.926,21.926,21.934,21.934,21.926,21.918,21.911,21.903,21.895,21.895,21.895,21.895,21.888,21.880,21.880,21.872,21.857,21.842,21.826,21.811,21.796,21.788,21.788,21.780,21.773,21.773,21.765,21.757,21.750,21.750,21.750,21.742,21.742,21.734,21.734,21.727,21.719,21.719,21.719,21.711,21.704,21.704,21.688,21.681,21.673,21.673,21.665,21.665,21.650,21.650,21.642,21.635,21.627,21.619,21.604,21.589,21.573,21.566,21.558,21.550,21.535,21.520,21.504,21.489,21.474,21.466,21.458,21.450,21.450,21.450,21.443,21.435,21.427,21.420,21.404,21.397,21.389,21.389,21.389,21.389,21.389,21.389,21.389,21.389,21.381,21.374,21.358,21.351,21.351,21.351,21.366,21.381,21.397,21.412,21.427,21.450,21.474,21.481,21.489,21.497,21.512,21.520,21.527,21.535,21.543,21.550,21.558,21.566,21.566,21.566,21.573,21.573,21.573,21.573,21.573
,23.790,23.715,23.602,23.535,23.489,23.459,23.422,23.392,23.354,23.316,23.271,23.218,23.173,23.135,23.105,23.142,23.150,23.112,23.082,23.059,23.044,23.029,23.006,22.984,22.968,22.953,22.938,22.931,22.923,22.908,22.908,22.900,22.893,22.885,22.885,22.878,22.870,22.862,22.862,22.862,22.855,22.855,22.855,22.847,22.840,22.840,22.840,22.840,22.840,22.832,22.824,22.817,22.802,22.787,22.764,22.733,22.726,22.733,22.764,22.794,22.809,22.824,22.900,22.984,23.037,23.082,23.173,23.286,23.376,23.489,23.790,24.128,24.434,24.755,25.296,25.997,26.715,27.391,27.884,28.179,28.474,28.746,28.746,28.811,28.890,28.975,29.025,29.154,29.268,29.332,29.332,29.339,29.396,29.481,29.545,29.602,29.652,29.709,29.787,29.865,29.914,29.936,29.943,29.992,30.042,30.084,30.084,30.091,30.113,30.155,30.212,30.240,30.268,30.282,30.317,30.367,30.409,30.451,30.466,30.487,30.501,30.522,30.543,30.550,30.550,30.543,30.536,30.529,30.522,30.529,30.529,30.543,30.550,30.564,30.578,30.585,30.599,30.599,30.592,30.578,30.571,30.564,30.557,30.557,30.557,30.564,30.599,30.642,30.677,30.691,30.670,30.635,30.599,30.571,30.557,30.557,30.564,30.564,30.564,30.571,30.578,30.592,30.599,30.613,30.620,30.620,30.613,30.592,30.571,30.557,30.543,30.543,30.543,30.536,30.550,30.529,30.508,30.487,30.473,30.451,30.423,30.388,30.360,30.339,30.324,30.296,30.233,30.197,30.190,30.190,30.183,30.120,30.056,30.014,30.014,30.014,30.006,29.992,29.964,29.950,29.936,29.929,29.929,29.914,29.886,29.844,29.794,29.766,29.737,29.688,29.602,29.567,29.545,29.538,29.524,29.503,29.467,29.403,29.275,29.189,29.090,28.918,28.539,28.215,27.891,27.515,26.955,26.334,25.680,25.029,24.494,24.068,23.828,23.775,23.768,23.715,23.655,23.610,23.565,23.497,23.414,23.331,23.271,23.226,23.188,23.158,23.127,23.082,23.044,23.014,22.961,22.923,22.885,22.855,22.824,22.787,22.756,22.726,22.696,22.680,22.665,22.642,22.612,22.582,22.551,22.528,22.521,22.506,22.483,22.452,22.422,22.384,22.346,22.315,22.300,22.277,22.254,22.231,22.209,22.170,22.155,22.140,22.125,22.125,22.125,22.117,22.117,22.109,22.117,22.132,22.140,22.155,22.178,22.193,22.193,22.201,22.201,22.201,22.209,22.209,22.216,22.216,22.209,22.209,22.209,22.209,22.209,22.209,22.216,22.216,22.216,22.216,22.216,22.216,22.216,22.216,22.216,22.216,22.216,22.224,22.231,22.239,22.239,22.247,22.247,22.247,22.247,22.231,22.224,22.216,22.216,22.216,22.209,22.201,22.201,22.186,22.178,22.170,22.163,22.155,22.147,22.132,22.125,22.117,22.102,22.086,22.071,22.056,22.041,22.025,22.018,22.018,22.010,22.002,21.995,21.979,21.972,21.964,21.956,21.956,21.949,21.949,21.934,21.926,21.918,21.911,21.911,21.918,21.918,21.918,21.911,21.903,21.895,21.895,21.888,21.888,21.880,21.880,21.872,21.865,21.857,21.842,21.834,21.819,21.811,21.796,21.796,21.788,21.780,21.773,21.765,21.765,21.757,21.750,21.750,21.750,21.742,21.742,21.742,21.734,21.727,21.719,21.719,21.719,21.711,21.704,21.704,21.688,21.681,21.673,21.673,21.665,21.658,21.650,21.650,21.642,21.635,21.619,21.612,21.596,21.589,21.573,21.566,21.558,21.543,21.527,21.512,21.497,21.481,21.466,21.458,21.450,21.450,21.450,21.443,21.443,21.435,21.427,21.420,21.404,21.397,21.389,21.389,21.389,21.389,21.389,21.389,21.389,21.389,21.381,21.374,21.358,21.343,21.343,21.351,21.358,21.381,21.397,21.412,21.427,21.450,21.466,21.474,21.481,21.489,21.504,21.512,21.520,21.527,21.535,21.543,21.550,21.558,21.566,21.566,21.573,21.573,21.573,21.573,21.573
,23.790,23.708,23.602,23.527,23.482,23.452,23.422,23.384,23.346,23.309,23.271,23.226,23.188,23.165,23.120,23.150,23.165,23.135,23.112,23.089,23.074,23.059,23.037,23.014,22.999,22.976,22.953,22.946,22.931,22.923,22.908,22.908,22.900,22.900,22.885,22.885,22.878,22.862,22.862,22.855,22.855,22.847,22.840,22.840,22.832,22.832,22.832,22.832,22.832,22.817,22.809,22.794,22.779,22.764,22.741,22.718,22.711,22.718,22.764,22.787,22.802,22.809,22.893,22.976,23.037,23.074,23.158,23.271,23.361,23.467,23.775,24.105,24.404,24.717,25.237,25.931,26.649,27.319,27.833,28.150,28.452,28.732,28.754,28.811,28.897,28.982,29.025,29.161,29.275,29.339,29.332,29.346,29.396,29.489,29.545,29.595,29.652,29.716,29.801,29.879,29.929,29.943,29.957,30.014,30.070,30.098,30.091,30.091,30.113,30.155,30.212,30.240,30.261,30.282,30.324,30.374,30.423,30.458,30.473,30.501,30.522,30.536,30.550,30.557,30.557,30.550,30.543,30.529,30.522,30.522,30.529,30.543,30.550,30.571,30.585,30.599,30.606,30.613,30.606,30.592,30.578,30.578,30.571,30.564,30.564,30.578,30.613,30.649,30.677,30.691,30.677,30.649,30.613,30.592,30.578,30.578,30.578,30.578,30.571,30.571,30.578,30.585,30.599,30.613,30.620,30.620,30.613,30.599,30.585,30.571,30.557,30.550,30.550,30.550,30.564,30.557,30.536,30.515,30.494,30.473,30.437,30.402,30.374,30.353,30.339,30.310,30.240,30.212,30.197,30.197,30.183,30.120,30.056,30.014,30.014,30.006,29.999,29.985,29.957,29.950,29.936,29.922,29.929,29.914,29.886,29.844,29.794,29.766,29.730,29.695,29.617,29.574,29.545,29.538,29.524,29.496,29.467,29.410,29.282,29.211,29.104,28.932,28.574,28.258,27.934,27.558,27.014,26.408,25.754,25.089,24.561,24.128,23.880,23.813,23.805,23.760,23.708,23.663,23.625,23.550,23.474,23.399,23.324,23.271,23.226,23.195,23.158,23.120,23.074,23.029,22.991,22.946,22.908,22.878,22.847,22.809,22.779,22.749,22.718,22.696,22.673,22.658,22.635,22.604,22.574,22.551,22.528,22.513,22.498,22.475,22.445,22.407,22.369,22.338,22.308,22.285,22.270,22.247,22.216,22.186,22.163,22.140,22.125,22.125,22.125,22.125,22.125,22.117,22.125,22.132,22.147,22.163,22.178,22.193,22.193,22.201,22.201,22.201,22.209,22.216,22.216,22.216,22.216,22.216,22.216,22.216,22.216,22.216,22.216,22.224,22.224,22.224,22.224,22.224,22.224,22.224,22.216,22.216,22.216,22.224,22.231,22.231,22.239,22.247,22.254,22.247,22.247,22.239,22.224,22.209,22.209,22.209,22.201,22.193,22.186,22.178,22.178,22.170,22.163,22.155,22.147,22.132,22.125,22.109,22.102,22.086,22.071,22.056,22.048,22.033,22.018,22.018,22.010,22.002,21.987,21.979,21.964,21.956,21.949,21.941,21.941,21.934,21.926,21.911,21.903,21.895,21.895,21.895,21.903,21.903,21.903,21.895,21.895,21.888,21.880,21.872,21.865,21.857,21.849,21.849,21.842,21.834,21.826,21.819,21.811,21.803,21.796,21.796,21.780,21.773,21.765,21.765,21.757,21.750,21.750,21.750,21.750,21.742,21.742,21.727,21.719,21.719,21.719,21.719,21.711,21.704,21.704,21.696,21.688,21.673,21.665,21.665,21.658,21.650,21.642,21.642,21.635,21.619,21.612,21.596,21.589,21.573,21.558,21.550,21.543,21.527,21.504,21.489,21.474,21.458,21.450,21.450,21.443,21.443,21.443,21.435,21.435,21.427,21.420,21.412,21.397,21.389,21.389,21.389,21.389,21.389,21.389,21.389,21.389,21.381,21.366,21.343,21.335,21.327,21.343,21.358,21.381,21.404,21.420,21.435,21.443,21.458,21.474,21.481,21.489,21.504,21.512,21.520,21.527,21.535,21.543,21.550,21.550,21.558,21.566,21.566,21.573,21.573,21.573,21.573
,23.775,23.708,23.595,23.520,23.474,23.444,23.414,23.384,23.346,23.301,23.271,23.233,23.210,23.195,23.142,23.165,23.173,23.150,23.135,23.120,23.097,23.082,23.059,23.037,23.021,22.999,22.976,22.961,22.946,22.931,22.915,22.915,22.915,22.908,22.893,22.885,22.878,22.862,22.862,22.855,22.847,22.840,22.840,22.832,22.824,22.824,22.824,22.824,22.817,22.809,22.794,22.779,22.764,22.741,22.718,22.696,22.688,22.711,22.756,22.779,22.787,22.794,22.878,22.976,23.037,23.067,23.150,23.256,23.346,23.452,23.753,24.075,24.374,24.680,25.193,25.872,26.583,27.254,27.782,28.122,28.438,28.725,28.761,28.825,28.904,28.982,29.025,29.161,29.282,29.339,29.339,29.346,29.403,29.496,29.545,29.595,29.652,29.716,29.808,29.893,29.943,29.957,29.971,30.035,30.084,30.113,30.091,30.084,30.113,30.162,30.212,30.233,30.254,30.282,30.332,30.388,30.437,30.466,30.487,30.515,30.536,30.550,30.564,30.571,30.564,30.557,30.550,30.536,30.529,30.522,30.536,30.543,30.557,30.571,30.592,30.606,30.613,30.620,30.613,30.599,30.592,30.585,30.578,30.571,30.578,30.592,30.620,30.649,30.677,30.691,30.677,30.656,30.627,30.606,30.599,30.592,30.585,30.585,30.578,30.578,30.578,30.578,30.592,30.606,30.620,30.620,30.620,30.606,30.592,30.578,30.571,30.564,30.557,30.564,30.571,30.571,30.564,30.550,30.522,30.501,30.466,30.430,30.388,30.374,30.360,30.324,30.254,30.219,30.204,30.204,30.190,30.120,30.056,30.021,30.014,30.006,29.992,29.978,29.957,29.943,29.929,29.914,29.922,29.907,29.886,29.844,29.794,29.758,29.730,29.695,29.624,29.574,29.545,29.531,29.524,29.496,29.467,29.417,29.296,29.225,29.125,28.954,28.617,28.309,27.977,27.602,27.086,26.496,25.835,25.155,24.628,24.195,23.933,23.843,23.835,23.790,23.738,23.693,23.663,23.595,23.520,23.444,23.369,23.309,23.263,23.226,23.188,23.150,23.105,23.059,23.021,22.976,22.931,22.893,22.862,22.832,22.802,22.764,22.741,22.711,22.688,22.673,22.658,22.627,22.597,22.574,22.544,22.521,22.506,22.490,22.460,22.429,22.399,22.361,22.330,22.300,22.277,22.262,22.231,22.201,22.170,22.140,22.132,22.132,22.132,22.132,22.132,22.125,22.132,22.140,22.155,22.163,22.178,22.193,22.193,22.201,22.201,22.201,22.209,22.216,22.224,22.224,22.224,22.224,22.224,22.224,22.224,22.224,22.224,22.224,22.224,22.224,22.231,22.231,22.231,22.224,22.224,22.224,22.224,22.224,22.231,22.231,22.239,22.247,22.254,22.247,22.247,22.239,22.231,22.216,22.209,22.201,22.201,22.186,22.178,22.178,22.170,22.163,22.155,22.155,22.147,22.132,22.125,22.109,22.102,22.086,22.071,22.056,22.048,22.033,22.025,22.018,22.010,22.002,21.987,21.972,21.956,21.949,21.941,21.934,21.926,21.918,21.903,21.895,21.888,21.880,21.880,21.880,21.880,21.888,21.888,21.888,21.880,21.880,21.872,21.857,21.842,21.834,21.826,21.826,21.826,21.826,21.819,21.819,21.811,21.803,21.803,21.796,21.788,21.773,21.773,21.765,21.765,21.757,21.757,21.757,21.750,21.742,21.742,21.727,21.727,21.719,21.719,21.719,21.711,21.711,21.704,21.696,21.688,21.673,21.665,21.665,21.658,21.642,21.642,21.635,21.635,21.619,21.612,21.596,21.589,21.573,21.558,21.550,21.535,21.520,21.504,21.489,21.474,21.458,21.450,21.450,21.443,21.443,21.435,21.435,21.427,21.427,21.412,21.412,21.404,21.397,21.397,21.397,21.389,21.389,21.389,21.389,21.381,21.374,21.358,21.335,21.327,21.327,21.335,21.358,21.381,21.404,21.420,21.427,21.443,21.458,21.474,21.481,21.489,21.497,21.512,21.520,21.527,21.527,21.535,21.543,21.543,21.550,21.558,21.566,21.566,21.573,21.573,21.573
,23.753,23.693,23.580,23.512,23.467,23.444,23.414,23.376,23.339,23.301,23.271,23.233,23.210,23.210,23.165,23.173,23.173,23.158,23.135,23.127,23.105,23.089,23.067,23.044,23.029,23.006,22.984,22.961,22.946,22.931,22.923,22.915,22.915,22.908,22.900,22.885,22.878,22.862,22.862,22.855,22.847,22.840,22.840,22.832,22.824,22.824,22.824,22.824,22.817,22.802,22.787,22.771,22.749,22.733,22.703,22.680,22.680,22.711,22.756,22.771,22.779,22.779,22.870,22.968,23.037,23.059,23.142,23.256,23.339,23.437,23.730,24.053,24.345,24.643,25.155,25.820,26.525,27.195,27.732,28.093,28.424,28.711,28.761,28.832,28.911,28.982,29.018,29.154,29.275,29.346,29.346,29.360,29.410,29.503,29.545,29.595,29.645,29.723,29.815,29.907,29.957,29.971,29.985,30.056,30.106,30.127,30.084,30.084,30.113,30.162,30.204,30.226,30.247,30.282,30.346,30.402,30.444,30.473,30.501,30.536,30.557,30.564,30.585,30.585,30.578,30.571,30.557,30.550,30.543,30.536,30.543,30.550,30.564,30.578,30.592,30.613,30.620,30.627,30.620,30.606,30.599,30.592,30.585,30.585,30.585,30.592,30.620,30.642,30.663,30.677,30.670,30.656,30.635,30.613,30.613,30.606,30.599,30.592,30.585,30.578,30.571,30.578,30.585,30.599,30.613,30.620,30.620,30.606,30.599,30.585,30.578,30.571,30.571,30.571,30.578,30.592,30.592,30.585,30.564,30.536,30.501,30.458,30.416,30.395,30.374,30.339,30.261,30.226,30.204,30.204,30.190,30.120,30.063,30.028,30.014,29.992,29.985,29.971,29.950,29.936,29.922,29.907,29.907,29.900,29.879,29.844,29.794,29.758,29.723,29.688,29.631,29.581,29.553,29.531,29.524,29.496,29.467,29.417,29.311,29.247,29.140,28.961,28.653,28.352,28.028,27.652,27.159,26.591,25.938,25.259,24.740,24.292,24.015,23.903,23.873,23.820,23.768,23.715,23.693,23.640,23.565,23.474,23.407,23.346,23.293,23.256,23.218,23.180,23.135,23.089,23.044,22.999,22.953,22.915,22.885,22.855,22.824,22.787,22.764,22.726,22.703,22.680,22.665,22.642,22.620,22.589,22.566,22.536,22.513,22.498,22.475,22.452,22.414,22.376,22.353,22.323,22.292,22.270,22.247,22.224,22.193,22.163,22.140,22.140,22.147,22.140,22.140,22.140,22.140,22.147,22.155,22.170,22.178,22.193,22.201,22.201,22.201,22.209,22.216,22.216,22.224,22.231,22.231,22.231,22.231,22.224,22.224,22.224,22.224,22.224,22.224,22.231,22.231,22.239,22.239,22.231,22.231,22.231,22.231,22.231,22.231,22.239,22.247,22.247,22.254,22.247,22.247,22.239,22.231,22.216,22.209,22.201,22.193,22.186,22.178,22.170,22.163,22.155,22.155,22.147,22.140,22.132,22.125,22.109,22.094,22.079,22.071,22.056,22.048,22.033,22.025,22.018,22.010,21.995,21.979,21.964,21.949,21.934,21.918,21.918,21.903,21.895,21.880,21.880,21.865,21.857,21.857,21.857,21.857,21.865,21.865,21.865,21.865,21.865,21.849,21.834,21.819,21.811,21.803,21.811,21.811,21.811,21.811,21.811,21.811,21.803,21.796,21.796,21.788,21.773,21.773,21.773,21.765,21.765,21.765,21.757,21.750,21.750,21.742,21.734,21.727,21.727,21.719,21.719,21.719,21.711,21.704,21.696,21.688,21.673,21.673,21.665,21.658,21.642,21.642,21.635,21.627,21.619,21.612,21.596,21.581,21.566,21.558,21.543,21.527,21.512,21.497,21.481,21.466,21.450,21.450,21.450,21.450,21.443,21.435,21.427,21.427,21.420,21.412,21.404,21.397,21.389,21.389,21.389,21.389,21.389,21.389,21.389,21.381,21.366,21.351,21.335,21.327,21.327,21.335,21.351,21.374,21.397,21.412,21.427,21.435,21.450,21.466,21.474,21.481,21.497,21.504,21.512,21.520,21.520,21.527,21.527,21.535,21.543,21.550,21.558,21.566,21.566,21.566,21.573
,23.715,23.663,23.557,23.489,23.444,23.429,23.407,23.369,23.324,23.286,23.256,23.218,23.195,23.188,23.165,23.165,23.150,23.135,23.112,23.097,23.082,23.067,23.044,23.029,23.006,22.984,22.968,22.953,22.938,22.923,22.915,22.915,22.908,22.900,22.893,22.885,22.878,22.862,22.862,22.855,22.847,22.840,22.840,22.840,22.832,22.832,22.824,22.824,22.817,22.802,22.787,22.771,22.749,22.733,22.703,22.680,22.680,22.711,22.756,22.771,22.771,22.779,22.870,22.976,23.037,23.059,23.142,23.256,23.339,23.437,23.708,24.030,24.330,24.635,25.118,25.776,26.466,27.137,27.688,28.071,28.409,28.703,28.768,28.847,28.918,28.982,29.004,29.147,29.268,29.346,29.346,29.360,29.417,29.503,29.545,29.595,29.645,29.723,29.822,29.907,29.964,29.985,30.006,30.070,30.120,30.127,30.084,30.084,30.113,30.162,30.204,30.219,30.247,30.289,30.360,30.416,30.451,30.480,30.515,30.557,30.578,30.585,30.599,30.599,30.592,30.585,30.571,30.564,30.557,30.550,30.550,30.564,30.571,30.592,30.599,30.613,30.627,30.627,30.627,30.613,30.599,30.592,30.592,30.585,30.585,30.592,30.613,30.635,30.656,30.663,30.656,30.642,30.627,30.613,30.613,30.613,30.606,30.599,30.592,30.578,30.571,30.571,30.578,30.599,30.606,30.620,30.620,30.606,30.599,30.592,30.585,30.585,30.585,30.578,30.585,30.599,30.599,30.599,30.585,30.550,30.515,30.473,30.430,30.409,30.381,30.339,30.261,30.226,30.204,30.197,30.176,30.113,30.063,30.028,30.006,29.985,29.971,29.964,29.950,29.936,29.914,29.900,29.893,29.886,29.865,29.836,29.787,29.744,29.716,29.688,29.638,29.588,29.553,29.538,29.531,29.503,29.467,29.417,29.325,29.254,29.147,28.968,28.668,28.381,28.071,27.710,27.246,26.707,26.100,25.451,24.933,24.486,24.173,24.015,23.955,23.895,23.835,23.783,23.738,23.693,23.625,23.535,23.452,23.384,23.331,23.293,23.256,23.210,23.165,23.127,23.082,23.037,22.999,22.961,22.915,22.878,22.847,22.809,22.787,22.756,22.726,22.696,22.680,22.665,22.642,22.612,22.589,22.551,22.528,22.506,22.490,22.475,22.437,22.399,22.369,22.330,22.308,22.285,22.270,22.239,22.216,22.186,22.163,22.155,22.147,22.147,22.140,22.140,22.147,22.155,22.163,22.178,22.186,22.201,22.201,22.201,22.209,22.216,22.216,22.224,22.224,22.231,22.231,22.231,22.231,22.224,22.224,22.224,22.224,22.224,22.224,22.231,22.231,22.239,22.239,22.239,22.239,22.239,22.239,22.239,22.239,22.247,22.247,22.247,22.254,22.247,22.247,22.239,22.231,22.216,22.216,22.209,22.201,22.186,22.186,22.170,22.163,22.155,22.147,22.147,22.140,22.125,22.117,22.102,22.094,22.079,22.071,22.063,22.056,22.041,22.025,22.018,22.002,21.987,21.964,21.956,21.941,21.918,21.903,21.895,21.888,21.880,21.865,21.857,21.849,21.849,21.842,21.842,21.842,21.842,21.842,21.842,21.842,21.834,21.819,21.811,21.803,21.796,21.796,21.803,21.811,21.811,21.811,21.803,21.796,21.796,21.796,21.788,21.780,21.773,21.773,21.773,21.773,21.765,21.765,21.765,21.757,21.750,21.750,21.742,21.734,21.727,21.727,21.719,21.719,21.711,21.711,21.696,21.688,21.681,21.673,21.665,21.658,21.642,21.642,21.635,21.627,21.612,21.604,21.589,21.581,21.566,21.550,21.543,21.527,21.512,21.489,21.474,21.466,21.450,21.450,21.450,21.450,21.443,21.435,21.427,21.420,21.412,21.404,21.397,21.389,21.389,21.389,21.389,21.389,21.389,21.389,21.389,21.381,21.374,21.366,21.343,21.335,21.335,21.335,21.351,21.374,21.389,21.397,21.412,21.427,21.435,21.450,21.458,21.474,21.481,21.497,21.497,21.504,21.512,21.520,21.520,21.527,21.535,21.543,21.550,21.558,21.566,21.566,21.573
,23.700,23.640,23.542,23.474,23.429,23.414,23.399,23.354,23.309,23.271,23.241,23.195,23.158,23.142,23.150,23.135,23.120,23.097,23.074,23.059,23.044,23.029,23.014,22.999,22.984,22.968,22.946,22.938,22.931,22.915,22.908,22.900,22.900,22.893,22.885,22.878,22.870,22.862,22.862,22.855,22.847,22.847,22.847,22.847,22.847,22.840,22.840,22.832,22.824,22.809,22.794,22.779,22.764,22.741,22.711,22.688,22.688,22.711,22.756,22.764,22.764,22.771,22.862,22.976,23.037,23.059,23.142,23.256,23.346,23.437,23.693,24.008,24.307,24.613,25.096,25.739,26.408,27.072,27.652,28.049,28.402,28.689,28.768,28.854,28.932,28.982,28.997,29.132,29.268,29.353,29.353,29.368,29.425,29.503,29.545,29.588,29.645,29.723,29.829,29.914,29.964,29.985,30.014,30.077,30.127,30.134,30.091,30.091,30.120,30.169,30.204,30.212,30.240,30.296,30.374,30.423,30.466,30.494,30.529,30.571,30.592,30.599,30.606,30.606,30.606,30.599,30.592,30.578,30.571,30.564,30.564,30.571,30.578,30.592,30.599,30.613,30.620,30.627,30.627,30.613,30.606,30.592,30.592,30.585,30.585,30.585,30.599,30.620,30.635,30.642,30.642,30.635,30.627,30.620,30.620,30.613,30.613,30.599,30.592,30.578,30.571,30.571,30.578,30.592,30.606,30.620,30.620,30.613,30.606,30.606,30.606,30.606,30.606,30.599,30.592,30.592,30.592,30.585,30.571,30.543,30.515,30.480,30.444,30.416,30.381,30.332,30.261,30.219,30.204,30.190,30.162,30.106,30.056,30.021,29.999,29.978,29.971,29.964,29.943,29.929,29.907,29.886,29.872,29.865,29.858,29.836,29.780,29.737,29.709,29.680,29.645,29.595,29.560,29.538,29.531,29.496,29.460,29.417,29.332,29.261,29.147,28.975,28.696,28.431,28.136,27.790,27.348,26.839,26.261,25.643,25.111,24.658,24.330,24.135,24.045,23.978,23.918,23.865,23.813,23.745,23.678,23.595,23.497,23.429,23.376,23.331,23.293,23.248,23.203,23.158,23.112,23.067,23.021,22.984,22.946,22.900,22.870,22.832,22.802,22.771,22.749,22.711,22.688,22.673,22.658,22.635,22.612,22.574,22.551,22.528,22.506,22.490,22.460,22.422,22.384,22.353,22.323,22.300,22.277,22.247,22.224,22.201,22.170,22.163,22.155,22.147,22.140,22.140,22.140,22.155,22.163,22.178,22.186,22.201,22.209,22.216,22.216,22.216,22.224,22.224,22.231,22.231,22.231,22.231,22.231,22.231,22.231,22.231,22.231,22.231,22.231,22.231,22.239,22.239,22.239,22.247,22.247,22.247,22.254,22.254,22.254,22.254,22.254,22.254,22.247,22.247,22.239,22.239,22.231,22.224,22.216,22.216,22.209,22.201,22.186,22.178,22.163,22.155,22.140,22.140,22.132,22.125,22.109,22.102,22.094,22.079,22.071,22.063,22.056,22.041,22.025,22.010,22.002,21.979,21.956,21.941,21.926,21.903,21.888,21.880,21.872,21.865,21.857,21.849,21.842,21.834,21.826,21.826,21.826,21.819,21.819,21.811,21.811,21.803,21.796,21.788,21.780,21.780,21.788,21.803,21.811,21.811,21.811,21.796,21.796,21.788,21.780,21.780,21.780,21.780,21.780,21.780,21.780,21.780,21.773,21.773,21.765,21.757,21.750,21.750,21.742,21.742,21.734,21.727,21.719,21.711,21.711,21.704,21.696,21.681,21.673,21.665,21.658,21.642,21.635,21.627,21.619,21.612,21.604,21.589,21.581,21.566,21.550,21.535,21.527,21.504,21.489,21.474,21.458,21.450,21.450,21.450,21.450,21.443,21.435,21.427,21.420,21.412,21.397,21.389,21.389,21.381,21.381,21.397,21.397,21.404,21.397,21.397,21.389,21.381,21.366,21.358,21.351,21.343,21.351,21.358,21.366,21.381,21.389,21.404,21.412,21.427,21.443,21.450,21.466,21.474,21.489,21.489,21.497,21.497,21.512,21.520,21.520,21.527,21.543,21.550,21.558,21.566,21.566,21.566
,23.693,23.632,23.527,23.459,23.422,23.407,23.392,23.339,23.293,23.263,23.233,23.180,23.135,23.112,23.135,23.120,23.089,23.059,23.037,23.029,23.014,22.999,22.976,22.968,22.961,22.946,22.931,22.923,22.915,22.908,22.900,22.893,22.893,22.885,22.878,22.870,22.870,22.862,22.855,22.855,22.855,22.855,22.855,22.855,22.855,22.847,22.847,22.840,22.832,22.817,22.794,22.787,22.771,22.749,22.726,22.703,22.696,22.718,22.756,22.756,22.756,22.771,22.870,22.984,23.044,23.059,23.150,23.263,23.354,23.437,23.685,23.985,24.285,24.591,25.067,25.688,26.349,27.006,27.602,28.028,28.388,28.675,28.761,28.854,28.940,28.990,28.990,29.125,29.268,29.360,29.360,29.375,29.425,29.510,29.553,29.588,29.645,29.723,29.829,29.914,29.964,29.985,30.014,30.084,30.127,30.134,30.091,30.091,30.127,30.176,30.204,30.212,30.240,30.303,30.381,30.437,30.473,30.494,30.536,30.578,30.599,30.606,30.613,30.613,30.613,30.613,30.599,30.592,30.578,30.571,30.571,30.578,30.585,30.592,30.599,30.613,30.620,30.627,30.620,30.613,30.599,30.592,30.585,30.578,30.578,30.578,30.585,30.592,30.606,30.613,30.613,30.613,30.606,30.606,30.606,30.606,30.606,30.599,30.585,30.571,30.564,30.564,30.571,30.585,30.599,30.613,30.613,30.613,30.606,30.606,30.613,30.613,30.613,30.606,30.592,30.585,30.571,30.571,30.550,30.529,30.508,30.487,30.451,30.423,30.381,30.324,30.254,30.219,30.197,30.183,30.155,30.098,30.049,30.021,29.999,29.978,29.964,29.964,29.943,29.922,29.900,29.872,29.858,29.858,29.851,29.829,29.773,29.730,29.702,29.673,29.645,29.595,29.560,29.538,29.524,29.496,29.460,29.417,29.339,29.268,29.154,28.990,28.732,28.481,28.208,27.876,27.442,26.948,26.393,25.798,25.267,24.807,24.457,24.225,24.120,24.045,23.985,23.925,23.873,23.813,23.738,23.655,23.557,23.482,23.422,23.376,23.331,23.293,23.241,23.195,23.142,23.097,23.052,23.006,22.968,22.931,22.893,22.855,22.817,22.794,22.764,22.733,22.703,22.680,22.673,22.658,22.635,22.597,22.574,22.544,22.521,22.506,22.475,22.445,22.407,22.376,22.346,22.315,22.285,22.262,22.231,22.209,22.178,22.170,22.155,22.147,22.140,22.140,22.147,22.155,22.170,22.178,22.193,22.209,22.216,22.216,22.224,22.224,22.231,22.231,22.231,22.231,22.231,22.231,22.231,22.231,22.231,22.231,22.231,22.231,22.231,22.231,22.239,22.239,22.239,22.247,22.247,22.254,22.262,22.262,22.262,22.262,22.262,22.254,22.247,22.239,22.239,22.239,22.231,22.224,22.224,22.216,22.216,22.209,22.193,22.178,22.163,22.147,22.140,22.132,22.132,22.117,22.109,22.102,22.094,22.079,22.071,22.063,22.056,22.041,22.025,22.010,21.995,21.972,21.949,21.934,21.911,21.888,21.872,21.865,21.857,21.849,21.834,21.834,21.826,21.819,21.811,21.811,21.803,21.796,21.788,21.780,21.780,21.773,21.765,21.765,21.765,21.773,21.780,21.796,21.803,21.811,21.803,21.788,21.780,21.773,21.773,21.773,21.780,21.780,21.780,21.788,21.788,21.788,21.780,21.773,21.765,21.757,21.757,21.757,21.757,21.750,21.742,21.734,21.719,21.711,21.711,21.704,21.696,21.688,21.673,21.665,21.658,21.642,21.635,21.627,21.619,21.612,21.596,21.589,21.573,21.558,21.550,21.535,21.520,21.504,21.489,21.474,21.458,21.450,21.450,21.450,21.450,21.443,21.443,21.427,21.420,21.412,21.397,21.389,21.381,21.374,21.381,21.389,21.404,21.404,21.404,21.397,21.389,21.381,21.374,21.366,21.366,21.358,21.358,21.358,21.366,21.366,21.381,21.389,21.404,21.420,21.435,21.443,21.458,21.466,21.481,21.481,21.489,21.489,21.504,21.504,21.512,21.520,21.535,21.543,21.558,21.558,21.558,21.558
,23.693,23.632,23.520,23.452,23.414,23.399,23.384,23.331,23.293,23.263,23.241,23.180,23.127,23.105,23.142,23.112,23.074,23.044,23.014,23.006,22.999,22.976,22.961,22.953,22.946,22.931,22.923,22.915,22.908,22.900,22.900,22.893,22.885,22.878,22.870,22.862,22.855,22.855,22.855,22.855,22.855,22.862,22.862,22.862,22.855,22.847,22.847,22.847,22.832,22.817,22.802,22.787,22.771,22.756,22.726,22.711,22.711,22.726,22.756,22.749,22.749,22.771,22.878,22.991,23.052,23.067,23.158,23.278,23.361,23.437,23.663,23.963,24.247,24.553,25.029,25.636,26.283,26.941,27.544,27.992,28.366,28.653,28.746,28.854,28.940,28.990,28.990,29.118,29.261,29.368,29.368,29.382,29.432,29.510,29.553,29.588,29.645,29.730,29.829,29.907,29.957,29.978,30.006,30.077,30.127,30.134,30.091,30.091,30.127,30.176,30.197,30.204,30.240,30.310,30.395,30.444,30.480,30.494,30.536,30.585,30.606,30.613,30.613,30.620,30.613,30.613,30.606,30.592,30.585,30.585,30.585,30.585,30.585,30.592,30.599,30.606,30.613,30.613,30.606,30.599,30.592,30.585,30.578,30.571,30.564,30.557,30.564,30.571,30.578,30.578,30.585,30.585,30.585,30.592,30.592,30.592,30.592,30.585,30.578,30.564,30.550,30.550,30.550,30.571,30.592,30.606,30.606,30.599,30.599,30.592,30.599,30.606,30.606,30.599,30.592,30.564,30.550,30.550,30.536,30.515,30.501,30.487,30.451,30.423,30.374,30.310,30.247,30.212,30.197,30.176,30.141,30.091,30.049,30.014,29.992,29.971,29.964,29.957,29.943,29.922,29.893,29.865,29.858,29.858,29.844,29.822,29.773,29.730,29.695,29.673,29.645,29.602,29.567,29.538,29.524,29.489,29.460,29.425,29.346,29.268,29.161,29.011,28.768,28.524,28.258,27.949,27.515,27.035,26.496,25.916,25.385,24.918,24.546,24.285,24.165,24.098,24.038,23.970,23.925,23.873,23.805,23.723,23.632,23.542,23.474,23.429,23.376,23.324,23.278,23.226,23.180,23.127,23.074,23.029,22.991,22.953,22.908,22.870,22.840,22.817,22.787,22.756,22.726,22.696,22.680,22.673,22.650,22.627,22.597,22.566,22.544,22.521,22.490,22.460,22.422,22.391,22.369,22.330,22.308,22.277,22.247,22.216,22.193,22.178,22.163,22.155,22.147,22.147,22.147,22.163,22.170,22.186,22.193,22.209,22.216,22.224,22.224,22.231,22.231,22.239,22.231,22.231,22.231,22.231,22.231,22.231,22.231,22.231,22.231,22.231,22.231,22.231,22.239,22.239,22.247,22.247,22.254,22.262,22.270,22.270,22.270,22.270,22.262,22.254,22.247,22.239,22.239,22.239,22.231,22.231,22.231,22.224,22.216,22.209,22.201,22.186,22.170,22.147,22.140,22.132,22.125,22.117,22.109,22.102,22.094,22.079,22.079,22.063,22.056,22.041,22.025,22.010,21.987,21.964,21.941,21.918,21.895,21.872,21.857,21.842,21.834,21.826,21.811,21.811,21.811,21.803,21.788,21.780,21.780,21.773,21.757,21.750,21.750,21.742,21.734,21.734,21.742,21.750,21.765,21.773,21.788,21.796,21.788,21.773,21.765,21.757,21.757,21.765,21.773,21.773,21.780,21.788,21.788,21.788,21.788,21.780,21.773,21.765,21.765,21.765,21.757,21.750,21.750,21.734,21.727,21.711,21.711,21.704,21.696,21.688,21.681,21.665,21.658,21.642,21.635,21.627,21.619,21.604,21.596,21.589,21.573,21.558,21.550,21.535,21.520,21.504,21.489,21.474,21.458,21.450,21.450,21.450,21.450,21.443,21.443,21.427,21.420,21.404,21.397,21.381,21.374,21.374,21.374,21.389,21.397,21.404,21.404,21.404,21.397,21.381,21.381,21.374,21.366,21.358,21.358,21.351,21.358,21.366,21.366,21.381,21.397,21.412,21.427,21.435,21.443,21.458,21.466,21.474,21.481,21.489,21.489,21.497,21.504,21.520,21.527,21.543,21.550,21.550,21.550,21.550
,23.678,23.610,23.497,23.437,23.407,23.399,23.369,23.324,23.293,23.278,23.256,23.203,23.150,23.120,23.158,23.127,23.082,23.044,23.021,23.014,22.999,22.984,22.968,22.953,22.946,22.938,22.931,22.923,22.923,22.908,22.900,22.893,22.885,22.878,22.870,22.862,22.855,22.855,22.855,22.855,22.855,22.862,22.862,22.862,22.855,22.847,22.847,22.847,22.840,22.824,22.809,22.794,22.779,22.764,22.733,22.718,22.718,22.733,22.756,22.749,22.756,22.787,22.885,22.991,23.052,23.067,23.158,23.278,23.369,23.437,23.640,23.925,24.225,24.539,24.985,25.577,26.224,26.883,27.493,27.956,28.337,28.632,28.732,28.854,28.947,28.990,28.982,29.104,29.247,29.368,29.375,29.389,29.432,29.510,29.553,29.588,29.645,29.730,29.822,29.900,29.943,29.964,29.999,30.070,30.120,30.134,30.091,30.091,30.127,30.176,30.190,30.197,30.233,30.310,30.395,30.444,30.480,30.494,30.529,30.578,30.606,30.613,30.613,30.620,30.613,30.606,30.606,30.599,30.592,30.585,30.585,30.585,30.592,30.599,30.599,30.606,30.606,30.606,30.592,30.592,30.585,30.578,30.564,30.557,30.550,30.543,30.550,30.557,30.557,30.564,30.571,30.571,30.578,30.585,30.592,30.592,30.592,30.585,30.571,30.557,30.543,30.543,30.550,30.571,30.592,30.606,30.606,30.592,30.585,30.585,30.592,30.592,30.592,30.592,30.578,30.550,30.529,30.529,30.522,30.508,30.494,30.487,30.451,30.409,30.353,30.296,30.240,30.212,30.183,30.162,30.127,30.077,30.035,30.006,29.992,29.978,29.964,29.957,29.936,29.914,29.886,29.858,29.858,29.858,29.851,29.829,29.773,29.730,29.695,29.673,29.645,29.609,29.574,29.538,29.517,29.481,29.453,29.425,29.353,29.268,29.168,29.025,28.789,28.553,28.287,27.985,27.565,27.094,26.569,26.026,25.511,25.037,24.635,24.337,24.203,24.135,24.075,24.015,23.963,23.918,23.865,23.813,23.715,23.625,23.542,23.474,23.429,23.369,23.324,23.278,23.218,23.165,23.112,23.067,23.029,22.984,22.938,22.893,22.862,22.840,22.809,22.779,22.749,22.718,22.696,22.680,22.665,22.650,22.620,22.589,22.566,22.544,22.513,22.475,22.445,22.407,22.384,22.353,22.323,22.285,22.254,22.231,22.201,22.186,22.178,22.163,22.155,22.155,22.163,22.170,22.178,22.186,22.201,22.216,22.216,22.224,22.224,22.231,22.231,22.239,22.231,22.231,22.231,22.231,22.231,22.231,22.231,22.231,22.231,22.231,22.231,22.231,22.239,22.247,22.247,22.254,22.262,22.270,22.270,22.270,22.270,22.270,22.270,22.262,22.254,22.239,22.239,22.239,22.239,22.231,22.231,22.231,22.224,22.216,22.201,22.186,22.170,22.155,22.147,22.140,22.132,22.125,22.117,22.102,22.094,22.079,22.071,22.063,22.056,22.041,22.025,22.010,21.987,21.964,21.934,21.911,21.888,21.857,21.834,21.826,21.811,21.803,21.788,21.788,21.788,21.780,21.765,21.757,21.757,21.750,21.734,21.727,21.727,21.719,21.719,21.719,21.727,21.734,21.742,21.750,21.757,21.765,21.765,21.757,21.750,21.742,21.750,21.750,21.757,21.765,21.773,21.780,21.788,21.788,21.788,21.780,21.773,21.765,21.765,21.765,21.757,21.757,21.750,21.742,21.734,21.719,21.711,21.704,21.696,21.688,21.681,21.665,21.658,21.642,21.635,21.627,21.619,21.604,21.596,21.589,21.573,21.558,21.550,21.535,21.520,21.504,21.489,21.474,21.466,21.450,21.450,21.450,21.450,21.443,21.435,21.427,21.420,21.404,21.397,21.381,21.366,21.366,21.374,21.389,21.397,21.404,21.404,21.397,21.389,21.381,21.381,21.366,21.358,21.358,21.351,21.351,21.351,21.358,21.366,21.381,21.397,21.412,21.420,21.427,21.435,21.450,21.458,21.466,21.474,21.481,21.489,21.497,21.504,21.512,21.520,21.535,21.543,21.550,21.550,21.550
,23.648,23.572,23.467,23.422,23.399,23.384,23.346,23.309,23.286,23.278,23.241,23.195,23.158,23.135,23.165,23.135,23.089,23.059,23.037,23.029,23.014,22.999,22.984,22.968,22.961,22.953,22.938,22.931,22.931,22.923,22.908,22.900,22.893,22.878,22.870,22.862,22.855,22.855,22.855,22.855,22.862,22.862,22.862,22.855,22.855,22.847,22.840,22.840,22.832,22.824,22.809,22.794,22.779,22.764,22.741,22.718,22.718,22.741,22.756,22.756,22.764,22.802,22.908,22.999,23.044,23.059,23.150,23.271,23.361,23.429,23.610,23.880,24.180,24.501,24.933,25.518,26.158,26.817,27.442,27.927,28.316,28.610,28.718,28.854,28.947,28.990,28.975,29.097,29.239,29.360,29.382,29.389,29.439,29.510,29.553,29.588,29.652,29.730,29.815,29.886,29.929,29.950,29.985,30.056,30.113,30.127,30.084,30.084,30.120,30.169,30.190,30.197,30.233,30.310,30.395,30.451,30.473,30.487,30.522,30.564,30.592,30.599,30.613,30.606,30.606,30.606,30.599,30.592,30.592,30.585,30.585,30.585,30.592,30.592,30.599,30.599,30.592,30.578,30.564,30.564,30.564,30.557,30.550,30.536,30.529,30.529,30.536,30.543,30.550,30.557,30.564,30.564,30.564,30.564,30.564,30.585,30.592,30.592,30.578,30.564,30.557,30.557,30.564,30.578,30.599,30.613,30.606,30.571,30.550,30.550,30.550,30.557,30.557,30.557,30.550,30.536,30.522,30.515,30.508,30.494,30.480,30.473,30.437,30.381,30.324,30.268,30.226,30.197,30.169,30.141,30.106,30.063,30.028,29.999,29.985,29.971,29.964,29.950,29.929,29.907,29.886,29.858,29.851,29.844,29.844,29.829,29.766,29.723,29.688,29.666,29.652,29.617,29.581,29.538,29.510,29.481,29.453,29.425,29.353,29.268,29.168,29.040,28.811,28.582,28.337,28.057,27.660,27.203,26.707,26.180,25.658,25.163,24.732,24.397,24.240,24.165,24.113,24.045,23.993,23.948,23.903,23.850,23.760,23.670,23.587,23.512,23.459,23.407,23.361,23.316,23.256,23.203,23.150,23.097,23.052,23.006,22.961,22.915,22.878,22.855,22.824,22.794,22.771,22.741,22.718,22.696,22.680,22.665,22.642,22.612,22.574,22.551,22.528,22.490,22.460,22.422,22.391,22.361,22.330,22.292,22.262,22.239,22.209,22.193,22.178,22.170,22.163,22.170,22.170,22.178,22.178,22.193,22.201,22.209,22.216,22.216,22.224,22.224,22.231,22.231,22.239,22.239,22.239,22.239,22.239,22.239,22.239,22.239,22.239,22.239,22.239,22.239,22.239,22.247,22.247,22.254,22.262,22.270,22.270,22.277,22.277,22.277,22.270,22.262,22.254,22.247,22.247,22.247,22.247,22.247,22.239,22.239,22.231,22.216,22.201,22.193,22.178,22.170,22.155,22.147,22.140,22.132,22.117,22.109,22.094,22.079,22.071,22.063,22.056,22.041,22.018,22.002,21.987,21.964,21.934,21.903,21.880,21.849,21.826,21.811,21.796,21.780,21.773,21.765,21.765,21.757,21.750,21.742,21.742,21.734,21.727,21.719,21.719,21.711,21.711,21.711,21.711,21.719,21.727,21.727,21.734,21.742,21.734,21.734,21.727,21.727,21.734,21.742,21.750,21.757,21.765,21.773,21.780,21.788,21.788,21.780,21.773,21.773,21.773,21.765,21.757,21.757,21.750,21.742,21.734,21.727,21.711,21.711,21.704,21.688,21.681,21.665,21.658,21.642,21.635,21.627,21.619,21.604,21.596,21.589,21.581,21.566,21.550,21.535,21.527,21.512,21.497,21.481,21.466,21.458,21.450,21.450,21.443,21.443,21.435,21.427,21.420,21.412,21.397,21.381,21.374,21.366,21.374,21.381,21.389,21.397,21.397,21.397,21.389,21.381,21.374,21.366,21.358,21.351,21.343,21.343,21.343,21.358,21.366,21.381,21.397,21.412,21.420,21.427,21.435,21.443,21.458,21.466,21.466,21.481,21.489,21.497,21.497,21.512,21.520,21.527,21.535,21.543,21.543,21.550
,23.625,23.550,23.437,23.407,23.392,23.376,23.324,23.293,23.278,23.263,23.210,23.173,23.150,23.142,23.165,23.135,23.105,23.074,23.052,23.044,23.029,23.014,22.999,22.984,22.968,22.961,22.946,22.938,22.938,22.931,22.915,22.900,22.893,22.878,22.862,22.862,22.855,22.855,22.855,22.855,22.862,22.862,22.862,22.855,22.847,22.840,22.840,22.840,22.832,22.824,22.809,22.794,22.779,22.764,22.741,22.726,22.726,22.741,22.756,22.756,22.771,22.809,22.923,23.006,23.044,23.052,23.142,23.263,23.346,23.407,23.572,23.835,24.120,24.442,24.873,25.437,26.070,26.737,27.377,27.891,28.294,28.589,28.711,28.847,28.947,28.990,28.975,29.082,29.225,29.360,29.382,29.396,29.439,29.510,29.553,29.595,29.652,29.730,29.808,29.872,29.914,29.929,29.964,30.035,30.098,30.120,30.077,30.084,30.113,30.162,30.183,30.197,30.233,30.310,30.395,30.444,30.473,30.480,30.508,30.550,30.578,30.592,30.606,30.599,30.592,30.592,30.592,30.585,30.578,30.578,30.578,30.578,30.578,30.578,30.578,30.578,30.571,30.550,30.543,30.543,30.543,30.543,30.529,30.522,30.508,30.508,30.515,30.529,30.536,30.550,30.557,30.550,30.550,30.550,30.557,30.578,30.592,30.592,30.585,30.571,30.564,30.564,30.571,30.592,30.606,30.613,30.606,30.571,30.543,30.536,30.543,30.543,30.543,30.543,30.543,30.529,30.515,30.501,30.487,30.473,30.466,30.451,30.409,30.346,30.289,30.240,30.204,30.176,30.148,30.113,30.084,30.049,30.014,29.992,29.978,29.971,29.957,29.950,29.922,29.900,29.879,29.851,29.836,29.829,29.822,29.808,29.758,29.716,29.688,29.666,29.652,29.624,29.581,29.538,29.510,29.481,29.453,29.425,29.360,29.268,29.175,29.054,28.832,28.625,28.402,28.143,27.761,27.326,26.853,26.349,25.813,25.304,24.844,24.471,24.285,24.195,24.135,24.075,24.023,23.978,23.933,23.873,23.790,23.700,23.610,23.535,23.482,23.437,23.392,23.346,23.293,23.233,23.180,23.127,23.074,23.029,22.984,22.931,22.893,22.870,22.840,22.809,22.787,22.756,22.733,22.711,22.688,22.673,22.650,22.627,22.589,22.566,22.536,22.498,22.468,22.429,22.399,22.369,22.330,22.292,22.262,22.239,22.216,22.201,22.193,22.178,22.170,22.178,22.178,22.186,22.186,22.193,22.201,22.209,22.209,22.216,22.216,22.216,22.224,22.231,22.231,22.239,22.239,22.239,22.247,22.247,22.247,22.239,22.239,22.239,22.239,22.239,22.239,22.239,22.247,22.254,22.254,22.262,22.270,22.277,22.277,22.277,22.270,22.262,22.254,22.254,22.254,22.254,22.254,22.247,22.247,22.239,22.231,22.216,22.209,22.193,22.186,22.178,22.163,22.155,22.147,22.140,22.125,22.109,22.094,22.079,22.071,22.063,22.048,22.033,22.018,22.002,21.979,21.956,21.926,21.895,21.872,21.842,21.811,21.796,21.780,21.765,21.750,21.742,21.742,21.734,21.727,21.727,21.719,21.719,21.711,21.704,21.704,21.704,21.696,21.696,21.696,21.696,21.704,21.704,21.711,21.711,21.711,21.704,21.704,21.711,21.719,21.727,21.734,21.742,21.757,21.765,21.773,21.780,21.780,21.780,21.773,21.765,21.765,21.765,21.757,21.750,21.750,21.742,21.734,21.727,21.719,21.711,21.696,21.688,21.673,21.665,21.658,21.642,21.635,21.627,21.619,21.604,21.596,21.589,21.581,21.566,21.550,21.535,21.527,21.512,21.497,21.481,21.474,21.458,21.450,21.443,21.443,21.435,21.427,21.427,21.420,21.412,21.397,21.389,21.374,21.374,21.374,21.381,21.389,21.389,21.389,21.389,21.381,21.381,21.366,21.358,21.343,21.343,21.335,21.335,21.343,21.351,21.366,21.381,21.389,21.404,21.420,21.427,21.435,21.435,21.450,21.458,21.466,21.481,21.489,21.489,21.497,21.504,21.520,21.527,21.535,21.543,21.543,21.543
,23.610,23.535,23.422,23.392,23.384,23.369,23.309,23.278,23.263,23.248,23.180,23.135,23.120,23.142,23.142,23.135,23.112,23.082,23.067,23.052,23.044,23.021,23.006,22.991,22.976,22.961,22.953,22.946,22.938,22.931,22.915,22.900,22.885,22.870,22.862,22.855,22.855,22.855,22.855,22.855,22.855,22.855,22.855,22.847,22.840,22.832,22.832,22.832,22.832,22.817,22.809,22.794,22.779,22.764,22.741,22.726,22.733,22.749,22.756,22.764,22.771,22.817,22.923,23.006,23.037,23.044,23.135,23.256,23.331,23.384,23.535,23.783,24.060,24.367,24.799,25.348,25.982,26.649,27.312,27.847,28.266,28.560,28.689,28.839,28.947,28.997,28.975,29.075,29.218,29.353,29.389,29.403,29.439,29.510,29.553,29.602,29.659,29.730,29.808,29.858,29.893,29.914,29.943,30.014,30.077,30.106,30.077,30.077,30.106,30.155,30.183,30.197,30.233,30.303,30.388,30.437,30.466,30.480,30.494,30.536,30.571,30.585,30.592,30.585,30.578,30.578,30.571,30.571,30.571,30.564,30.564,30.564,30.564,30.557,30.550,30.543,30.543,30.536,30.522,30.522,30.522,30.522,30.508,30.494,30.480,30.480,30.487,30.501,30.508,30.529,30.536,30.536,30.536,30.536,30.550,30.571,30.585,30.585,30.578,30.571,30.564,30.564,30.571,30.585,30.599,30.606,30.599,30.571,30.550,30.543,30.543,30.543,30.543,30.543,30.536,30.522,30.508,30.487,30.466,30.458,30.444,30.430,30.374,30.310,30.254,30.219,30.190,30.162,30.127,30.091,30.063,30.035,30.014,29.992,29.985,29.971,29.957,29.943,29.914,29.893,29.865,29.836,29.822,29.815,29.801,29.773,29.737,29.702,29.680,29.666,29.652,29.624,29.588,29.538,29.503,29.474,29.453,29.432,29.368,29.275,29.182,29.075,28.861,28.668,28.467,28.237,27.862,27.442,26.992,26.517,25.982,25.444,24.963,24.568,24.345,24.240,24.165,24.105,24.060,24.008,23.948,23.888,23.813,23.723,23.632,23.557,23.497,23.467,23.422,23.369,23.316,23.263,23.203,23.150,23.097,23.052,22.999,22.946,22.915,22.885,22.855,22.824,22.794,22.771,22.749,22.718,22.696,22.680,22.665,22.642,22.604,22.574,22.544,22.513,22.475,22.437,22.399,22.369,22.330,22.292,22.270,22.247,22.231,22.216,22.201,22.193,22.186,22.186,22.186,22.193,22.193,22.193,22.201,22.201,22.201,22.209,22.209,22.216,22.216,22.224,22.231,22.231,22.231,22.239,22.247,22.239,22.239,22.239,22.231,22.231,22.231,22.231,22.231,22.231,22.239,22.239,22.247,22.247,22.262,22.262,22.270,22.270,22.262,22.262,22.254,22.254,22.254,22.262,22.254,22.247,22.247,22.239,22.231,22.216,22.209,22.201,22.193,22.178,22.170,22.163,22.155,22.140,22.132,22.117,22.094,22.079,22.071,22.063,22.048,22.033,22.018,21.995,21.972,21.949,21.918,21.888,21.857,21.826,21.803,21.780,21.765,21.750,21.734,21.727,21.719,21.711,21.696,21.696,21.688,21.688,21.681,21.681,21.673,21.673,21.673,21.673,21.673,21.673,21.673,21.673,21.673,21.681,21.681,21.681,21.688,21.696,21.704,21.711,21.719,21.734,21.742,21.757,21.765,21.773,21.773,21.773,21.765,21.765,21.765,21.757,21.757,21.742,21.742,21.742,21.734,21.727,21.719,21.704,21.696,21.681,21.673,21.665,21.658,21.642,21.635,21.627,21.619,21.604,21.596,21.589,21.581,21.566,21.550,21.535,21.527,21.512,21.497,21.481,21.474,21.458,21.450,21.443,21.435,21.427,21.427,21.427,21.420,21.412,21.404,21.389,21.381,21.374,21.374,21.381,21.381,21.381,21.381,21.381,21.374,21.366,21.358,21.343,21.335,21.327,21.320,21.327,21.335,21.351,21.366,21.381,21.389,21.404,21.412,21.420,21.427,21.435,21.443,21.458,21.466,21.481,21.481,21.489,21.497,21.504,21.512,21.527,21.535,21.535,21.535,21.543
,23.595,23.520,23.414,23.392,23.384,23.361,23.301,23.278,23.271,23.248,23.165,23.112,23.105,23.135,23.150,23.142,23.120,23.089,23.082,23.059,23.044,23.029,23.006,22.991,22.968,22.953,22.946,22.946,22.938,22.923,22.908,22.893,22.878,22.862,22.855,22.855,22.855,22.855,22.855,22.855,22.847,22.847,22.847,22.847,22.840,22.832,22.832,22.832,22.824,22.817,22.802,22.787,22.771,22.756,22.733,22.726,22.726,22.741,22.756,22.764,22.771,22.817,22.915,22.999,23.037,23.044,23.127,23.248,23.331,23.384,23.520,23.760,24.030,24.337,24.747,25.274,25.887,26.554,27.239,27.797,28.230,28.524,28.668,28.832,28.947,28.997,28.968,29.068,29.211,29.346,29.389,29.403,29.439,29.510,29.553,29.602,29.659,29.723,29.794,29.844,29.879,29.900,29.929,29.999,30.056,30.091,30.077,30.077,30.098,30.141,30.169,30.190,30.233,30.303,30.381,30.430,30.458,30.466,30.480,30.522,30.557,30.578,30.585,30.578,30.564,30.564,30.564,30.564,30.557,30.557,30.557,30.550,30.543,30.536,30.529,30.522,30.515,30.508,30.494,30.494,30.487,30.487,30.480,30.458,30.451,30.444,30.444,30.451,30.458,30.473,30.487,30.480,30.480,30.480,30.487,30.515,30.529,30.536,30.522,30.508,30.501,30.501,30.508,30.522,30.543,30.557,30.543,30.494,30.466,30.458,30.466,30.473,30.480,30.487,30.494,30.487,30.473,30.451,30.437,30.437,30.430,30.409,30.346,30.289,30.240,30.204,30.176,30.148,30.113,30.077,30.056,30.035,30.006,29.992,29.992,29.978,29.957,29.929,29.907,29.886,29.858,29.829,29.815,29.808,29.794,29.766,29.723,29.688,29.666,29.659,29.652,29.624,29.581,29.531,29.496,29.474,29.460,29.439,29.375,29.282,29.189,29.082,28.882,28.689,28.495,28.280,27.956,27.536,27.101,26.656,26.136,25.592,25.104,24.702,24.442,24.307,24.217,24.150,24.105,24.038,23.978,23.918,23.850,23.753,23.663,23.580,23.535,23.497,23.452,23.399,23.331,23.278,23.233,23.180,23.120,23.067,23.014,22.976,22.931,22.893,22.862,22.840,22.809,22.779,22.756,22.733,22.703,22.688,22.673,22.650,22.620,22.582,22.551,22.521,22.483,22.445,22.407,22.376,22.346,22.300,22.270,22.254,22.239,22.224,22.209,22.193,22.193,22.186,22.193,22.193,22.193,22.193,22.201,22.201,22.201,22.201,22.209,22.209,22.216,22.216,22.224,22.231,22.231,22.239,22.247,22.239,22.239,22.231,22.224,22.224,22.224,22.224,22.224,22.224,22.224,22.224,22.224,22.231,22.239,22.247,22.254,22.262,22.262,22.262,22.254,22.254,22.254,22.262,22.254,22.247,22.247,22.231,22.224,22.209,22.201,22.193,22.186,22.178,22.170,22.163,22.155,22.140,22.125,22.109,22.094,22.079,22.071,22.063,22.048,22.025,22.002,21.987,21.964,21.934,21.903,21.872,21.842,21.803,21.780,21.773,21.765,21.742,21.719,21.711,21.696,21.681,21.665,21.665,21.658,21.650,21.642,21.642,21.635,21.635,21.635,21.635,21.635,21.635,21.635,21.642,21.650,21.658,21.665,21.665,21.673,21.681,21.696,21.696,21.711,21.719,21.734,21.742,21.750,21.765,21.773,21.765,21.765,21.765,21.757,21.757,21.750,21.742,21.742,21.742,21.734,21.727,21.719,21.704,21.696,21.681,21.673,21.665,21.658,21.642,21.642,21.635,21.627,21.612,21.604,21.589,21.573,21.558,21.543,21.527,21.520,21.504,21.497,21.481,21.474,21.466,21.458,21.443,21.435,21.427,21.427,21.427,21.420,21.412,21.404,21.389,21.381,21.374,21.374,21.374,21.381,21.381,21.374,21.366,21.358,21.358,21.343,21.335,21.320,21.320,21.320,21.320,21.327,21.343,21.351,21.366,21.381,21.397,21.404,21.412,21.420,21.427,21.443,21.450,21.458,21.474,21.481,21.481,21.489,21.504,21.512,21.520,21.527,21.535,21.535,21.543
,23.580,23.497,23.407,23.399,23.384,23.361,23.301,23.286,23.278,23.248,23.173,23.112,23.105,23.150,23.158,23.150,23.127,23.097,23.082,23.067,23.052,23.029,23.006,22.991,22.968,22.953,22.938,22.938,22.931,22.923,22.900,22.885,22.870,22.855,22.855,22.855,22.862,22.855,22.855,22.847,22.840,22.832,22.832,22.840,22.840,22.832,22.832,22.832,22.824,22.809,22.794,22.771,22.764,22.749,22.726,22.718,22.726,22.741,22.756,22.764,22.771,22.817,22.915,22.991,23.029,23.044,23.120,23.233,23.324,23.384,23.512,23.738,24.015,24.322,24.717,25.230,25.828,26.503,27.188,27.761,28.201,28.503,28.660,28.825,28.940,28.990,28.968,29.061,29.197,29.332,29.382,29.396,29.432,29.496,29.553,29.595,29.652,29.709,29.773,29.829,29.865,29.886,29.914,29.971,30.035,30.077,30.077,30.070,30.084,30.120,30.155,30.183,30.219,30.282,30.360,30.416,30.444,30.458,30.473,30.508,30.543,30.564,30.571,30.564,30.557,30.550,30.550,30.550,30.550,30.543,30.543,30.536,30.522,30.501,30.494,30.494,30.487,30.480,30.473,30.466,30.466,30.466,30.451,30.437,30.416,30.409,30.416,30.416,30.430,30.437,30.451,30.451,30.444,30.444,30.451,30.473,30.487,30.487,30.480,30.466,30.458,30.458,30.466,30.480,30.501,30.508,30.501,30.451,30.423,30.423,30.430,30.437,30.444,30.451,30.466,30.458,30.444,30.423,30.416,30.416,30.409,30.388,30.324,30.268,30.226,30.197,30.176,30.141,30.106,30.070,30.049,30.028,30.006,29.992,29.992,29.978,29.950,29.922,29.900,29.879,29.858,29.829,29.815,29.808,29.794,29.766,29.723,29.680,29.666,29.659,29.652,29.624,29.581,29.531,29.503,29.481,29.467,29.446,29.382,29.296,29.204,29.097,28.918,28.732,28.539,28.330,28.028,27.623,27.203,26.773,26.268,25.725,25.230,24.821,24.546,24.382,24.270,24.203,24.158,24.083,24.015,23.955,23.895,23.805,23.700,23.610,23.565,23.535,23.489,23.429,23.361,23.309,23.256,23.203,23.142,23.089,23.044,22.991,22.946,22.915,22.878,22.847,22.817,22.794,22.764,22.741,22.718,22.703,22.680,22.658,22.627,22.597,22.559,22.536,22.498,22.452,22.414,22.384,22.353,22.315,22.277,22.262,22.247,22.224,22.209,22.193,22.193,22.193,22.193,22.201,22.201,22.193,22.193,22.193,22.193,22.201,22.201,22.201,22.209,22.216,22.224,22.231,22.231,22.239,22.239,22.239,22.231,22.224,22.216,22.209,22.209,22.209,22.209,22.209,22.209,22.209,22.209,22.216,22.224,22.224,22.239,22.247,22.247,22.247,22.247,22.254,22.254,22.254,22.254,22.247,22.239,22.231,22.216,22.201,22.193,22.186,22.186,22.178,22.163,22.155,22.147,22.140,22.125,22.109,22.102,22.086,22.071,22.056,22.041,22.018,21.995,21.979,21.956,21.918,21.880,21.857,21.819,21.788,21.773,21.765,21.757,21.742,21.719,21.696,21.681,21.658,21.642,21.635,21.627,21.619,21.619,21.612,21.604,21.604,21.604,21.604,21.604,21.612,21.612,21.627,21.635,21.650,21.658,21.658,21.658,21.673,21.688,21.696,21.704,21.719,21.734,21.742,21.750,21.757,21.757,21.757,21.757,21.757,21.757,21.750,21.750,21.742,21.742,21.734,21.734,21.727,21.711,21.704,21.696,21.681,21.673,21.665,21.658,21.650,21.642,21.635,21.627,21.612,21.604,21.589,21.573,21.558,21.543,21.527,21.512,21.504,21.489,21.481,21.474,21.466,21.458,21.450,21.443,21.427,21.427,21.427,21.420,21.420,21.404,21.397,21.389,21.374,21.374,21.374,21.374,21.374,21.358,21.358,21.351,21.335,21.327,21.320,21.312,21.304,21.312,21.320,21.327,21.335,21.351,21.358,21.374,21.389,21.404,21.412,21.412,21.427,21.443,21.450,21.458,21.466,21.474,21.481,21.489,21.497,21.512,21.520,21.527,21.535,21.535,21.543
,23.550,23.474,23.407,23.392,23.376,23.346,23.301,23.293,23.286,23.248,23.180,23.120,23.120,23.158,23.165,23.150,23.135,23.105,23.089,23.074,23.052,23.029,23.006,22.984,22.968,22.953,22.938,22.931,22.923,22.915,22.893,22.870,22.855,22.847,22.847,22.855,22.855,22.855,22.847,22.840,22.824,22.824,22.824,22.832,22.832,22.832,22.824,22.824,22.817,22.802,22.779,22.764,22.749,22.733,22.718,22.711,22.718,22.741,22.756,22.756,22.771,22.817,22.908,22.984,23.021,23.037,23.105,23.218,23.309,23.384,23.497,23.723,23.985,24.292,24.680,25.178,25.769,26.437,27.137,27.717,28.172,28.488,28.639,28.811,28.925,28.982,28.968,29.054,29.182,29.311,29.368,29.382,29.417,29.481,29.538,29.588,29.638,29.695,29.758,29.815,29.851,29.872,29.900,29.950,30.006,30.056,30.077,30.070,30.077,30.106,30.141,30.169,30.212,30.268,30.339,30.395,30.430,30.444,30.458,30.494,30.522,30.557,30.557,30.550,30.543,30.536,30.536,30.536,30.536,30.529,30.522,30.508,30.494,30.473,30.473,30.466,30.466,30.458,30.444,30.444,30.437,30.437,30.416,30.402,30.388,30.374,30.381,30.388,30.395,30.409,30.416,30.423,30.423,30.423,30.423,30.444,30.451,30.451,30.444,30.437,30.430,30.430,30.437,30.444,30.458,30.466,30.466,30.430,30.409,30.409,30.416,30.423,30.430,30.430,30.444,30.437,30.423,30.402,30.402,30.402,30.395,30.367,30.303,30.247,30.212,30.190,30.169,30.134,30.091,30.056,30.042,30.021,30.006,29.992,29.985,29.964,29.936,29.907,29.893,29.872,29.851,29.829,29.815,29.808,29.794,29.773,29.723,29.688,29.659,29.652,29.652,29.624,29.588,29.545,29.510,29.489,29.474,29.453,29.396,29.311,29.218,29.118,28.947,28.775,28.596,28.395,28.100,27.717,27.312,26.875,26.393,25.842,25.341,24.918,24.635,24.442,24.307,24.225,24.195,24.120,24.045,23.978,23.933,23.843,23.738,23.632,23.595,23.557,23.520,23.459,23.384,23.331,23.278,23.226,23.173,23.120,23.059,23.014,22.968,22.931,22.893,22.862,22.832,22.802,22.779,22.756,22.733,22.711,22.696,22.673,22.642,22.604,22.574,22.544,22.506,22.468,22.422,22.384,22.361,22.323,22.285,22.270,22.254,22.231,22.216,22.193,22.193,22.193,22.201,22.193,22.193,22.193,22.186,22.186,22.186,22.193,22.193,22.193,22.209,22.216,22.224,22.224,22.231,22.239,22.239,22.231,22.224,22.216,22.209,22.201,22.201,22.201,22.201,22.201,22.193,22.193,22.193,22.201,22.201,22.209,22.216,22.231,22.239,22.239,22.247,22.247,22.247,22.254,22.254,22.247,22.231,22.224,22.209,22.193,22.186,22.186,22.178,22.170,22.155,22.155,22.140,22.132,22.117,22.109,22.102,22.086,22.071,22.056,22.041,22.018,21.995,21.972,21.949,21.911,21.865,21.834,21.803,21.773,21.757,21.765,21.757,21.742,21.719,21.688,21.665,21.635,21.619,21.612,21.604,21.596,21.581,21.581,21.573,21.573,21.566,21.566,21.566,21.573,21.589,21.604,21.619,21.635,21.642,21.642,21.650,21.658,21.673,21.681,21.696,21.711,21.727,21.734,21.742,21.750,21.750,21.750,21.750,21.750,21.750,21.742,21.742,21.742,21.734,21.734,21.727,21.719,21.704,21.704,21.688,21.681,21.673,21.665,21.665,21.650,21.642,21.635,21.627,21.612,21.596,21.589,21.573,21.558,21.543,21.520,21.512,21.497,21.481,21.481,21.474,21.458,21.458,21.450,21.443,21.435,21.435,21.427,21.420,21.420,21.412,21.397,21.389,21.381,21.381,21.381,21.374,21.366,21.351,21.343,21.335,21.327,21.312,21.304,21.304,21.297,21.304,21.312,21.320,21.327,21.343,21.351,21.366,21.381,21.397,21.404,21.412,21.427,21.435,21.443,21.450,21.458,21.474,21.481,21.489,21.497,21.512,21.520,21.527,21.535,21.535,21.535
,23.527,23.444,23.392,23.384,23.369,23.331,23.293,23.293,23.278,23.241,23.173,23.127,23.135,23.165,23.165,23.150,23.127,23.105,23.089,23.074,23.052,23.029,22.999,22.984,22.961,22.946,22.931,22.923,22.923,22.908,22.885,22.870,22.855,22.840,22.840,22.847,22.855,22.855,22.847,22.832,22.817,22.809,22.809,22.824,22.824,22.824,22.817,22.817,22.809,22.794,22.771,22.756,22.733,22.718,22.711,22.703,22.711,22.726,22.749,22.756,22.771,22.809,22.893,22.968,23.021,23.044,23.097,23.203,23.301,23.376,23.489,23.700,23.948,24.240,24.635,25.111,25.688,26.349,27.065,27.660,28.136,28.467,28.617,28.782,28.911,28.975,28.961,29.032,29.154,29.289,29.360,29.368,29.403,29.460,29.524,29.574,29.624,29.688,29.744,29.801,29.836,29.865,29.893,29.929,29.978,30.042,30.070,30.063,30.070,30.084,30.127,30.155,30.197,30.254,30.324,30.374,30.416,30.437,30.444,30.473,30.508,30.536,30.543,30.536,30.529,30.522,30.522,30.522,30.515,30.508,30.494,30.487,30.473,30.458,30.451,30.444,30.444,30.437,30.423,30.416,30.409,30.402,30.381,30.367,30.353,30.346,30.353,30.353,30.367,30.381,30.388,30.395,30.402,30.402,30.409,30.416,30.423,30.423,30.416,30.409,30.409,30.409,30.409,30.416,30.423,30.423,30.423,30.416,30.416,30.416,30.416,30.423,30.423,30.423,30.430,30.416,30.402,30.381,30.374,30.374,30.367,30.339,30.275,30.226,30.197,30.183,30.162,30.120,30.077,30.042,30.035,30.014,29.999,29.978,29.971,29.943,29.922,29.900,29.886,29.865,29.844,29.822,29.815,29.808,29.794,29.773,29.730,29.688,29.666,29.659,29.659,29.638,29.602,29.553,29.524,29.503,29.489,29.474,29.410,29.325,29.239,29.140,28.990,28.825,28.660,28.474,28.186,27.811,27.406,26.977,26.503,25.953,25.444,25.000,24.702,24.486,24.337,24.240,24.210,24.128,24.045,23.978,23.948,23.865,23.753,23.648,23.610,23.580,23.542,23.482,23.407,23.346,23.301,23.248,23.195,23.142,23.082,23.029,22.991,22.946,22.908,22.870,22.847,22.817,22.787,22.764,22.741,22.718,22.703,22.680,22.642,22.612,22.582,22.559,22.521,22.475,22.429,22.391,22.369,22.330,22.292,22.270,22.262,22.239,22.216,22.193,22.193,22.193,22.201,22.193,22.193,22.186,22.178,22.178,22.178,22.178,22.186,22.186,22.193,22.209,22.216,22.216,22.224,22.231,22.231,22.224,22.216,22.209,22.201,22.186,22.186,22.186,22.186,22.186,22.178,22.178,22.178,22.178,22.186,22.193,22.201,22.209,22.224,22.231,22.239,22.239,22.247,22.247,22.247,22.239,22.231,22.216,22.201,22.186,22.186,22.178,22.170,22.163,22.155,22.147,22.140,22.125,22.117,22.109,22.102,22.086,22.071,22.056,22.041,22.018,21.987,21.964,21.934,21.895,21.849,21.819,21.788,21.765,21.757,21.757,21.750,21.734,21.711,21.681,21.650,21.627,21.604,21.589,21.581,21.566,21.550,21.543,21.535,21.535,21.527,21.520,21.527,21.535,21.550,21.573,21.589,21.612,21.627,21.627,21.627,21.635,21.658,21.665,21.681,21.704,21.711,21.727,21.734,21.734,21.742,21.742,21.742,21.734,21.734,21.734,21.734,21.734,21.727,21.727,21.719,21.704,21.704,21.696,21.688,21.673,21.673,21.665,21.658,21.650,21.642,21.635,21.627,21.612,21.596,21.581,21.566,21.550,21.535,21.520,21.512,21.489,21.481,21.481,21.474,21.458,21.458,21.450,21.443,21.435,21.435,21.427,21.420,21.412,21.404,21.404,21.397,21.389,21.381,21.381,21.374,21.358,21.351,21.335,21.327,21.312,21.304,21.297,21.289,21.289,21.297,21.304,21.312,21.327,21.335,21.351,21.358,21.374,21.389,21.397,21.412,21.427,21.435,21.443,21.450,21.458,21.466,21.481,21.489,21.497,21.512,21.520,21.527,21.527,21.527,21.535
,23.505,23.422,23.384,23.376,23.354,23.316,23.286,23.286,23.263,23.218,23.112,23.112,23.135,23.165,23.158,23.142,23.127,23.105,23.082,23.067,23.044,23.021,22.991,22.976,22.953,22.931,22.923,22.923,22.915,22.900,22.878,22.862,22.847,22.840,22.840,22.840,22.847,22.847,22.832,22.824,22.817,22.809,22.809,22.817,22.817,22.817,22.817,22.809,22.802,22.787,22.764,22.749,22.733,22.711,22.703,22.688,22.696,22.703,22.726,22.749,22.771,22.809,22.885,22.961,23.014,23.044,23.097,23.195,23.286,23.376,23.474,23.670,23.918,24.203,24.561,25.022,25.592,26.254,26.955,27.573,28.064,28.402,28.596,28.754,28.882,28.954,28.947,29.011,29.125,29.261,29.339,29.360,29.389,29.446,29.510,29.560,29.617,29.673,29.730,29.794,29.836,29.858,29.872,29.907,29.957,30.014,30.063,30.063,30.063,30.077,30.113,30.148,30.190,30.240,30.303,30.360,30.402,30.430,30.437,30.458,30.494,30.522,30.529,30.522,30.515,30.515,30.515,30.508,30.501,30.494,30.473,30.466,30.451,30.444,30.430,30.423,30.416,30.409,30.395,30.395,30.381,30.374,30.353,30.332,30.324,30.310,30.310,30.324,30.332,30.346,30.353,30.367,30.374,30.374,30.374,30.381,30.381,30.381,30.381,30.367,30.367,30.367,30.367,30.367,30.374,30.381,30.381,30.381,30.388,30.395,30.395,30.395,30.395,30.388,30.388,30.374,30.353,30.332,30.324,30.332,30.332,30.303,30.247,30.204,30.183,30.176,30.148,30.106,30.063,30.042,30.028,30.014,30.006,29.992,29.964,29.943,29.914,29.893,29.879,29.858,29.836,29.815,29.801,29.801,29.794,29.780,29.744,29.702,29.673,29.659,29.666,29.652,29.617,29.567,29.531,29.517,29.503,29.489,29.432,29.346,29.247,29.147,29.018,28.854,28.689,28.517,28.258,27.884,27.471,27.043,26.591,26.063,25.555,25.104,24.762,24.524,24.352,24.255,24.217,24.128,24.038,23.963,23.948,23.865,23.760,23.655,23.610,23.587,23.557,23.497,23.429,23.369,23.316,23.271,23.218,23.158,23.105,23.052,22.999,22.961,22.923,22.893,22.862,22.832,22.802,22.771,22.756,22.733,22.711,22.688,22.650,22.620,22.589,22.566,22.528,22.475,22.429,22.399,22.376,22.338,22.308,22.270,22.270,22.239,22.216,22.201,22.193,22.193,22.201,22.193,22.193,22.186,22.178,22.178,22.178,22.178,22.178,22.178,22.186,22.193,22.201,22.209,22.216,22.216,22.216,22.216,22.209,22.201,22.193,22.186,22.178,22.178,22.178,22.178,22.178,22.170,22.170,22.178,22.178,22.178,22.186,22.193,22.209,22.216,22.224,22.231,22.239,22.247,22.239,22.231,22.231,22.216,22.201,22.186,22.186,22.178,22.170,22.163,22.163,22.147,22.140,22.125,22.117,22.109,22.094,22.079,22.063,22.048,22.033,22.010,21.979,21.956,21.926,21.888,21.849,21.819,21.780,21.757,21.742,21.742,21.734,21.711,21.688,21.665,21.642,21.612,21.581,21.566,21.550,21.535,21.520,21.504,21.497,21.497,21.489,21.489,21.489,21.504,21.520,21.543,21.566,21.581,21.596,21.596,21.604,21.612,21.635,21.650,21.665,21.688,21.704,21.711,21.719,21.727,21.734,21.734,21.734,21.734,21.734,21.734,21.727,21.727,21.719,21.711,21.704,21.704,21.696,21.688,21.681,21.673,21.665,21.665,21.658,21.642,21.635,21.627,21.619,21.604,21.596,21.581,21.566,21.550,21.535,21.527,21.512,21.497,21.489,21.481,21.474,21.458,21.458,21.450,21.443,21.435,21.427,21.412,21.404,21.404,21.404,21.404,21.397,21.397,21.389,21.381,21.374,21.358,21.351,21.335,21.327,21.312,21.304,21.289,21.289,21.289,21.289,21.297,21.304,21.320,21.327,21.343,21.358,21.374,21.381,21.397,21.404,21.420,21.427,21.435,21.443,21.458,21.466,21.474,21.481,21.497,21.504,21.520,21.527,21.527,21.527,21.535
,23.489,23.414,23.384,23.369,23.339,23.301,23.278,23.271,23.248,23.195,23.097,23.105,23.135,23.150,23.142,23.127,23.112,23.097,23.074,23.052,23.037,23.014,22.984,22.961,22.946,22.931,22.915,22.915,22.908,22.893,22.878,22.862,22.847,22.832,22.832,22.832,22.832,22.832,22.824,22.817,22.817,22.809,22.809,22.817,22.809,22.809,22.802,22.802,22.794,22.779,22.756,22.741,22.726,22.711,22.696,22.680,22.665,22.665,22.703,22.726,22.756,22.802,22.878,22.953,23.006,23.044,23.082,23.173,23.263,23.354,23.444,23.632,23.865,24.143,24.486,24.933,25.488,26.144,26.861,27.500,28.006,28.359,28.574,28.739,28.868,28.940,28.940,29.004,29.104,29.232,29.325,29.353,29.382,29.432,29.503,29.560,29.617,29.673,29.730,29.787,29.822,29.851,29.865,29.893,29.943,29.999,30.049,30.056,30.056,30.063,30.098,30.141,30.190,30.240,30.296,30.353,30.395,30.416,30.430,30.451,30.480,30.508,30.522,30.515,30.515,30.508,30.501,30.501,30.487,30.473,30.458,30.444,30.430,30.416,30.402,30.395,30.388,30.381,30.374,30.367,30.360,30.346,30.332,30.310,30.296,30.289,30.289,30.296,30.303,30.317,30.332,30.339,30.346,30.346,30.346,30.346,30.346,30.339,30.339,30.332,30.324,30.324,30.324,30.324,30.324,30.332,30.332,30.339,30.346,30.353,30.353,30.353,30.346,30.346,30.346,30.332,30.310,30.289,30.289,30.303,30.303,30.275,30.226,30.197,30.183,30.169,30.141,30.091,30.056,30.035,30.021,30.014,30.006,29.999,29.971,29.943,29.922,29.900,29.879,29.858,29.836,29.815,29.794,29.794,29.794,29.780,29.758,29.716,29.688,29.673,29.680,29.666,29.638,29.588,29.545,29.531,29.517,29.503,29.446,29.353,29.261,29.154,29.032,28.875,28.718,28.546,28.316,27.970,27.573,27.145,26.729,26.210,25.695,25.222,24.836,24.561,24.367,24.247,24.217,24.120,24.023,23.948,23.940,23.873,23.768,23.655,23.610,23.595,23.565,23.512,23.444,23.384,23.331,23.286,23.241,23.180,23.127,23.074,23.021,22.976,22.946,22.908,22.878,22.847,22.817,22.787,22.764,22.741,22.726,22.703,22.665,22.620,22.589,22.566,22.536,22.475,22.429,22.399,22.376,22.353,22.315,22.270,22.262,22.239,22.216,22.201,22.193,22.193,22.193,22.193,22.186,22.186,22.178,22.178,22.178,22.170,22.170,22.170,22.178,22.186,22.193,22.201,22.201,22.209,22.209,22.209,22.201,22.193,22.186,22.178,22.178,22.170,22.170,22.170,22.170,22.170,22.170,22.178,22.178,22.178,22.178,22.186,22.201,22.209,22.216,22.224,22.239,22.239,22.239,22.231,22.224,22.209,22.201,22.186,22.186,22.178,22.178,22.170,22.163,22.147,22.140,22.125,22.117,22.102,22.094,22.079,22.063,22.048,22.025,22.002,21.979,21.956,21.926,21.888,21.849,21.819,21.788,21.757,21.734,21.727,21.711,21.696,21.673,21.650,21.627,21.596,21.566,21.543,21.520,21.497,21.481,21.466,21.466,21.466,21.466,21.458,21.466,21.474,21.497,21.520,21.543,21.558,21.573,21.573,21.581,21.596,21.619,21.635,21.658,21.681,21.696,21.704,21.711,21.711,21.727,21.727,21.727,21.727,21.727,21.727,21.727,21.719,21.711,21.704,21.704,21.696,21.688,21.681,21.681,21.673,21.665,21.658,21.650,21.642,21.627,21.619,21.612,21.604,21.589,21.573,21.566,21.550,21.535,21.535,21.520,21.504,21.489,21.489,21.474,21.458,21.450,21.443,21.435,21.427,21.420,21.404,21.397,21.389,21.397,21.404,21.404,21.412,21.397,21.389,21.374,21.366,21.351,21.343,21.327,21.320,21.304,21.289,21.289,21.289,21.289,21.297,21.304,21.320,21.327,21.343,21.351,21.366,21.381,21.389,21.404,21.420,21.427,21.435,21.443,21.450,21.466,21.481,21.489,21.497,21.504,21.512,21.520,21.520,21.527,21.527
,23.489,23.422,23.384,23.361,23.324,23.278,23.271,23.263,23.241,23.180,23.097,23.112,23.135,23.135,23.127,23.112,23.097,23.082,23.067,23.044,23.021,22.999,22.976,22.953,22.938,22.923,22.908,22.908,22.900,22.885,22.870,22.855,22.847,22.832,22.824,22.824,22.817,22.809,22.817,22.817,22.817,22.809,22.809,22.809,22.802,22.802,22.794,22.794,22.787,22.771,22.749,22.733,22.718,22.711,22.688,22.673,22.650,22.635,22.680,22.711,22.749,22.802,22.862,22.938,22.999,23.037,23.074,23.150,23.233,23.324,23.422,23.587,23.805,24.075,24.412,24.844,25.385,26.026,26.751,27.413,27.949,28.337,28.553,28.718,28.847,28.932,28.940,28.990,29.082,29.211,29.311,29.346,29.375,29.425,29.496,29.560,29.617,29.666,29.723,29.773,29.815,29.836,29.851,29.886,29.929,29.978,30.035,30.049,30.056,30.056,30.091,30.141,30.190,30.233,30.289,30.339,30.381,30.409,30.423,30.444,30.466,30.494,30.508,30.508,30.501,30.501,30.494,30.487,30.473,30.458,30.437,30.430,30.409,30.388,30.374,30.367,30.353,30.353,30.346,30.339,30.332,30.317,30.310,30.289,30.275,30.268,30.261,30.268,30.275,30.289,30.303,30.310,30.317,30.310,30.310,30.303,30.303,30.296,30.296,30.289,30.282,30.282,30.282,30.282,30.282,30.282,30.275,30.282,30.289,30.289,30.296,30.289,30.289,30.296,30.310,30.303,30.289,30.275,30.282,30.289,30.282,30.254,30.212,30.183,30.169,30.155,30.120,30.077,30.049,30.021,30.014,30.006,29.999,29.985,29.964,29.943,29.922,29.900,29.872,29.851,29.829,29.808,29.794,29.794,29.787,29.787,29.773,29.730,29.702,29.688,29.688,29.680,29.652,29.609,29.567,29.545,29.531,29.517,29.460,29.368,29.268,29.161,29.040,28.904,28.754,28.589,28.366,28.057,27.688,27.275,26.868,26.371,25.850,25.348,24.911,24.598,24.374,24.232,24.210,24.113,24.008,23.933,23.933,23.873,23.768,23.655,23.617,23.602,23.580,23.535,23.474,23.414,23.354,23.309,23.256,23.210,23.150,23.097,23.044,23.006,22.961,22.923,22.900,22.870,22.840,22.802,22.771,22.749,22.733,22.711,22.673,22.620,22.589,22.574,22.536,22.475,22.422,22.391,22.384,22.353,22.315,22.270,22.254,22.239,22.224,22.209,22.193,22.193,22.186,22.186,22.178,22.178,22.178,22.170,22.170,22.170,22.163,22.170,22.170,22.178,22.186,22.193,22.193,22.201,22.201,22.201,22.193,22.193,22.186,22.178,22.178,22.170,22.163,22.163,22.163,22.170,22.170,22.178,22.178,22.170,22.178,22.178,22.193,22.201,22.216,22.216,22.231,22.231,22.231,22.231,22.224,22.209,22.193,22.186,22.186,22.186,22.178,22.170,22.163,22.147,22.140,22.125,22.117,22.102,22.086,22.071,22.056,22.041,22.025,22.002,21.972,21.956,21.934,21.903,21.865,21.826,21.788,21.757,21.734,21.711,21.688,21.665,21.642,21.627,21.604,21.573,21.527,21.497,21.466,21.450,21.427,21.412,21.420,21.435,21.435,21.435,21.435,21.443,21.466,21.489,21.512,21.535,21.550,21.550,21.566,21.581,21.604,21.627,21.650,21.673,21.688,21.696,21.704,21.704,21.719,21.719,21.719,21.719,21.719,21.719,21.719,21.711,21.704,21.704,21.696,21.688,21.681,21.681,21.673,21.665,21.658,21.658,21.642,21.635,21.619,21.619,21.604,21.596,21.581,21.573,21.558,21.543,21.543,21.535,21.527,21.512,21.497,21.489,21.474,21.458,21.450,21.443,21.435,21.427,21.412,21.397,21.389,21.381,21.389,21.404,21.412,21.412,21.404,21.389,21.381,21.366,21.351,21.343,21.335,21.327,21.304,21.297,21.289,21.289,21.289,21.297,21.304,21.320,21.327,21.343,21.351,21.366,21.381,21.389,21.397,21.412,21.420,21.427,21.435,21.450,21.466,21.481,21.489,21.504,21.504,21.512,21.520,21.520,21.520,21.520
,23.489,23.429,23.384,23.354,23.316,23.271,23.263,23.263,23.233,23.180,23.112,23.120,23.135,23.127,23.120,23.105,23.089,23.074,23.059,23.044,23.021,22.991,22.968,22.953,22.931,22.915,22.908,22.900,22.893,22.878,22.870,22.855,22.847,22.832,22.824,22.809,22.802,22.794,22.802,22.809,22.809,22.809,22.809,22.802,22.794,22.787,22.787,22.779,22.779,22.764,22.741,22.726,22.711,22.703,22.680,22.658,22.635,22.627,22.673,22.711,22.749,22.794,22.855,22.923,22.984,23.021,23.067,23.135,23.210,23.309,23.399,23.550,23.753,24.015,24.352,24.769,25.281,25.901,26.627,27.304,27.884,28.323,28.524,28.689,28.825,28.925,28.932,28.975,29.061,29.189,29.296,29.339,29.375,29.417,29.481,29.545,29.602,29.659,29.716,29.766,29.801,29.829,29.844,29.872,29.914,29.964,30.021,30.042,30.049,30.042,30.077,30.127,30.183,30.226,30.275,30.332,30.374,30.409,30.423,30.437,30.458,30.480,30.494,30.494,30.494,30.487,30.473,30.466,30.451,30.437,30.416,30.402,30.381,30.367,30.353,30.339,30.324,30.324,30.317,30.303,30.296,30.289,30.282,30.268,30.254,30.233,30.233,30.240,30.247,30.261,30.268,30.275,30.275,30.275,30.261,30.261,30.254,30.254,30.254,30.254,30.247,30.240,30.240,30.240,30.240,30.233,30.226,30.226,30.226,30.226,30.226,30.226,30.226,30.247,30.275,30.282,30.282,30.282,30.289,30.289,30.282,30.247,30.204,30.176,30.155,30.134,30.098,30.063,30.028,30.006,30.006,29.999,29.978,29.964,29.950,29.929,29.914,29.893,29.865,29.844,29.822,29.801,29.787,29.780,29.787,29.794,29.794,29.758,29.723,29.702,29.702,29.695,29.673,29.631,29.581,29.560,29.545,29.531,29.467,29.382,29.282,29.175,29.061,28.925,28.789,28.639,28.424,28.143,27.804,27.413,26.999,26.517,26.004,25.466,24.992,24.650,24.389,24.217,24.195,24.090,23.985,23.918,23.933,23.873,23.783,23.670,23.640,23.625,23.595,23.557,23.505,23.444,23.392,23.331,23.286,23.241,23.180,23.120,23.074,23.029,22.984,22.946,22.915,22.893,22.862,22.824,22.787,22.764,22.749,22.726,22.680,22.620,22.589,22.574,22.536,22.475,22.422,22.384,22.384,22.353,22.315,22.262,22.247,22.231,22.224,22.209,22.193,22.193,22.186,22.178,22.178,22.170,22.170,22.170,22.163,22.163,22.163,22.163,22.170,22.178,22.186,22.193,22.193,22.201,22.201,22.193,22.193,22.193,22.186,22.178,22.178,22.170,22.163,22.163,22.163,22.170,22.178,22.178,22.178,22.170,22.170,22.178,22.186,22.201,22.209,22.216,22.224,22.224,22.224,22.224,22.224,22.209,22.193,22.186,22.186,22.186,22.178,22.170,22.163,22.155,22.140,22.125,22.117,22.102,22.086,22.071,22.056,22.041,22.025,22.002,21.979,21.964,21.949,21.918,21.880,21.834,21.788,21.750,21.727,21.696,21.665,21.627,21.627,21.604,21.581,21.543,21.489,21.443,21.412,21.397,21.381,21.358,21.366,21.397,21.404,21.404,21.404,21.420,21.443,21.466,21.489,21.512,21.527,21.535,21.543,21.566,21.589,21.619,21.642,21.665,21.681,21.688,21.696,21.704,21.711,21.711,21.719,21.719,21.719,21.711,21.711,21.704,21.704,21.696,21.688,21.681,21.681,21.673,21.665,21.658,21.658,21.650,21.642,21.627,21.619,21.612,21.604,21.589,21.581,21.566,21.558,21.543,21.543,21.535,21.527,21.512,21.504,21.489,21.474,21.458,21.450,21.443,21.435,21.420,21.404,21.389,21.381,21.381,21.381,21.397,21.412,21.412,21.404,21.389,21.381,21.366,21.358,21.351,21.343,21.327,21.312,21.297,21.289,21.289,21.289,21.297,21.304,21.320,21.327,21.335,21.343,21.358,21.374,21.381,21.389,21.412,21.420,21.427,21.435,21.450,21.466,21.481,21.489,21.504,21.504,21.512,21.520,21.520,21.520,21.520
,23.482,23.429,23.384,23.346,23.301,23.263,23.256,23.248,23.226,23.188,23.142,23.135,23.127,23.120,23.112,23.097,23.089,23.074,23.052,23.037,23.021,22.991,22.968,22.953,22.931,22.915,22.900,22.893,22.885,22.870,22.862,22.855,22.847,22.840,22.817,22.802,22.787,22.787,22.787,22.794,22.802,22.809,22.809,22.794,22.787,22.787,22.779,22.779,22.771,22.749,22.733,22.718,22.703,22.696,22.673,22.650,22.635,22.627,22.673,22.711,22.749,22.794,22.847,22.915,22.976,23.021,23.067,23.127,23.210,23.309,23.399,23.542,23.738,23.993,24.307,24.695,25.185,25.791,26.517,27.217,27.811,28.258,28.495,28.675,28.811,28.911,28.932,28.968,29.047,29.161,29.268,29.332,29.368,29.403,29.467,29.524,29.588,29.638,29.702,29.751,29.794,29.815,29.836,29.865,29.900,29.950,30.006,30.035,30.042,30.035,30.063,30.120,30.169,30.226,30.268,30.317,30.367,30.402,30.416,30.430,30.444,30.466,30.480,30.480,30.473,30.466,30.458,30.451,30.430,30.416,30.395,30.381,30.360,30.339,30.324,30.310,30.296,30.289,30.268,30.254,30.254,30.254,30.254,30.254,30.233,30.190,30.190,30.204,30.212,30.226,30.240,30.247,30.254,30.261,30.254,30.247,30.240,30.240,30.240,30.240,30.233,30.233,30.233,30.226,30.226,30.219,30.204,30.197,30.190,30.183,30.183,30.183,30.190,30.219,30.282,30.296,30.296,30.296,30.296,30.289,30.275,30.247,30.197,30.162,30.134,30.113,30.084,30.042,30.006,29.992,29.999,29.992,29.978,29.957,29.936,29.922,29.907,29.886,29.858,29.836,29.808,29.787,29.773,29.773,29.780,29.794,29.815,29.787,29.751,29.730,29.723,29.716,29.695,29.652,29.609,29.581,29.567,29.553,29.489,29.403,29.304,29.204,29.104,28.968,28.825,28.675,28.488,28.230,27.891,27.500,27.101,26.634,26.122,25.577,25.052,24.695,24.412,24.210,24.180,24.068,23.963,23.903,23.925,23.880,23.790,23.693,23.655,23.640,23.617,23.587,23.542,23.482,23.429,23.369,23.316,23.263,23.210,23.158,23.105,23.052,23.014,22.976,22.938,22.908,22.878,22.840,22.794,22.771,22.749,22.726,22.680,22.620,22.589,22.574,22.544,22.475,22.422,22.384,22.376,22.353,22.308,22.254,22.224,22.231,22.231,22.216,22.201,22.193,22.186,22.178,22.170,22.163,22.163,22.163,22.155,22.155,22.155,22.163,22.170,22.178,22.186,22.193,22.193,22.201,22.201,22.193,22.193,22.193,22.186,22.178,22.178,22.170,22.163,22.163,22.163,22.170,22.178,22.178,22.178,22.178,22.170,22.178,22.186,22.193,22.201,22.216,22.216,22.224,22.224,22.224,22.216,22.209,22.201,22.186,22.186,22.186,22.178,22.163,22.163,22.155,22.147,22.132,22.117,22.102,22.086,22.071,22.063,22.048,22.025,22.002,21.979,21.972,21.956,21.926,21.880,21.834,21.788,21.757,21.734,21.704,21.665,21.635,21.627,21.612,21.581,21.543,21.489,21.443,21.404,21.389,21.381,21.351,21.351,21.366,21.374,21.374,21.381,21.397,21.420,21.443,21.474,21.497,21.512,21.520,21.527,21.550,21.581,21.612,21.635,21.665,21.681,21.688,21.688,21.696,21.704,21.711,21.719,21.719,21.719,21.711,21.704,21.704,21.704,21.696,21.688,21.681,21.673,21.673,21.665,21.658,21.650,21.642,21.635,21.627,21.619,21.612,21.604,21.589,21.573,21.566,21.558,21.543,21.535,21.527,21.520,21.504,21.497,21.481,21.474,21.458,21.450,21.443,21.435,21.420,21.404,21.389,21.381,21.374,21.381,21.389,21.397,21.404,21.397,21.389,21.381,21.366,21.358,21.343,21.335,21.327,21.312,21.304,21.297,21.289,21.289,21.304,21.312,21.327,21.327,21.335,21.343,21.358,21.366,21.374,21.381,21.397,21.412,21.427,21.443,21.458,21.466,21.481,21.489,21.504,21.504,21.512,21.520,21.520,21.520,21.520
,23.459,23.429,23.376,23.324,23.278,23.248,23.241,23.233,23.210,23.180,23.142,23.135,23.135,23.120,23.112,23.097,23.089,23.074,23.059,23.037,23.021,22.999,22.976,22.961,22.938,22.923,22.900,22.885,22.878,22.870,22.862,22.855,22.855,22.840,22.824,22.802,22.787,22.771,22.779,22.787,22.794,22.802,22.802,22.794,22.787,22.779,22.771,22.771,22.764,22.749,22.726,22.711,22.703,22.688,22.673,22.650,22.627,22.627,22.673,22.718,22.749,22.787,22.840,22.900,22.961,23.014,23.059,23.120,23.195,23.293,23.384,23.520,23.708,23.948,24.255,24.628,25.111,25.695,26.415,27.137,27.746,28.201,28.474,28.660,28.797,28.897,28.932,28.961,29.025,29.132,29.247,29.318,29.368,29.396,29.446,29.510,29.574,29.631,29.695,29.744,29.787,29.815,29.829,29.858,29.893,29.936,29.985,30.028,30.035,30.035,30.056,30.113,30.162,30.212,30.254,30.303,30.353,30.395,30.402,30.416,30.437,30.458,30.466,30.466,30.458,30.451,30.444,30.430,30.416,30.395,30.374,30.360,30.339,30.317,30.303,30.296,30.282,30.268,30.247,30.233,30.226,30.219,30.219,30.204,30.190,30.169,30.169,30.183,30.197,30.212,30.219,30.233,30.240,30.247,30.240,30.233,30.219,30.212,30.212,30.212,30.212,30.204,30.204,30.204,30.197,30.190,30.183,30.176,30.169,30.162,30.155,30.155,30.162,30.176,30.212,30.226,30.226,30.226,30.233,30.261,30.261,30.233,30.190,30.155,30.127,30.106,30.077,30.035,29.999,29.985,29.999,29.999,29.992,29.971,29.943,29.922,29.900,29.879,29.858,29.829,29.801,29.780,29.766,29.766,29.773,29.794,29.829,29.815,29.794,29.766,29.751,29.744,29.723,29.680,29.645,29.617,29.602,29.581,29.524,29.432,29.332,29.225,29.125,28.997,28.847,28.696,28.524,28.273,27.949,27.558,27.159,26.715,26.210,25.658,25.126,24.755,24.442,24.210,24.165,24.045,23.940,23.873,23.910,23.873,23.790,23.708,23.670,23.655,23.632,23.610,23.565,23.512,23.452,23.384,23.331,23.286,23.233,23.180,23.120,23.074,23.029,22.984,22.946,22.915,22.893,22.855,22.809,22.779,22.756,22.741,22.688,22.627,22.589,22.574,22.544,22.483,22.422,22.376,22.376,22.346,22.308,22.262,22.231,22.231,22.239,22.224,22.209,22.201,22.193,22.178,22.170,22.155,22.155,22.147,22.147,22.147,22.155,22.163,22.178,22.186,22.193,22.201,22.209,22.209,22.209,22.209,22.201,22.201,22.193,22.186,22.178,22.178,22.170,22.163,22.170,22.178,22.186,22.193,22.186,22.186,22.186,22.186,22.193,22.201,22.209,22.216,22.216,22.224,22.224,22.216,22.216,22.209,22.201,22.193,22.186,22.186,22.178,22.163,22.163,22.155,22.147,22.132,22.117,22.109,22.094,22.079,22.063,22.048,22.033,22.010,21.995,21.979,21.949,21.918,21.880,21.826,21.788,21.750,21.727,21.704,21.665,21.642,21.635,21.612,21.589,21.550,21.497,21.450,21.420,21.404,21.389,21.366,21.351,21.351,21.358,21.358,21.366,21.381,21.404,21.427,21.458,21.489,21.504,21.512,21.520,21.543,21.573,21.604,21.642,21.673,21.688,21.688,21.696,21.696,21.704,21.711,21.719,21.719,21.719,21.711,21.711,21.704,21.704,21.696,21.688,21.681,21.673,21.673,21.665,21.650,21.650,21.642,21.635,21.627,21.619,21.612,21.604,21.589,21.573,21.566,21.558,21.543,21.527,21.520,21.512,21.504,21.489,21.474,21.466,21.458,21.450,21.443,21.435,21.427,21.412,21.389,21.381,21.374,21.374,21.374,21.381,21.389,21.381,21.381,21.374,21.366,21.358,21.343,21.335,21.327,21.312,21.312,21.304,21.304,21.304,21.312,21.320,21.327,21.327,21.335,21.343,21.351,21.358,21.366,21.381,21.389,21.412,21.427,21.443,21.458,21.474,21.481,21.489,21.504,21.512,21.520,21.520,21.520,21.520,21.527
,23.437,23.422,23.361,23.309,23.263,23.233,23.226,23.226,23.203,23.173,23.142,23.135,23.135,23.120,23.112,23.097,23.089,23.074,23.059,23.037,23.021,23.006,22.984,22.961,22.946,22.923,22.900,22.885,22.870,22.862,22.855,22.855,22.855,22.840,22.824,22.802,22.779,22.764,22.771,22.779,22.794,22.802,22.794,22.794,22.779,22.771,22.764,22.764,22.756,22.741,22.718,22.703,22.696,22.680,22.665,22.642,22.620,22.620,22.673,22.711,22.749,22.779,22.817,22.885,22.946,23.006,23.052,23.105,23.173,23.263,23.369,23.489,23.663,23.888,24.203,24.576,25.037,25.607,26.327,27.065,27.696,28.172,28.438,28.632,28.782,28.890,28.932,28.961,29.018,29.111,29.225,29.311,29.353,29.382,29.432,29.496,29.560,29.631,29.688,29.744,29.787,29.815,29.822,29.851,29.893,29.936,29.978,30.021,30.035,30.035,30.049,30.106,30.162,30.204,30.247,30.296,30.339,30.381,30.388,30.402,30.423,30.444,30.451,30.451,30.444,30.430,30.423,30.416,30.402,30.381,30.360,30.339,30.324,30.303,30.289,30.282,30.268,30.254,30.233,30.226,30.212,30.197,30.183,30.169,30.162,30.155,30.155,30.169,30.183,30.197,30.204,30.219,30.226,30.226,30.219,30.197,30.176,30.169,30.169,30.169,30.169,30.162,30.162,30.162,30.155,30.155,30.148,30.141,30.134,30.134,30.127,30.127,30.127,30.127,30.141,30.141,30.141,30.141,30.155,30.197,30.219,30.204,30.176,30.155,30.134,30.113,30.091,30.049,30.021,30.006,30.021,30.028,30.021,29.999,29.957,29.929,29.900,29.879,29.858,29.829,29.801,29.773,29.758,29.758,29.773,29.801,29.851,29.844,29.822,29.794,29.773,29.773,29.751,29.716,29.680,29.652,29.638,29.624,29.553,29.460,29.360,29.254,29.147,29.018,28.882,28.732,28.560,28.323,28.013,27.638,27.232,26.802,26.305,25.747,25.200,24.807,24.471,24.195,24.143,24.015,23.910,23.843,23.880,23.858,23.790,23.715,23.678,23.663,23.648,23.625,23.595,23.542,23.474,23.407,23.346,23.301,23.256,23.203,23.142,23.089,23.044,22.999,22.961,22.931,22.900,22.870,22.824,22.794,22.764,22.749,22.696,22.627,22.589,22.574,22.544,22.483,22.422,22.376,22.376,22.353,22.315,22.270,22.239,22.239,22.247,22.239,22.216,22.209,22.193,22.186,22.170,22.155,22.147,22.140,22.140,22.147,22.155,22.170,22.186,22.193,22.201,22.209,22.216,22.216,22.216,22.216,22.209,22.201,22.193,22.186,22.186,22.178,22.170,22.170,22.178,22.186,22.193,22.201,22.193,22.193,22.193,22.193,22.201,22.209,22.209,22.216,22.216,22.224,22.216,22.216,22.216,22.209,22.209,22.201,22.193,22.186,22.178,22.163,22.163,22.155,22.147,22.132,22.125,22.117,22.102,22.086,22.071,22.056,22.041,22.018,22.002,21.979,21.949,21.918,21.880,21.826,21.788,21.750,21.727,21.704,21.673,21.650,21.642,21.619,21.589,21.558,21.512,21.466,21.435,21.420,21.397,21.374,21.351,21.343,21.335,21.343,21.351,21.366,21.397,21.420,21.450,21.489,21.504,21.504,21.512,21.535,21.573,21.604,21.642,21.673,21.696,21.696,21.696,21.704,21.711,21.719,21.719,21.719,21.719,21.719,21.711,21.704,21.704,21.696,21.696,21.688,21.681,21.673,21.665,21.650,21.650,21.642,21.642,21.635,21.619,21.612,21.604,21.589,21.573,21.566,21.558,21.543,21.527,21.520,21.504,21.497,21.481,21.474,21.466,21.458,21.450,21.443,21.435,21.427,21.412,21.397,21.381,21.374,21.366,21.366,21.366,21.366,21.366,21.366,21.366,21.366,21.351,21.343,21.335,21.320,21.320,21.312,21.312,21.312,21.312,21.320,21.327,21.335,21.335,21.335,21.343,21.351,21.351,21.366,21.374,21.389,21.412,21.427,21.443,21.458,21.474,21.481,21.489,21.504,21.512,21.520,21.527,21.527,21.527,21.527
,23.429,23.407,23.354,23.301,23.256,23.233,23.226,23.218,23.203,23.173,23.142,23.135,23.127,23.120,23.112,23.097,23.082,23.067,23.052,23.037,23.021,22.999,22.976,22.961,22.946,22.923,22.900,22.885,22.870,22.855,22.847,22.847,22.847,22.840,22.817,22.794,22.771,22.764,22.764,22.779,22.787,22.787,22.787,22.787,22.779,22.764,22.764,22.756,22.749,22.733,22.711,22.696,22.680,22.673,22.658,22.635,22.612,22.604,22.658,22.703,22.733,22.764,22.809,22.870,22.931,22.999,23.044,23.082,23.150,23.241,23.346,23.452,23.610,23.828,24.150,24.531,24.977,25.518,26.239,26.985,27.631,28.136,28.402,28.603,28.761,28.882,28.925,28.954,29.004,29.090,29.204,29.289,29.346,29.375,29.417,29.481,29.553,29.624,29.688,29.737,29.780,29.815,29.822,29.858,29.893,29.936,29.978,30.014,30.035,30.035,30.042,30.098,30.155,30.204,30.247,30.282,30.324,30.367,30.374,30.388,30.409,30.430,30.437,30.437,30.423,30.416,30.402,30.395,30.381,30.367,30.346,30.324,30.303,30.282,30.268,30.268,30.254,30.240,30.226,30.212,30.197,30.183,30.169,30.155,30.148,30.141,30.148,30.162,30.169,30.183,30.190,30.197,30.212,30.212,30.197,30.162,30.134,30.127,30.127,30.127,30.127,30.120,30.120,30.113,30.113,30.113,30.113,30.106,30.106,30.106,30.106,30.098,30.098,30.091,30.091,30.084,30.077,30.084,30.091,30.141,30.169,30.169,30.162,30.148,30.141,30.127,30.113,30.091,30.070,30.049,30.049,30.070,30.070,30.035,29.978,29.936,29.900,29.879,29.872,29.844,29.808,29.766,29.758,29.758,29.780,29.808,29.865,29.865,29.844,29.815,29.794,29.787,29.773,29.737,29.709,29.688,29.673,29.652,29.581,29.489,29.389,29.282,29.175,29.040,28.918,28.782,28.610,28.388,28.093,27.725,27.319,26.912,26.415,25.850,25.274,24.866,24.494,24.188,24.105,23.993,23.880,23.805,23.850,23.835,23.790,23.730,23.685,23.670,23.663,23.648,23.625,23.572,23.512,23.444,23.369,23.324,23.278,23.233,23.180,23.120,23.067,23.021,22.976,22.946,22.915,22.885,22.840,22.802,22.779,22.756,22.703,22.627,22.589,22.574,22.551,22.490,22.429,22.376,22.376,22.353,22.323,22.277,22.239,22.254,22.254,22.247,22.224,22.216,22.201,22.186,22.170,22.155,22.147,22.140,22.140,22.147,22.155,22.170,22.186,22.201,22.209,22.224,22.224,22.231,22.224,22.224,22.216,22.209,22.201,22.186,22.186,22.178,22.178,22.178,22.178,22.186,22.193,22.209,22.209,22.201,22.201,22.201,22.209,22.209,22.216,22.224,22.224,22.224,22.216,22.216,22.216,22.216,22.209,22.201,22.193,22.186,22.178,22.163,22.163,22.155,22.147,22.140,22.132,22.117,22.109,22.094,22.079,22.063,22.048,22.025,22.010,21.987,21.956,21.918,21.880,21.834,21.796,21.757,21.734,21.711,21.688,21.658,21.642,21.619,21.589,21.550,21.512,21.466,21.435,21.420,21.404,21.366,21.343,21.327,21.320,21.327,21.335,21.358,21.389,21.412,21.450,21.481,21.497,21.497,21.512,21.527,21.573,21.612,21.650,21.681,21.696,21.704,21.704,21.704,21.711,21.719,21.719,21.719,21.719,21.719,21.711,21.711,21.711,21.704,21.696,21.688,21.681,21.673,21.665,21.650,21.650,21.650,21.642,21.635,21.627,21.612,21.604,21.589,21.581,21.566,21.558,21.543,21.527,21.512,21.504,21.497,21.481,21.474,21.466,21.458,21.450,21.450,21.443,21.427,21.412,21.397,21.389,21.374,21.366,21.358,21.351,21.351,21.351,21.351,21.351,21.351,21.343,21.343,21.335,21.327,21.320,21.320,21.320,21.320,21.327,21.327,21.335,21.343,21.343,21.343,21.343,21.351,21.351,21.358,21.374,21.389,21.404,21.420,21.443,21.458,21.474,21.481,21.489,21.504,21.512,21.520,21.527,21.535,21.535,21.535
,23.429,23.414,23.361,23.301,23.263,23.233,23.233,23.218,23.203,23.180,23.142,23.127,23.120,23.112,23.105,23.089,23.082,23.059,23.044,23.029,23.006,22.984,22.961,22.953,22.931,22.908,22.893,22.878,22.862,22.847,22.840,22.840,22.832,22.824,22.809,22.787,22.771,22.764,22.764,22.764,22.771,22.779,22.779,22.779,22.771,22.764,22.756,22.749,22.741,22.718,22.696,22.680,22.665,22.658,22.642,22.627,22.604,22.597,22.650,22.696,22.733,22.764,22.802,22.862,22.931,22.999,23.044,23.082,23.150,23.241,23.339,23.452,23.595,23.813,24.113,24.479,24.911,25.429,26.144,26.875,27.522,28.042,28.366,28.567,28.718,28.839,28.911,28.940,28.990,29.068,29.175,29.275,29.339,29.368,29.410,29.474,29.553,29.624,29.688,29.744,29.787,29.815,29.829,29.865,29.900,29.936,29.978,30.014,30.035,30.035,30.042,30.098,30.155,30.204,30.247,30.282,30.317,30.353,30.367,30.381,30.402,30.423,30.423,30.416,30.409,30.402,30.388,30.381,30.360,30.346,30.324,30.303,30.282,30.268,30.254,30.247,30.240,30.226,30.212,30.204,30.190,30.169,30.155,30.148,30.141,30.141,30.141,30.148,30.162,30.169,30.176,30.183,30.190,30.197,30.183,30.169,30.155,30.148,30.148,30.148,30.148,30.141,30.134,30.134,30.134,30.134,30.120,30.120,30.113,30.113,30.106,30.113,30.113,30.113,30.120,30.120,30.120,30.120,30.127,30.148,30.162,30.162,30.162,30.155,30.148,30.141,30.127,30.113,30.091,30.070,30.063,30.084,30.077,30.049,29.978,29.936,29.900,29.879,29.879,29.851,29.808,29.773,29.766,29.773,29.787,29.822,29.879,29.879,29.858,29.829,29.815,29.808,29.794,29.766,29.737,29.723,29.709,29.680,29.609,29.510,29.410,29.304,29.197,29.068,28.947,28.818,28.675,28.460,28.172,27.819,27.421,27.021,26.532,25.953,25.341,24.911,24.516,24.173,24.075,23.963,23.858,23.783,23.820,23.820,23.783,23.730,23.693,23.678,23.670,23.670,23.655,23.610,23.542,23.467,23.399,23.354,23.316,23.271,23.218,23.158,23.105,23.059,23.006,22.968,22.938,22.908,22.847,22.817,22.787,22.756,22.711,22.635,22.582,22.566,22.551,22.498,22.429,22.376,22.376,22.361,22.323,22.285,22.247,22.254,22.262,22.254,22.239,22.224,22.216,22.201,22.186,22.163,22.155,22.140,22.140,22.147,22.163,22.178,22.186,22.201,22.209,22.224,22.231,22.231,22.231,22.224,22.224,22.209,22.201,22.193,22.186,22.178,22.178,22.178,22.178,22.193,22.201,22.209,22.209,22.201,22.201,22.209,22.209,22.216,22.216,22.224,22.224,22.224,22.216,22.216,22.216,22.216,22.209,22.201,22.201,22.186,22.178,22.163,22.163,22.155,22.155,22.140,22.140,22.125,22.109,22.094,22.086,22.071,22.048,22.033,22.018,21.995,21.964,21.926,21.888,21.849,21.811,21.773,21.750,21.719,21.688,21.658,21.635,21.612,21.581,21.543,21.504,21.458,21.427,21.404,21.381,21.358,21.327,21.312,21.304,21.312,21.320,21.343,21.374,21.404,21.435,21.474,21.489,21.497,21.504,21.527,21.573,21.612,21.650,21.681,21.696,21.704,21.704,21.704,21.711,21.719,21.719,21.719,21.719,21.719,21.719,21.711,21.711,21.704,21.696,21.681,21.681,21.665,21.658,21.650,21.650,21.650,21.642,21.635,21.635,21.619,21.612,21.596,21.589,21.573,21.566,21.550,21.535,21.527,21.520,21.504,21.497,21.489,21.481,21.466,21.458,21.450,21.443,21.427,21.412,21.404,21.389,21.374,21.366,21.351,21.343,21.343,21.335,21.335,21.343,21.343,21.335,21.335,21.335,21.327,21.327,21.320,21.320,21.327,21.327,21.335,21.343,21.343,21.343,21.343,21.343,21.351,21.351,21.358,21.374,21.389,21.404,21.420,21.435,21.458,21.466,21.481,21.489,21.504,21.512,21.520,21.527,21.535,21.535,21.535
,23.429,23.414,23.361,23.301,23.263,23.233,23.226,23.218,23.203,23.173,23.142,23.127,23.120,23.112,23.097,23.089,23.074,23.052,23.037,23.014,22.999,22.976,22.953,22.938,22.923,22.908,22.885,22.870,22.862,22.847,22.832,22.832,22.824,22.817,22.802,22.787,22.771,22.764,22.764,22.764,22.764,22.771,22.771,22.771,22.764,22.756,22.749,22.741,22.733,22.711,22.688,22.673,22.658,22.650,22.635,22.620,22.604,22.597,22.642,22.680,22.718,22.756,22.787,22.847,22.915,22.984,23.037,23.074,23.135,23.218,23.324,23.422,23.557,23.760,24.053,24.412,24.836,25.341,26.034,26.766,27.428,27.970,28.330,28.546,28.703,28.818,28.904,28.932,28.975,29.040,29.147,29.254,29.325,29.360,29.396,29.467,29.545,29.624,29.688,29.744,29.787,29.822,29.836,29.872,29.907,29.943,29.971,30.014,30.035,30.035,30.042,30.098,30.155,30.204,30.240,30.275,30.310,30.339,30.346,30.367,30.388,30.409,30.409,30.409,30.402,30.388,30.381,30.367,30.353,30.332,30.310,30.296,30.282,30.261,30.247,30.240,30.233,30.226,30.212,30.197,30.190,30.176,30.162,30.155,30.141,30.141,30.141,30.148,30.155,30.162,30.169,30.176,30.183,30.190,30.183,30.176,30.169,30.162,30.155,30.155,30.155,30.148,30.148,30.148,30.148,30.148,30.141,30.134,30.127,30.127,30.120,30.120,30.127,30.134,30.141,30.141,30.148,30.148,30.155,30.162,30.169,30.169,30.162,30.162,30.155,30.148,30.141,30.127,30.106,30.084,30.070,30.084,30.077,30.049,29.978,29.936,29.900,29.879,29.872,29.844,29.808,29.780,29.787,29.794,29.801,29.815,29.858,29.865,29.858,29.844,29.836,29.829,29.815,29.801,29.773,29.751,29.737,29.709,29.631,29.538,29.432,29.332,29.211,29.082,28.961,28.847,28.711,28.503,28.222,27.891,27.493,27.086,26.598,26.019,25.385,24.933,24.516,24.158,24.045,23.940,23.835,23.760,23.798,23.798,23.775,23.738,23.693,23.685,23.678,23.685,23.678,23.632,23.565,23.497,23.429,23.384,23.346,23.316,23.256,23.203,23.142,23.082,23.029,22.991,22.953,22.923,22.862,22.824,22.794,22.764,22.711,22.635,22.582,22.566,22.551,22.498,22.437,22.376,22.376,22.361,22.330,22.285,22.247,22.262,22.270,22.262,22.247,22.231,22.224,22.209,22.193,22.178,22.163,22.155,22.147,22.155,22.163,22.178,22.186,22.201,22.216,22.224,22.231,22.239,22.231,22.224,22.224,22.209,22.201,22.193,22.186,22.186,22.186,22.186,22.186,22.186,22.193,22.209,22.209,22.209,22.209,22.209,22.216,22.224,22.224,22.224,22.224,22.224,22.216,22.216,22.216,22.216,22.209,22.209,22.201,22.186,22.178,22.163,22.163,22.163,22.155,22.147,22.140,22.125,22.117,22.102,22.086,22.071,22.056,22.041,22.025,22.002,21.972,21.941,21.903,21.865,21.826,21.780,21.757,21.727,21.696,21.665,21.635,21.604,21.573,21.543,21.497,21.458,21.420,21.397,21.374,21.351,21.320,21.304,21.297,21.304,21.312,21.343,21.366,21.397,21.435,21.474,21.489,21.497,21.512,21.535,21.581,21.619,21.650,21.681,21.696,21.704,21.704,21.704,21.711,21.719,21.727,21.727,21.727,21.727,21.727,21.719,21.711,21.704,21.696,21.681,21.681,21.673,21.665,21.650,21.650,21.650,21.650,21.642,21.635,21.627,21.612,21.604,21.589,21.581,21.566,21.558,21.543,21.535,21.527,21.520,21.504,21.497,21.481,21.474,21.458,21.450,21.443,21.427,21.412,21.404,21.397,21.381,21.366,21.351,21.343,21.327,21.320,21.320,21.327,21.327,21.320,21.327,21.327,21.327,21.327,21.327,21.327,21.327,21.335,21.343,21.351,21.351,21.351,21.351,21.343,21.351,21.351,21.366,21.374,21.389,21.404,21.420,21.435,21.450,21.466,21.474,21.489,21.504,21.512,21.527,21.527,21.535,21.535,21.543
,23.414,23.407,23.354,23.301,23.256,23.226,23.210,23.203,23.188,23.158,23.127,23.120,23.105,23.105,23.089,23.082,23.067,23.044,23.021,23.006,22.984,22.961,22.938,22.931,22.915,22.900,22.885,22.870,22.855,22.840,22.824,22.824,22.817,22.802,22.787,22.779,22.771,22.764,22.764,22.756,22.756,22.764,22.764,22.764,22.756,22.756,22.741,22.733,22.726,22.703,22.680,22.658,22.642,22.635,22.627,22.612,22.604,22.597,22.642,22.680,22.718,22.749,22.787,22.840,22.908,22.976,23.029,23.067,23.120,23.195,23.301,23.384,23.512,23.693,23.978,24.330,24.740,25.237,25.923,26.671,27.348,27.920,28.294,28.531,28.696,28.811,28.897,28.932,28.968,29.025,29.118,29.232,29.311,29.353,29.389,29.467,29.545,29.624,29.688,29.744,29.794,29.822,29.836,29.872,29.914,29.950,29.971,30.006,30.035,30.042,30.042,30.091,30.148,30.197,30.233,30.261,30.296,30.324,30.332,30.353,30.374,30.388,30.395,30.395,30.388,30.374,30.374,30.360,30.339,30.317,30.303,30.289,30.275,30.261,30.247,30.240,30.233,30.226,30.219,30.204,30.197,30.183,30.176,30.162,30.155,30.148,30.155,30.155,30.162,30.169,30.176,30.176,30.183,30.190,30.183,30.176,30.176,30.169,30.162,30.162,30.155,30.155,30.155,30.155,30.155,30.155,30.148,30.148,30.141,30.134,30.127,30.134,30.134,30.141,30.148,30.155,30.162,30.169,30.169,30.176,30.176,30.176,30.169,30.169,30.169,30.155,30.148,30.141,30.120,30.091,30.084,30.084,30.070,30.042,29.978,29.929,29.900,29.879,29.865,29.836,29.808,29.780,29.808,29.815,29.815,29.815,29.844,29.865,29.865,29.858,29.851,29.851,29.851,29.836,29.808,29.794,29.773,29.744,29.666,29.567,29.467,29.360,29.225,29.090,28.975,28.875,28.739,28.531,28.266,27.949,27.551,27.145,26.656,26.070,25.422,24.955,24.524,24.135,24.008,23.910,23.813,23.738,23.775,23.775,23.760,23.730,23.693,23.685,23.685,23.693,23.685,23.640,23.580,23.512,23.444,23.407,23.369,23.339,23.286,23.226,23.165,23.105,23.037,22.999,22.961,22.923,22.870,22.832,22.794,22.771,22.718,22.642,22.589,22.566,22.559,22.513,22.445,22.384,22.376,22.369,22.338,22.292,22.247,22.262,22.270,22.270,22.247,22.239,22.231,22.224,22.209,22.186,22.178,22.163,22.155,22.163,22.163,22.178,22.186,22.201,22.216,22.231,22.231,22.239,22.231,22.224,22.224,22.209,22.201,22.193,22.186,22.178,22.178,22.178,22.178,22.186,22.193,22.201,22.201,22.209,22.209,22.216,22.224,22.231,22.231,22.231,22.231,22.224,22.216,22.216,22.216,22.216,22.216,22.209,22.201,22.193,22.178,22.170,22.163,22.163,22.163,22.155,22.140,22.132,22.117,22.102,22.086,22.079,22.063,22.048,22.025,22.002,21.979,21.949,21.918,21.880,21.834,21.796,21.765,21.734,21.704,21.665,21.635,21.604,21.573,21.543,21.497,21.450,21.420,21.389,21.374,21.343,21.320,21.297,21.297,21.297,21.312,21.335,21.366,21.397,21.435,21.474,21.489,21.497,21.512,21.535,21.581,21.619,21.658,21.688,21.704,21.704,21.704,21.711,21.719,21.727,21.727,21.727,21.734,21.734,21.734,21.727,21.719,21.711,21.696,21.688,21.681,21.673,21.665,21.658,21.658,21.658,21.658,21.650,21.642,21.635,21.627,21.612,21.604,21.589,21.573,21.566,21.550,21.550,21.543,21.527,21.520,21.504,21.497,21.481,21.466,21.458,21.443,21.427,21.420,21.404,21.397,21.389,21.366,21.351,21.335,21.320,21.312,21.312,21.312,21.312,21.312,21.320,21.327,21.335,21.335,21.335,21.335,21.335,21.335,21.343,21.351,21.358,21.358,21.351,21.351,21.351,21.358,21.366,21.374,21.389,21.404,21.412,21.427,21.443,21.458,21.474,21.489,21.504,21.520,21.527,21.535,21.535,21.535,21.543
,23.392,23.376,23.346,23.301,23.248,23.210,23.180,23.165,23.158,23.135,23.120,23.105,23.097,23.089,23.074,23.067,23.052,23.037,23.014,22.991,22.968,22.946,22.931,22.915,22.908,22.893,22.878,22.862,22.855,22.840,22.824,22.817,22.809,22.794,22.787,22.779,22.771,22.764,22.764,22.756,22.756,22.749,22.749,22.749,22.749,22.741,22.726,22.726,22.711,22.696,22.665,22.650,22.635,22.620,22.620,22.612,22.604,22.604,22.650,22.680,22.711,22.741,22.787,22.832,22.893,22.961,23.014,23.052,23.105,23.173,23.278,23.354,23.467,23.640,23.918,24.247,24.643,25.126,25.806,26.561,27.268,27.869,28.251,28.503,28.682,28.804,28.890,28.925,28.961,29.011,29.090,29.204,29.289,29.339,29.382,29.460,29.538,29.617,29.695,29.751,29.794,29.829,29.836,29.879,29.914,29.950,29.978,30.006,30.028,30.042,30.042,30.091,30.141,30.190,30.233,30.254,30.282,30.303,30.310,30.332,30.353,30.367,30.381,30.374,30.367,30.360,30.353,30.339,30.324,30.303,30.289,30.282,30.268,30.254,30.247,30.247,30.240,30.233,30.226,30.219,30.212,30.204,30.190,30.183,30.176,30.169,30.169,30.176,30.176,30.183,30.190,30.190,30.190,30.197,30.190,30.183,30.176,30.169,30.169,30.162,30.162,30.162,30.162,30.162,30.169,30.169,30.162,30.155,30.148,30.148,30.141,30.141,30.141,30.141,30.141,30.148,30.155,30.162,30.169,30.176,30.176,30.183,30.183,30.183,30.176,30.169,30.162,30.155,30.134,30.113,30.091,30.084,30.063,30.035,29.971,29.929,29.900,29.879,29.865,29.836,29.808,29.787,29.822,29.822,29.822,29.822,29.851,29.872,29.879,29.879,29.879,29.879,29.879,29.872,29.851,29.836,29.815,29.787,29.702,29.602,29.503,29.396,29.254,29.111,28.990,28.890,28.761,28.553,28.301,28.006,27.609,27.195,26.700,26.114,25.451,24.985,24.539,24.113,23.970,23.880,23.790,23.715,23.745,23.753,23.745,23.723,23.693,23.678,23.685,23.693,23.693,23.648,23.595,23.520,23.452,23.407,23.376,23.354,23.301,23.233,23.173,23.105,23.044,22.999,22.961,22.923,22.878,22.832,22.802,22.779,22.733,22.658,22.604,22.574,22.574,22.528,22.468,22.399,22.391,22.376,22.346,22.292,22.247,22.262,22.277,22.270,22.254,22.239,22.231,22.224,22.216,22.201,22.186,22.178,22.170,22.170,22.170,22.178,22.186,22.201,22.216,22.231,22.231,22.231,22.231,22.224,22.224,22.209,22.201,22.186,22.186,22.178,22.170,22.170,22.178,22.186,22.193,22.193,22.201,22.209,22.216,22.224,22.224,22.231,22.239,22.239,22.239,22.224,22.216,22.216,22.216,22.216,22.216,22.209,22.209,22.193,22.186,22.170,22.170,22.170,22.163,22.155,22.147,22.132,22.125,22.102,22.094,22.079,22.071,22.048,22.033,22.010,21.987,21.964,21.926,21.880,21.842,21.803,21.773,21.750,21.711,21.673,21.635,21.612,21.573,21.543,21.504,21.458,21.420,21.389,21.374,21.343,21.320,21.297,21.297,21.297,21.312,21.335,21.366,21.397,21.435,21.466,21.489,21.497,21.512,21.535,21.581,21.619,21.658,21.688,21.704,21.704,21.704,21.711,21.719,21.727,21.734,21.734,21.742,21.742,21.742,21.742,21.727,21.711,21.704,21.688,21.681,21.673,21.665,21.658,21.658,21.658,21.658,21.658,21.650,21.642,21.635,21.619,21.612,21.596,21.589,21.573,21.566,21.558,21.550,21.535,21.527,21.512,21.504,21.489,21.474,21.458,21.443,21.427,21.420,21.412,21.404,21.389,21.374,21.358,21.343,21.320,21.312,21.304,21.297,21.304,21.304,21.320,21.327,21.335,21.335,21.335,21.335,21.343,21.343,21.343,21.351,21.358,21.358,21.358,21.358,21.358,21.366,21.366,21.381,21.397,21.397,21.404,21.420,21.435,21.450,21.466,21.489,21.504,21.520,21.527,21.535,21.543,21.543,21.543
,23.376,23.361,23.331,23.286,23.241,23.195,23.165,23.150,23.135,23.120,23.097,23.089,23.082,23.074,23.059,23.052,23.037,23.014,22.999,22.976,22.953,22.931,22.923,22.908,22.900,22.885,22.878,22.862,22.855,22.840,22.824,22.809,22.802,22.787,22.779,22.779,22.771,22.764,22.764,22.756,22.756,22.749,22.749,22.741,22.733,22.726,22.718,22.711,22.696,22.680,22.658,22.642,22.627,22.620,22.620,22.612,22.620,22.627,22.650,22.680,22.711,22.741,22.779,22.824,22.885,22.953,23.006,23.044,23.097,23.173,23.271,23.354,23.467,23.632,23.888,24.210,24.583,25.044,25.688,26.422,27.130,27.754,28.215,28.467,28.639,28.768,28.875,28.918,28.947,28.997,29.061,29.182,29.275,29.339,29.382,29.446,29.531,29.617,29.695,29.751,29.801,29.836,29.836,29.879,29.914,29.950,29.978,30.006,30.028,30.042,30.042,30.084,30.134,30.190,30.226,30.247,30.275,30.296,30.303,30.324,30.346,30.360,30.360,30.353,30.353,30.346,30.332,30.324,30.310,30.289,30.282,30.268,30.261,30.254,30.254,30.247,30.247,30.240,30.240,30.240,30.233,30.233,30.219,30.212,30.197,30.190,30.190,30.197,30.204,30.204,30.204,30.204,30.204,30.197,30.197,30.190,30.183,30.169,30.169,30.162,30.162,30.162,30.162,30.169,30.169,30.169,30.169,30.169,30.162,30.155,30.148,30.148,30.141,30.141,30.141,30.141,30.141,30.148,30.162,30.169,30.176,30.183,30.190,30.190,30.190,30.183,30.176,30.169,30.155,30.134,30.113,30.091,30.070,30.049,29.971,29.929,29.900,29.879,29.865,29.836,29.808,29.794,29.829,29.844,29.844,29.844,29.879,29.900,29.907,29.914,29.914,29.922,29.914,29.907,29.886,29.872,29.858,29.829,29.744,29.652,29.553,29.446,29.304,29.154,29.025,28.925,28.797,28.582,28.323,28.028,27.652,27.239,26.737,26.151,25.496,25.022,24.561,24.120,23.933,23.843,23.760,23.693,23.715,23.723,23.723,23.708,23.678,23.670,23.678,23.693,23.685,23.648,23.587,23.520,23.459,23.414,23.384,23.354,23.309,23.241,23.180,23.112,23.044,22.999,22.961,22.923,22.878,22.840,22.809,22.787,22.749,22.673,22.612,22.582,22.589,22.559,22.483,22.399,22.399,22.384,22.353,22.300,22.239,22.262,22.277,22.277,22.262,22.247,22.239,22.231,22.224,22.209,22.193,22.186,22.178,22.170,22.170,22.178,22.186,22.201,22.209,22.224,22.231,22.231,22.231,22.224,22.224,22.209,22.193,22.186,22.178,22.178,22.170,22.170,22.170,22.170,22.178,22.186,22.193,22.209,22.216,22.224,22.231,22.239,22.239,22.239,22.239,22.224,22.216,22.216,22.216,22.216,22.216,22.216,22.209,22.193,22.186,22.170,22.170,22.170,22.170,22.163,22.155,22.140,22.125,22.109,22.102,22.094,22.079,22.056,22.025,22.010,21.987,21.972,21.926,21.888,21.849,21.811,21.780,21.750,21.719,21.681,21.642,21.612,21.581,21.550,21.512,21.466,21.427,21.404,21.381,21.351,21.320,21.297,21.297,21.304,21.320,21.335,21.366,21.397,21.427,21.466,21.481,21.489,21.504,21.535,21.581,21.619,21.658,21.688,21.704,21.704,21.704,21.711,21.719,21.734,21.742,21.742,21.750,21.757,21.757,21.750,21.742,21.719,21.711,21.696,21.688,21.681,21.673,21.658,21.658,21.658,21.658,21.658,21.658,21.650,21.642,21.627,21.612,21.604,21.589,21.573,21.573,21.566,21.558,21.543,21.535,21.527,21.512,21.497,21.481,21.466,21.450,21.427,21.420,21.412,21.404,21.389,21.374,21.358,21.343,21.327,21.312,21.297,21.297,21.297,21.304,21.312,21.320,21.335,21.335,21.335,21.335,21.343,21.343,21.343,21.351,21.358,21.358,21.358,21.358,21.366,21.366,21.374,21.381,21.389,21.397,21.404,21.412,21.427,21.450,21.466,21.481,21.504,21.520,21.535,21.543,21.543,21.543,21.543
,23.369,23.354,23.331,23.286,23.233,23.188,23.158,23.142,23.127,23.105,23.089,23.074,23.067,23.052,23.044,23.029,23.021,23.006,22.984,22.968,22.946,22.931,22.915,22.908,22.900,22.885,22.878,22.870,22.855,22.840,22.824,22.809,22.794,22.779,22.771,22.771,22.771,22.764,22.764,22.764,22.756,22.749,22.749,22.733,22.726,22.711,22.703,22.696,22.688,22.673,22.650,22.635,22.627,22.620,22.620,22.620,22.620,22.635,22.642,22.673,22.703,22.741,22.771,22.809,22.870,22.938,22.999,23.037,23.089,23.165,23.263,23.346,23.459,23.610,23.843,24.158,24.524,24.963,25.584,26.312,27.028,27.667,28.150,28.424,28.610,28.746,28.854,28.911,28.947,28.982,29.047,29.168,29.268,29.332,29.375,29.446,29.531,29.617,29.695,29.758,29.808,29.836,29.836,29.872,29.914,29.957,29.978,30.006,30.028,30.042,30.042,30.084,30.134,30.183,30.219,30.240,30.268,30.296,30.303,30.324,30.339,30.353,30.346,30.346,30.339,30.324,30.317,30.310,30.296,30.289,30.275,30.268,30.261,30.254,30.254,30.254,30.254,30.254,30.254,30.261,30.254,30.254,30.247,30.233,30.219,30.219,30.219,30.226,30.233,30.233,30.233,30.226,30.219,30.212,30.212,30.204,30.197,30.190,30.183,30.176,30.176,30.176,30.183,30.190,30.190,30.197,30.190,30.183,30.183,30.176,30.169,30.162,30.162,30.155,30.148,30.141,30.141,30.148,30.155,30.169,30.176,30.183,30.197,30.197,30.197,30.197,30.190,30.190,30.183,30.155,30.134,30.098,30.077,30.056,29.978,29.936,29.900,29.879,29.865,29.836,29.808,29.794,29.844,29.865,29.872,29.879,29.900,29.929,29.943,29.950,29.957,29.964,29.957,29.943,29.922,29.907,29.893,29.865,29.787,29.688,29.595,29.496,29.353,29.197,29.068,28.968,28.839,28.610,28.345,28.057,27.696,27.283,26.780,26.180,25.525,25.052,24.583,24.120,23.888,23.798,23.730,23.670,23.670,23.685,23.685,23.685,23.663,23.655,23.663,23.678,23.670,23.632,23.580,23.520,23.459,23.422,23.392,23.361,23.316,23.256,23.188,23.127,23.052,23.006,22.961,22.923,22.878,22.840,22.809,22.787,22.749,22.680,22.620,22.582,22.589,22.566,22.490,22.407,22.399,22.384,22.353,22.308,22.247,22.270,22.292,22.285,22.270,22.254,22.247,22.231,22.224,22.209,22.201,22.193,22.178,22.170,22.170,22.170,22.186,22.193,22.209,22.216,22.224,22.231,22.231,22.224,22.216,22.201,22.193,22.178,22.170,22.163,22.163,22.163,22.163,22.163,22.170,22.178,22.193,22.201,22.216,22.224,22.231,22.239,22.247,22.239,22.239,22.224,22.216,22.216,22.216,22.216,22.224,22.216,22.209,22.193,22.186,22.178,22.178,22.178,22.178,22.170,22.155,22.140,22.125,22.109,22.102,22.094,22.079,22.056,22.025,22.010,21.995,21.972,21.941,21.895,21.857,21.819,21.788,21.765,21.734,21.696,21.658,21.619,21.589,21.558,21.520,21.481,21.443,21.412,21.381,21.351,21.327,21.312,21.297,21.304,21.320,21.343,21.366,21.397,21.427,21.458,21.481,21.489,21.504,21.535,21.581,21.619,21.658,21.688,21.704,21.711,21.711,21.711,21.727,21.734,21.742,21.750,21.757,21.765,21.765,21.757,21.742,21.727,21.711,21.696,21.688,21.681,21.673,21.665,21.665,21.665,21.665,21.658,21.658,21.650,21.642,21.627,21.612,21.604,21.596,21.581,21.573,21.566,21.558,21.550,21.535,21.535,21.520,21.504,21.489,21.466,21.450,21.435,21.420,21.412,21.404,21.389,21.374,21.366,21.351,21.335,21.320,21.304,21.297,21.297,21.297,21.312,21.320,21.327,21.335,21.335,21.335,21.343,21.343,21.343,21.351,21.351,21.351,21.358,21.366,21.366,21.374,21.374,21.381,21.389,21.397,21.404,21.412,21.427,21.443,21.466,21.481,21.504,21.520,21.535,21.543,21.550,21.550,21.550
,23.361,23.346,23.316,23.278,23.233,23.180,23.150,23.135,23.120,23.097,23.074,23.067,23.052,23.037,23.029,23.014,23.006,22.991,22.968,22.953,22.938,22.923,22.908,22.908,22.893,22.885,22.878,22.870,22.855,22.840,22.824,22.809,22.794,22.779,22.771,22.771,22.771,22.764,22.764,22.764,22.756,22.749,22.741,22.733,22.718,22.696,22.688,22.680,22.673,22.658,22.642,22.635,22.620,22.612,22.612,22.612,22.620,22.627,22.635,22.665,22.696,22.733,22.764,22.802,22.855,22.923,22.991,23.037,23.082,23.142,23.248,23.331,23.429,23.565,23.783,24.090,24.449,24.881,25.481,26.210,26.934,27.602,28.093,28.381,28.589,28.732,28.839,28.904,28.947,28.975,29.032,29.161,29.261,29.332,29.382,29.446,29.531,29.624,29.695,29.758,29.808,29.836,29.836,29.872,29.914,29.957,29.978,30.006,30.035,30.049,30.049,30.084,30.134,30.183,30.212,30.233,30.261,30.289,30.303,30.324,30.339,30.346,30.339,30.332,30.317,30.310,30.310,30.296,30.289,30.282,30.268,30.261,30.261,30.254,30.254,30.261,30.261,30.261,30.268,30.275,30.282,30.282,30.275,30.261,30.254,30.247,30.254,30.261,30.268,30.268,30.261,30.254,30.247,30.240,30.233,30.226,30.219,30.212,30.212,30.204,30.197,30.204,30.204,30.212,30.219,30.219,30.212,30.204,30.197,30.197,30.190,30.183,30.176,30.169,30.162,30.148,30.141,30.148,30.148,30.162,30.176,30.190,30.204,30.204,30.204,30.204,30.204,30.204,30.197,30.176,30.155,30.106,30.084,30.063,29.985,29.936,29.907,29.879,29.865,29.836,29.808,29.794,29.851,29.879,29.893,29.907,29.929,29.957,29.978,29.985,29.999,30.006,29.999,29.978,29.957,29.950,29.936,29.907,29.822,29.730,29.638,29.538,29.403,29.247,29.111,29.011,28.882,28.646,28.373,28.086,27.746,27.326,26.817,26.217,25.548,25.074,24.598,24.113,23.843,23.753,23.693,23.648,23.640,23.648,23.655,23.655,23.640,23.640,23.640,23.648,23.640,23.602,23.557,23.505,23.459,23.422,23.392,23.361,23.324,23.263,23.203,23.135,23.067,23.014,22.961,22.915,22.870,22.832,22.809,22.779,22.749,22.680,22.612,22.574,22.589,22.559,22.498,22.414,22.391,22.384,22.361,22.315,22.277,22.292,22.300,22.285,22.270,22.254,22.239,22.231,22.216,22.209,22.201,22.193,22.178,22.170,22.163,22.163,22.178,22.186,22.201,22.209,22.216,22.224,22.224,22.224,22.216,22.201,22.186,22.170,22.163,22.163,22.155,22.155,22.155,22.155,22.155,22.170,22.186,22.201,22.209,22.224,22.231,22.239,22.239,22.239,22.239,22.224,22.216,22.216,22.216,22.216,22.216,22.216,22.209,22.193,22.186,22.178,22.178,22.178,22.178,22.170,22.163,22.147,22.132,22.117,22.102,22.094,22.086,22.063,22.025,22.010,22.002,21.987,21.949,21.911,21.872,21.834,21.803,21.773,21.742,21.704,21.665,21.635,21.596,21.566,21.527,21.489,21.443,21.412,21.381,21.351,21.327,21.320,21.304,21.312,21.327,21.343,21.366,21.397,21.427,21.458,21.481,21.489,21.504,21.527,21.573,21.619,21.658,21.688,21.704,21.711,21.711,21.711,21.727,21.734,21.742,21.750,21.765,21.773,21.773,21.765,21.757,21.734,21.719,21.704,21.688,21.681,21.673,21.665,21.665,21.673,21.673,21.665,21.658,21.650,21.642,21.635,21.619,21.612,21.596,21.589,21.573,21.573,21.566,21.558,21.543,21.535,21.527,21.512,21.489,21.474,21.458,21.443,21.420,21.412,21.404,21.389,21.381,21.366,21.358,21.343,21.327,21.312,21.304,21.297,21.297,21.312,21.320,21.327,21.327,21.327,21.335,21.343,21.343,21.343,21.343,21.343,21.351,21.358,21.366,21.374,21.374,21.381,21.381,21.381,21.389,21.397,21.404,21.427,21.443,21.458,21.481,21.504,21.520,21.535,21.543,21.558,21.558,21.558
,23.354,23.339,23.309,23.271,23.226,23.180,23.150,23.135,23.112,23.089,23.067,23.052,23.044,23.029,23.014,23.006,22.991,22.976,22.961,22.946,22.931,22.915,22.908,22.900,22.893,22.878,22.870,22.862,22.855,22.840,22.824,22.809,22.787,22.771,22.771,22.771,22.771,22.764,22.764,22.756,22.756,22.741,22.726,22.718,22.703,22.688,22.673,22.665,22.658,22.642,22.627,22.620,22.612,22.604,22.604,22.604,22.612,22.620,22.627,22.650,22.688,22.726,22.756,22.794,22.847,22.915,22.984,23.029,23.074,23.127,23.226,23.309,23.399,23.520,23.730,24.023,24.374,24.799,25.378,26.100,26.839,27.529,28.035,28.352,28.567,28.725,28.832,28.897,28.947,28.975,29.025,29.154,29.261,29.339,29.382,29.453,29.531,29.624,29.702,29.766,29.815,29.836,29.836,29.872,29.914,29.964,29.985,30.014,30.035,30.049,30.056,30.084,30.127,30.176,30.212,30.226,30.247,30.275,30.296,30.310,30.324,30.332,30.317,30.310,30.303,30.296,30.289,30.282,30.275,30.268,30.261,30.254,30.247,30.254,30.254,30.261,30.268,30.275,30.289,30.296,30.310,30.310,30.310,30.296,30.289,30.289,30.289,30.303,30.310,30.310,30.303,30.289,30.282,30.268,30.254,30.254,30.247,30.240,30.233,30.233,30.226,30.226,30.233,30.240,30.240,30.240,30.233,30.226,30.219,30.212,30.204,30.197,30.190,30.176,30.169,30.155,30.148,30.148,30.148,30.162,30.183,30.197,30.204,30.212,30.219,30.219,30.219,30.219,30.219,30.197,30.169,30.120,30.091,30.077,29.992,29.943,29.907,29.879,29.865,29.836,29.808,29.794,29.865,29.893,29.914,29.922,29.950,29.985,30.006,30.021,30.035,30.049,30.049,30.028,29.999,29.985,29.971,29.950,29.865,29.773,29.673,29.581,29.453,29.289,29.161,29.054,28.925,28.675,28.395,28.114,27.797,27.370,26.853,26.246,25.570,25.096,24.613,24.113,23.798,23.708,23.663,23.625,23.610,23.610,23.617,23.617,23.610,23.610,23.617,23.617,23.595,23.565,23.527,23.482,23.444,23.414,23.384,23.354,23.316,23.256,23.195,23.142,23.067,23.014,22.961,22.908,22.862,22.832,22.802,22.779,22.749,22.680,22.612,22.574,22.582,22.559,22.498,22.414,22.391,22.376,22.361,22.338,22.323,22.323,22.308,22.292,22.270,22.254,22.239,22.224,22.216,22.209,22.201,22.193,22.186,22.170,22.163,22.163,22.163,22.178,22.193,22.209,22.209,22.216,22.224,22.216,22.216,22.201,22.178,22.163,22.163,22.155,22.147,22.140,22.140,22.140,22.147,22.163,22.178,22.193,22.209,22.224,22.231,22.231,22.231,22.231,22.231,22.224,22.216,22.216,22.216,22.209,22.209,22.209,22.209,22.193,22.186,22.186,22.186,22.186,22.178,22.170,22.163,22.147,22.140,22.117,22.109,22.102,22.094,22.071,22.033,22.018,22.010,21.995,21.964,21.926,21.888,21.849,21.819,21.788,21.757,21.719,21.681,21.642,21.612,21.581,21.535,21.497,21.450,21.412,21.381,21.351,21.327,21.320,21.320,21.320,21.335,21.351,21.374,21.397,21.427,21.458,21.474,21.481,21.497,21.527,21.573,21.612,21.650,21.688,21.704,21.711,21.711,21.719,21.727,21.742,21.750,21.765,21.773,21.773,21.780,21.773,21.765,21.750,21.734,21.711,21.696,21.688,21.681,21.673,21.673,21.673,21.681,21.681,21.665,21.658,21.650,21.642,21.627,21.619,21.604,21.589,21.581,21.581,21.573,21.558,21.550,21.543,21.527,21.512,21.497,21.481,21.466,21.443,21.427,21.420,21.404,21.389,21.381,21.374,21.366,21.351,21.335,21.320,21.312,21.304,21.304,21.304,21.312,21.320,21.320,21.327,21.335,21.343,21.343,21.335,21.335,21.343,21.343,21.358,21.366,21.374,21.374,21.374,21.374,21.381,21.381,21.389,21.404,21.420,21.443,21.458,21.474,21.497,21.520,21.535,21.543,21.550,21.550,21.558
,23.339,23.324,23.293,23.256,23.218,23.173,23.142,23.127,23.105,23.089,23.067,23.052,23.044,23.029,23.014,22.999,22.991,22.976,22.961,22.946,22.931,22.915,22.908,22.893,22.885,22.870,22.862,22.862,22.847,22.832,22.817,22.802,22.787,22.771,22.771,22.771,22.771,22.764,22.756,22.749,22.741,22.726,22.711,22.703,22.696,22.673,22.658,22.650,22.642,22.627,22.612,22.604,22.597,22.597,22.597,22.597,22.604,22.612,22.620,22.642,22.680,22.718,22.749,22.787,22.840,22.908,22.984,23.029,23.074,23.127,23.218,23.309,23.399,23.512,23.715,23.993,24.330,24.747,25.274,25.975,26.707,27.406,27.956,28.301,28.531,28.696,28.811,28.890,28.940,28.968,29.018,29.147,29.261,29.332,29.382,29.453,29.538,29.624,29.709,29.773,29.815,29.836,29.836,29.872,29.922,29.971,29.985,30.014,30.035,30.056,30.056,30.084,30.127,30.169,30.204,30.212,30.226,30.247,30.268,30.282,30.296,30.296,30.296,30.289,30.282,30.275,30.268,30.261,30.261,30.261,30.247,30.247,30.247,30.247,30.254,30.268,30.275,30.296,30.310,30.324,30.339,30.346,30.346,30.332,30.324,30.324,30.332,30.346,30.353,30.346,30.339,30.324,30.310,30.296,30.282,30.275,30.275,30.268,30.261,30.254,30.254,30.254,30.254,30.254,30.254,30.254,30.240,30.240,30.233,30.219,30.212,30.204,30.197,30.183,30.169,30.155,30.148,30.148,30.148,30.162,30.183,30.197,30.212,30.219,30.226,30.226,30.226,30.233,30.233,30.212,30.183,30.127,30.091,30.077,29.992,29.943,29.900,29.872,29.858,29.836,29.808,29.787,29.872,29.900,29.922,29.936,29.964,29.999,30.028,30.049,30.070,30.091,30.084,30.063,30.042,30.028,30.014,29.992,29.907,29.808,29.716,29.624,29.496,29.346,29.204,29.097,28.975,28.703,28.416,28.136,27.840,27.413,26.883,26.268,25.592,25.118,24.621,24.113,23.760,23.655,23.617,23.602,23.587,23.587,23.580,23.580,23.572,23.580,23.580,23.580,23.557,23.527,23.489,23.444,23.414,23.384,23.354,23.324,23.271,23.226,23.180,23.127,23.067,23.006,22.953,22.908,22.862,22.824,22.794,22.771,22.741,22.673,22.612,22.574,22.574,22.551,22.498,22.414,22.384,22.376,22.361,22.346,22.338,22.330,22.315,22.292,22.262,22.247,22.239,22.224,22.216,22.209,22.201,22.193,22.178,22.163,22.155,22.155,22.163,22.170,22.186,22.201,22.209,22.216,22.224,22.216,22.216,22.201,22.178,22.163,22.155,22.147,22.140,22.140,22.140,22.140,22.147,22.163,22.178,22.193,22.209,22.224,22.224,22.231,22.231,22.231,22.231,22.224,22.216,22.216,22.216,22.209,22.209,22.209,22.201,22.193,22.193,22.186,22.186,22.186,22.178,22.170,22.170,22.155,22.140,22.125,22.117,22.109,22.094,22.079,22.056,22.033,22.018,22.002,21.979,21.934,21.895,21.865,21.826,21.803,21.773,21.734,21.688,21.658,21.627,21.589,21.550,21.512,21.474,21.427,21.389,21.351,21.327,21.320,21.320,21.327,21.343,21.358,21.374,21.397,21.420,21.450,21.474,21.481,21.497,21.527,21.573,21.612,21.650,21.681,21.704,21.711,21.711,21.719,21.734,21.750,21.757,21.773,21.780,21.788,21.788,21.780,21.773,21.757,21.734,21.719,21.711,21.696,21.688,21.681,21.681,21.688,21.688,21.688,21.681,21.681,21.665,21.658,21.642,21.627,21.612,21.596,21.589,21.581,21.573,21.558,21.550,21.543,21.527,21.512,21.497,21.481,21.466,21.450,21.435,21.420,21.412,21.397,21.381,21.374,21.366,21.351,21.343,21.327,21.320,21.312,21.304,21.304,21.312,21.312,21.320,21.327,21.335,21.343,21.343,21.335,21.335,21.335,21.343,21.351,21.358,21.374,21.374,21.374,21.374,21.381,21.381,21.381,21.397,21.412,21.427,21.450,21.466,21.489,21.512,21.527,21.535,21.550,21.550,21.558
,23.331,23.316,23.293,23.256,23.210,23.165,23.142,23.127,23.112,23.097,23.074,23.059,23.052,23.037,23.021,23.006,22.991,22.976,22.961,22.953,22.938,22.923,22.908,22.893,22.885,22.870,22.855,22.855,22.847,22.832,22.817,22.802,22.787,22.771,22.771,22.771,22.764,22.764,22.749,22.733,22.726,22.711,22.696,22.696,22.680,22.673,22.658,22.642,22.635,22.627,22.604,22.597,22.589,22.582,22.582,22.589,22.597,22.604,22.612,22.642,22.680,22.718,22.741,22.779,22.832,22.900,22.976,23.021,23.067,23.120,23.210,23.293,23.376,23.482,23.670,23.940,24.277,24.665,25.170,25.857,26.583,27.297,27.869,28.244,28.503,28.675,28.782,28.868,28.925,28.961,29.011,29.140,29.247,29.325,29.375,29.453,29.538,29.624,29.709,29.773,29.822,29.844,29.829,29.865,29.914,29.978,29.992,30.006,30.035,30.056,30.063,30.091,30.127,30.169,30.204,30.212,30.219,30.233,30.254,30.268,30.275,30.282,30.282,30.275,30.268,30.261,30.254,30.254,30.247,30.247,30.240,30.240,30.240,30.247,30.261,30.282,30.296,30.317,30.339,30.353,30.360,30.374,30.374,30.360,30.353,30.353,30.360,30.367,30.374,30.374,30.367,30.353,30.339,30.324,30.303,30.296,30.289,30.282,30.282,30.275,30.275,30.268,30.268,30.268,30.261,30.254,30.247,30.240,30.233,30.219,30.212,30.197,30.190,30.183,30.169,30.155,30.148,30.148,30.148,30.162,30.176,30.197,30.212,30.219,30.226,30.233,30.233,30.240,30.240,30.219,30.190,30.127,30.098,30.084,29.992,29.943,29.900,29.872,29.858,29.836,29.808,29.787,29.872,29.914,29.929,29.943,29.978,30.021,30.056,30.077,30.106,30.127,30.127,30.113,30.091,30.084,30.070,30.042,29.957,29.851,29.758,29.673,29.545,29.389,29.254,29.140,29.018,28.732,28.424,28.136,27.869,27.435,26.904,26.283,25.614,25.141,24.643,24.113,23.723,23.610,23.580,23.580,23.572,23.572,23.565,23.557,23.557,23.557,23.557,23.550,23.527,23.497,23.459,23.422,23.392,23.361,23.331,23.301,23.256,23.210,23.165,23.120,23.059,23.006,22.953,22.900,22.855,22.824,22.794,22.771,22.741,22.673,22.612,22.574,22.574,22.551,22.498,22.414,22.384,22.369,22.361,22.346,22.338,22.323,22.308,22.285,22.254,22.247,22.231,22.224,22.209,22.201,22.201,22.193,22.178,22.163,22.155,22.155,22.155,22.170,22.178,22.193,22.209,22.216,22.224,22.216,22.216,22.201,22.178,22.163,22.155,22.140,22.140,22.140,22.140,22.147,22.155,22.170,22.186,22.193,22.201,22.216,22.224,22.224,22.224,22.224,22.224,22.224,22.216,22.209,22.209,22.201,22.201,22.201,22.201,22.201,22.193,22.193,22.186,22.186,22.178,22.170,22.170,22.155,22.147,22.132,22.117,22.117,22.102,22.079,22.056,22.041,22.025,22.010,21.987,21.941,21.903,21.865,21.834,21.811,21.788,21.750,21.704,21.673,21.642,21.612,21.566,21.527,21.481,21.443,21.404,21.358,21.335,21.320,21.327,21.335,21.351,21.358,21.374,21.389,21.420,21.450,21.474,21.489,21.504,21.535,21.581,21.612,21.650,21.681,21.704,21.711,21.711,21.727,21.742,21.750,21.765,21.773,21.788,21.796,21.796,21.788,21.773,21.765,21.742,21.727,21.711,21.704,21.696,21.688,21.688,21.696,21.696,21.696,21.696,21.688,21.681,21.665,21.650,21.642,21.619,21.604,21.589,21.581,21.573,21.558,21.543,21.535,21.520,21.512,21.497,21.489,21.474,21.458,21.443,21.427,21.412,21.397,21.381,21.374,21.366,21.351,21.343,21.335,21.327,21.327,21.312,21.312,21.304,21.304,21.312,21.320,21.327,21.343,21.343,21.327,21.327,21.327,21.335,21.343,21.358,21.366,21.366,21.366,21.366,21.374,21.374,21.381,21.389,21.404,21.427,21.435,21.458,21.481,21.504,21.520,21.527,21.535,21.543,21.543
,23.316,23.309,23.278,23.248,23.203,23.165,23.142,23.127,23.112,23.097,23.074,23.067,23.059,23.037,23.021,23.006,22.991,22.976,22.961,22.953,22.946,22.931,22.915,22.893,22.878,22.862,22.847,22.847,22.840,22.832,22.817,22.794,22.787,22.771,22.771,22.771,22.764,22.756,22.741,22.726,22.711,22.696,22.688,22.680,22.673,22.665,22.650,22.642,22.627,22.612,22.597,22.582,22.574,22.566,22.566,22.574,22.589,22.597,22.604,22.635,22.673,22.711,22.741,22.771,22.817,22.885,22.961,23.014,23.052,23.105,23.180,23.263,23.346,23.437,23.610,23.880,24.195,24.568,25.052,25.732,26.466,27.188,27.782,28.194,28.474,28.660,28.768,28.861,28.918,28.954,29.004,29.125,29.239,29.318,29.368,29.446,29.531,29.624,29.709,29.780,29.829,29.851,29.829,29.865,29.922,29.985,29.992,30.006,30.035,30.056,30.077,30.098,30.134,30.169,30.204,30.212,30.212,30.219,30.240,30.254,30.261,30.261,30.261,30.261,30.254,30.247,30.240,30.240,30.233,30.233,30.226,30.233,30.240,30.254,30.275,30.303,30.332,30.353,30.374,30.381,30.395,30.402,30.395,30.388,30.381,30.381,30.395,30.395,30.402,30.395,30.395,30.381,30.360,30.346,30.332,30.317,30.310,30.296,30.289,30.289,30.289,30.282,30.275,30.275,30.268,30.254,30.247,30.240,30.226,30.219,30.204,30.197,30.190,30.176,30.162,30.148,30.148,30.148,30.148,30.162,30.176,30.190,30.204,30.219,30.226,30.233,30.233,30.247,30.247,30.226,30.190,30.134,30.098,30.091,29.992,29.943,29.900,29.872,29.858,29.836,29.808,29.794,29.879,29.922,29.936,29.950,29.992,30.042,30.077,30.106,30.134,30.162,30.176,30.162,30.141,30.134,30.120,30.091,30.006,29.900,29.808,29.716,29.588,29.432,29.289,29.175,29.054,28.746,28.431,28.136,27.884,27.450,26.904,26.283,25.636,25.155,24.650,24.105,23.685,23.557,23.535,23.550,23.557,23.550,23.542,23.535,23.535,23.542,23.542,23.535,23.505,23.467,23.429,23.392,23.369,23.339,23.316,23.278,23.233,23.195,23.150,23.112,23.059,22.999,22.946,22.900,22.855,22.817,22.787,22.771,22.741,22.673,22.612,22.574,22.574,22.551,22.498,22.422,22.384,22.369,22.361,22.346,22.330,22.323,22.300,22.277,22.254,22.239,22.224,22.216,22.201,22.201,22.193,22.186,22.170,22.155,22.147,22.147,22.155,22.163,22.178,22.186,22.201,22.216,22.216,22.216,22.209,22.193,22.178,22.163,22.147,22.140,22.132,22.132,22.132,22.147,22.163,22.178,22.186,22.193,22.201,22.209,22.216,22.216,22.216,22.216,22.216,22.216,22.216,22.209,22.209,22.201,22.193,22.193,22.193,22.193,22.201,22.193,22.193,22.186,22.178,22.170,22.163,22.155,22.147,22.140,22.125,22.117,22.102,22.079,22.056,22.041,22.025,22.010,21.987,21.949,21.911,21.880,21.849,21.826,21.796,21.765,21.719,21.688,21.650,21.619,21.581,21.535,21.497,21.458,21.412,21.374,21.335,21.320,21.335,21.351,21.358,21.366,21.374,21.389,21.420,21.450,21.474,21.489,21.504,21.535,21.581,21.612,21.642,21.681,21.704,21.704,21.711,21.727,21.742,21.757,21.765,21.780,21.788,21.796,21.796,21.796,21.780,21.765,21.750,21.734,21.719,21.711,21.704,21.696,21.696,21.704,21.704,21.704,21.704,21.696,21.696,21.681,21.665,21.650,21.627,21.612,21.589,21.581,21.573,21.558,21.543,21.527,21.520,21.504,21.497,21.489,21.481,21.466,21.443,21.427,21.412,21.397,21.381,21.374,21.366,21.351,21.343,21.343,21.343,21.335,21.320,21.312,21.304,21.304,21.304,21.320,21.327,21.335,21.335,21.327,21.327,21.327,21.327,21.335,21.351,21.358,21.358,21.358,21.366,21.374,21.374,21.381,21.381,21.404,21.420,21.427,21.443,21.466,21.497,21.512,21.527,21.527,21.535,21.535
,23.309,23.301,23.271,23.241,23.195,23.158,23.135,23.127,23.112,23.097,23.082,23.067,23.059,23.044,23.021,23.006,22.991,22.976,22.961,22.953,22.946,22.931,22.908,22.885,22.870,22.855,22.847,22.840,22.832,22.824,22.809,22.794,22.787,22.771,22.771,22.764,22.764,22.749,22.733,22.718,22.696,22.680,22.673,22.665,22.665,22.658,22.642,22.627,22.612,22.597,22.582,22.566,22.559,22.551,22.551,22.559,22.574,22.597,22.604,22.635,22.673,22.703,22.733,22.764,22.817,22.878,22.946,22.999,23.044,23.082,23.150,23.233,23.316,23.399,23.557,23.813,24.113,24.457,24.940,25.607,26.342,27.086,27.703,28.143,28.452,28.646,28.754,28.854,28.918,28.954,28.997,29.118,29.232,29.318,29.368,29.446,29.531,29.624,29.709,29.787,29.844,29.858,29.829,29.865,29.922,29.992,29.999,30.006,30.035,30.063,30.084,30.098,30.127,30.169,30.204,30.204,30.204,30.212,30.233,30.247,30.247,30.247,30.247,30.247,30.233,30.226,30.219,30.219,30.219,30.212,30.212,30.219,30.233,30.261,30.296,30.324,30.360,30.381,30.402,30.416,30.423,30.430,30.416,30.409,30.409,30.409,30.423,30.430,30.430,30.423,30.416,30.402,30.388,30.374,30.353,30.339,30.324,30.310,30.303,30.303,30.296,30.289,30.282,30.275,30.268,30.254,30.247,30.233,30.226,30.212,30.204,30.197,30.190,30.176,30.162,30.148,30.141,30.148,30.148,30.162,30.169,30.183,30.197,30.212,30.226,30.233,30.233,30.247,30.247,30.226,30.190,30.134,30.106,30.091,29.992,29.943,29.900,29.865,29.865,29.844,29.815,29.794,29.886,29.929,29.943,29.957,29.999,30.056,30.098,30.127,30.155,30.190,30.212,30.204,30.183,30.169,30.155,30.134,30.042,29.950,29.851,29.758,29.624,29.467,29.325,29.211,29.082,28.761,28.424,28.122,27.884,27.450,26.897,26.276,25.651,25.170,24.658,24.098,23.648,23.512,23.489,23.512,23.535,23.527,23.512,23.512,23.520,23.527,23.527,23.512,23.474,23.437,23.399,23.369,23.346,23.324,23.293,23.263,23.218,23.173,23.135,23.097,23.052,22.999,22.946,22.900,22.847,22.809,22.779,22.764,22.733,22.673,22.620,22.574,22.574,22.551,22.506,22.437,22.391,22.369,22.361,22.346,22.330,22.315,22.292,22.270,22.247,22.231,22.224,22.209,22.201,22.193,22.186,22.178,22.163,22.147,22.147,22.147,22.147,22.163,22.170,22.186,22.201,22.209,22.216,22.216,22.209,22.193,22.178,22.163,22.147,22.132,22.132,22.132,22.132,22.147,22.163,22.178,22.186,22.193,22.201,22.201,22.201,22.201,22.201,22.201,22.201,22.209,22.209,22.209,22.209,22.193,22.186,22.186,22.186,22.193,22.201,22.193,22.193,22.186,22.178,22.163,22.163,22.155,22.155,22.140,22.132,22.117,22.102,22.079,22.056,22.041,22.025,22.018,21.995,21.964,21.926,21.888,21.857,21.834,21.803,21.780,21.734,21.696,21.658,21.619,21.589,21.550,21.504,21.466,21.427,21.381,21.343,21.320,21.343,21.358,21.374,21.374,21.374,21.389,21.412,21.443,21.466,21.481,21.504,21.535,21.581,21.612,21.642,21.673,21.696,21.704,21.711,21.727,21.750,21.757,21.765,21.780,21.788,21.796,21.803,21.796,21.788,21.773,21.757,21.734,21.727,21.711,21.704,21.704,21.704,21.704,21.711,21.719,21.711,21.711,21.704,21.688,21.673,21.658,21.635,21.612,21.596,21.589,21.581,21.558,21.543,21.527,21.520,21.497,21.497,21.489,21.481,21.466,21.450,21.435,21.412,21.397,21.381,21.374,21.366,21.358,21.351,21.351,21.343,21.335,21.327,21.312,21.304,21.304,21.304,21.320,21.327,21.327,21.327,21.327,21.320,21.320,21.320,21.335,21.343,21.351,21.351,21.358,21.366,21.374,21.381,21.381,21.381,21.397,21.412,21.427,21.443,21.458,21.489,21.504,21.520,21.527,21.535,21.535
,23.301,23.286,23.263,23.226,23.188,23.150,23.127,23.120,23.112,23.089,23.067,23.059,23.044,23.029,23.006,22.999,22.984,22.961,22.953,22.938,22.931,22.915,22.893,22.878,22.862,22.847,22.832,22.832,22.824,22.817,22.809,22.794,22.787,22.771,22.771,22.764,22.756,22.733,22.726,22.711,22.696,22.673,22.665,22.665,22.658,22.642,22.627,22.620,22.604,22.582,22.559,22.551,22.544,22.544,22.536,22.544,22.559,22.582,22.604,22.635,22.673,22.703,22.733,22.764,22.809,22.862,22.931,22.991,23.037,23.074,23.150,23.241,23.324,23.414,23.565,23.798,24.083,24.419,24.866,25.496,26.210,26.955,27.602,28.086,28.416,28.617,28.732,28.839,28.911,28.954,28.997,29.111,29.218,29.311,29.360,29.446,29.531,29.624,29.716,29.794,29.844,29.865,29.829,29.872,29.936,29.999,29.999,30.006,30.035,30.070,30.091,30.106,30.127,30.162,30.197,30.204,30.204,30.204,30.219,30.233,30.240,30.240,30.233,30.226,30.219,30.219,30.204,30.204,30.204,30.204,30.204,30.212,30.226,30.254,30.282,30.303,30.339,30.367,30.388,30.402,30.409,30.416,30.409,30.416,30.430,30.437,30.451,30.451,30.451,30.444,30.437,30.430,30.416,30.395,30.374,30.360,30.339,30.324,30.310,30.303,30.296,30.289,30.282,30.275,30.268,30.254,30.240,30.226,30.219,30.204,30.204,30.197,30.190,30.183,30.169,30.155,30.141,30.141,30.148,30.148,30.162,30.176,30.190,30.204,30.212,30.226,30.233,30.247,30.247,30.226,30.197,30.134,30.106,30.091,29.992,29.943,29.900,29.865,29.865,29.851,29.815,29.787,29.886,29.929,29.943,29.957,29.999,30.056,30.098,30.127,30.162,30.212,30.233,30.226,30.204,30.197,30.183,30.155,30.077,29.985,29.886,29.787,29.645,29.489,29.353,29.239,29.118,28.775,28.416,28.100,27.876,27.442,26.890,26.268,25.673,25.185,24.658,24.098,23.602,23.459,23.444,23.489,23.505,23.489,23.482,23.474,23.474,23.489,23.489,23.474,23.437,23.392,23.361,23.331,23.309,23.286,23.256,23.226,23.180,23.142,23.105,23.074,23.029,22.984,22.938,22.893,22.847,22.802,22.779,22.756,22.726,22.673,22.620,22.574,22.574,22.551,22.506,22.437,22.391,22.369,22.361,22.346,22.330,22.315,22.292,22.262,22.239,22.224,22.216,22.201,22.193,22.178,22.170,22.163,22.155,22.147,22.147,22.147,22.147,22.163,22.170,22.186,22.193,22.209,22.216,22.209,22.209,22.193,22.178,22.163,22.147,22.132,22.132,22.132,22.132,22.147,22.163,22.178,22.178,22.186,22.193,22.201,22.201,22.201,22.201,22.201,22.201,22.201,22.209,22.209,22.201,22.193,22.186,22.186,22.186,22.193,22.201,22.193,22.193,22.178,22.170,22.163,22.163,22.155,22.147,22.140,22.132,22.125,22.109,22.086,22.063,22.048,22.041,22.041,22.018,21.979,21.941,21.903,21.872,21.842,21.811,21.780,21.742,21.704,21.665,21.635,21.596,21.558,21.520,21.481,21.435,21.389,21.343,21.312,21.351,21.366,21.374,21.374,21.374,21.389,21.412,21.435,21.458,21.481,21.504,21.535,21.573,21.604,21.635,21.665,21.696,21.704,21.719,21.734,21.750,21.757,21.765,21.780,21.788,21.803,21.803,21.796,21.796,21.780,21.757,21.742,21.727,21.711,21.704,21.704,21.704,21.711,21.719,21.719,21.719,21.711,21.704,21.688,21.681,21.665,21.642,21.619,21.604,21.596,21.581,21.566,21.550,21.535,21.520,21.504,21.497,21.489,21.489,21.474,21.450,21.435,21.412,21.389,21.381,21.374,21.366,21.358,21.358,21.351,21.343,21.335,21.335,21.320,21.312,21.312,21.312,21.312,21.320,21.327,21.327,21.320,21.320,21.320,21.320,21.327,21.335,21.351,21.351,21.358,21.366,21.381,21.381,21.381,21.389,21.404,21.412,21.427,21.443,21.458,21.489,21.504,21.520,21.535,21.535,21.535
,23.293,23.286,23.256,23.226,23.188,23.142,23.120,23.112,23.097,23.082,23.059,23.044,23.029,23.014,22.999,22.984,22.968,22.953,22.946,22.931,22.915,22.900,22.885,22.862,22.847,22.840,22.824,22.824,22.824,22.817,22.802,22.794,22.787,22.779,22.764,22.756,22.741,22.733,22.718,22.711,22.696,22.680,22.665,22.658,22.650,22.635,22.620,22.604,22.589,22.574,22.551,22.536,22.528,22.528,22.521,22.528,22.551,22.574,22.597,22.627,22.665,22.696,22.726,22.756,22.802,22.855,22.923,22.984,23.029,23.074,23.142,23.233,23.316,23.407,23.542,23.760,24.030,24.367,24.784,25.392,26.092,26.831,27.500,28.013,28.373,28.589,28.711,28.825,28.904,28.947,28.982,29.097,29.211,29.304,29.360,29.446,29.531,29.617,29.716,29.794,29.844,29.865,29.836,29.872,29.943,30.006,30.014,30.014,30.035,30.077,30.098,30.106,30.120,30.141,30.169,30.183,30.190,30.197,30.219,30.226,30.226,30.226,30.226,30.219,30.212,30.204,30.197,30.190,30.190,30.190,30.190,30.197,30.212,30.240,30.261,30.289,30.310,30.339,30.367,30.381,30.395,30.395,30.395,30.402,30.423,30.444,30.458,30.466,30.458,30.458,30.451,30.444,30.423,30.409,30.388,30.367,30.346,30.324,30.303,30.296,30.289,30.275,30.268,30.261,30.254,30.247,30.233,30.226,30.212,30.204,30.197,30.197,30.190,30.183,30.169,30.155,30.141,30.141,30.141,30.148,30.155,30.169,30.183,30.197,30.204,30.219,30.233,30.247,30.240,30.219,30.197,30.141,30.113,30.098,29.992,29.936,29.893,29.865,29.865,29.844,29.801,29.773,29.879,29.922,29.943,29.957,29.999,30.049,30.091,30.127,30.169,30.212,30.240,30.240,30.226,30.219,30.212,30.176,30.106,30.014,29.922,29.815,29.666,29.510,29.375,29.268,29.132,28.775,28.402,28.078,27.862,27.428,26.875,26.254,25.680,25.193,24.658,24.075,23.565,23.414,23.399,23.452,23.474,23.459,23.444,23.429,23.437,23.444,23.444,23.422,23.392,23.346,23.316,23.286,23.263,23.241,23.210,23.173,23.127,23.097,23.067,23.037,22.999,22.953,22.915,22.878,22.832,22.794,22.771,22.749,22.726,22.673,22.620,22.582,22.566,22.544,22.498,22.437,22.391,22.376,22.361,22.346,22.330,22.308,22.285,22.254,22.239,22.224,22.216,22.201,22.186,22.178,22.170,22.163,22.147,22.140,22.140,22.147,22.147,22.163,22.170,22.186,22.193,22.209,22.216,22.209,22.201,22.186,22.178,22.163,22.147,22.140,22.132,22.132,22.132,22.147,22.155,22.170,22.178,22.186,22.193,22.201,22.201,22.193,22.193,22.193,22.193,22.201,22.209,22.201,22.201,22.193,22.186,22.186,22.186,22.193,22.201,22.193,22.193,22.178,22.170,22.163,22.155,22.155,22.147,22.140,22.132,22.125,22.117,22.094,22.071,22.056,22.048,22.041,22.025,21.995,21.949,21.911,21.880,21.849,21.819,21.788,21.757,21.719,21.681,21.650,21.612,21.573,21.543,21.504,21.458,21.412,21.358,21.320,21.327,21.351,21.374,21.381,21.381,21.389,21.404,21.435,21.450,21.474,21.497,21.535,21.566,21.596,21.635,21.665,21.688,21.704,21.711,21.727,21.750,21.757,21.765,21.773,21.788,21.796,21.803,21.796,21.796,21.780,21.757,21.742,21.727,21.711,21.704,21.696,21.696,21.711,21.719,21.719,21.719,21.711,21.704,21.688,21.673,21.658,21.642,21.619,21.604,21.604,21.596,21.573,21.558,21.543,21.527,21.504,21.497,21.497,21.489,21.466,21.443,21.427,21.404,21.389,21.374,21.374,21.374,21.366,21.358,21.343,21.343,21.335,21.335,21.327,21.327,21.327,21.320,21.320,21.312,21.312,21.312,21.312,21.312,21.320,21.320,21.327,21.335,21.351,21.351,21.366,21.374,21.381,21.389,21.397,21.397,21.404,21.420,21.427,21.443,21.466,21.489,21.512,21.527,21.543,21.543,21.543
,23.293,23.278,23.256,23.218,23.180,23.142,23.120,23.105,23.089,23.074,23.052,23.037,23.021,22.999,22.984,22.976,22.961,22.946,22.931,22.923,22.908,22.885,22.870,22.855,22.840,22.832,22.817,22.817,22.809,22.809,22.794,22.794,22.787,22.779,22.764,22.749,22.733,22.726,22.711,22.703,22.696,22.688,22.673,22.658,22.642,22.620,22.604,22.589,22.574,22.559,22.536,22.528,22.521,22.513,22.513,22.513,22.528,22.559,22.589,22.620,22.650,22.680,22.711,22.749,22.794,22.847,22.908,22.968,23.021,23.067,23.127,23.218,23.301,23.384,23.505,23.708,23.970,24.292,24.702,25.289,25.982,26.722,27.421,27.949,28.330,28.567,28.689,28.804,28.890,28.947,28.975,29.082,29.197,29.304,29.360,29.439,29.524,29.609,29.702,29.773,29.836,29.872,29.844,29.879,29.950,30.014,30.021,30.021,30.042,30.077,30.106,30.106,30.106,30.127,30.155,30.169,30.183,30.190,30.204,30.212,30.219,30.212,30.212,30.212,30.204,30.190,30.183,30.176,30.176,30.169,30.169,30.176,30.197,30.226,30.247,30.268,30.296,30.317,30.346,30.374,30.388,30.388,30.388,30.395,30.416,30.451,30.466,30.473,30.466,30.458,30.451,30.444,30.430,30.409,30.381,30.360,30.339,30.317,30.296,30.282,30.268,30.254,30.247,30.240,30.240,30.233,30.219,30.212,30.204,30.197,30.190,30.190,30.190,30.183,30.169,30.155,30.141,30.134,30.134,30.141,30.148,30.155,30.169,30.183,30.197,30.204,30.219,30.240,30.233,30.219,30.190,30.141,30.113,30.098,29.999,29.936,29.893,29.865,29.865,29.836,29.787,29.758,29.872,29.922,29.943,29.957,30.006,30.056,30.091,30.127,30.169,30.219,30.247,30.254,30.247,30.240,30.226,30.197,30.127,30.042,29.943,29.836,29.673,29.524,29.396,29.282,29.147,28.775,28.381,28.057,27.847,27.413,26.861,26.239,25.688,25.193,24.643,24.053,23.535,23.369,23.354,23.407,23.437,23.429,23.407,23.384,23.399,23.407,23.407,23.376,23.346,23.309,23.271,23.241,23.226,23.195,23.158,23.127,23.082,23.052,23.021,22.999,22.961,22.931,22.893,22.862,22.824,22.787,22.764,22.749,22.726,22.665,22.620,22.582,22.566,22.544,22.498,22.437,22.391,22.376,22.361,22.346,22.330,22.308,22.277,22.254,22.239,22.224,22.216,22.201,22.186,22.170,22.163,22.155,22.140,22.140,22.140,22.147,22.155,22.163,22.170,22.186,22.193,22.209,22.209,22.209,22.193,22.186,22.170,22.163,22.147,22.140,22.132,22.132,22.132,22.147,22.155,22.170,22.178,22.186,22.193,22.193,22.193,22.193,22.186,22.186,22.193,22.201,22.201,22.201,22.201,22.193,22.186,22.186,22.186,22.193,22.193,22.193,22.186,22.178,22.170,22.155,22.155,22.147,22.147,22.132,22.132,22.132,22.117,22.094,22.071,22.056,22.048,22.041,22.025,21.995,21.956,21.918,21.888,21.857,21.826,21.803,21.765,21.734,21.696,21.665,21.627,21.596,21.558,21.520,21.481,21.427,21.374,21.335,21.312,21.351,21.374,21.381,21.381,21.389,21.404,21.435,21.450,21.466,21.489,21.527,21.558,21.596,21.627,21.665,21.688,21.696,21.711,21.727,21.742,21.750,21.757,21.765,21.780,21.796,21.803,21.796,21.788,21.773,21.757,21.742,21.727,21.711,21.696,21.688,21.696,21.704,21.711,21.711,21.711,21.711,21.696,21.688,21.673,21.658,21.642,21.619,21.612,21.612,21.604,21.581,21.566,21.550,21.527,21.512,21.497,21.497,21.481,21.466,21.443,21.420,21.404,21.381,21.374,21.374,21.374,21.366,21.358,21.343,21.335,21.335,21.335,21.335,21.335,21.327,21.327,21.320,21.312,21.304,21.304,21.304,21.312,21.320,21.320,21.327,21.335,21.343,21.351,21.366,21.374,21.389,21.397,21.397,21.404,21.412,21.427,21.435,21.450,21.466,21.489,21.512,21.535,21.550,21.550,21.550
,23.278,23.271,23.248,23.218,23.173,23.135,23.112,23.097,23.082,23.067,23.044,23.029,23.014,22.991,22.976,22.968,22.953,22.938,22.923,22.908,22.893,22.878,22.862,22.847,22.832,22.817,22.817,22.809,22.802,22.794,22.794,22.787,22.787,22.771,22.756,22.741,22.726,22.711,22.703,22.696,22.696,22.680,22.673,22.650,22.635,22.612,22.589,22.574,22.559,22.544,22.528,22.513,22.513,22.506,22.506,22.506,22.513,22.536,22.574,22.604,22.635,22.665,22.703,22.741,22.787,22.840,22.900,22.953,23.006,23.059,23.120,23.203,23.286,23.361,23.459,23.655,23.910,24.217,24.621,25.193,25.864,26.620,27.333,27.884,28.287,28.553,28.675,28.789,28.882,28.947,28.975,29.068,29.182,29.296,29.353,29.425,29.503,29.595,29.680,29.751,29.815,29.872,29.844,29.886,29.957,30.028,30.028,30.021,30.042,30.077,30.113,30.106,30.106,30.120,30.148,30.162,30.176,30.190,30.197,30.204,30.204,30.197,30.197,30.197,30.183,30.176,30.162,30.162,30.155,30.148,30.141,30.155,30.176,30.212,30.233,30.261,30.289,30.317,30.339,30.374,30.388,30.395,30.388,30.395,30.416,30.444,30.458,30.466,30.466,30.458,30.444,30.437,30.416,30.395,30.374,30.353,30.324,30.303,30.282,30.261,30.247,30.233,30.219,30.219,30.219,30.212,30.197,30.197,30.190,30.190,30.190,30.190,30.190,30.183,30.169,30.155,30.141,30.134,30.134,30.134,30.141,30.155,30.162,30.176,30.190,30.204,30.212,30.226,30.226,30.212,30.183,30.148,30.127,30.106,30.006,29.936,29.893,29.865,29.865,29.822,29.773,29.744,29.865,29.922,29.943,29.964,30.014,30.056,30.098,30.141,30.176,30.219,30.254,30.275,30.268,30.261,30.247,30.212,30.148,30.056,29.964,29.851,29.680,29.524,29.403,29.296,29.161,28.768,28.366,28.035,27.833,27.399,26.839,26.217,25.688,25.185,24.628,24.030,23.489,23.324,23.301,23.354,23.399,23.392,23.369,23.354,23.361,23.369,23.369,23.346,23.309,23.263,23.233,23.210,23.188,23.158,23.120,23.082,23.052,23.021,22.991,22.968,22.938,22.908,22.878,22.855,22.809,22.779,22.756,22.741,22.718,22.665,22.620,22.582,22.559,22.536,22.490,22.437,22.391,22.376,22.361,22.346,22.323,22.300,22.277,22.247,22.231,22.224,22.209,22.193,22.178,22.163,22.155,22.147,22.140,22.132,22.140,22.147,22.155,22.163,22.170,22.186,22.193,22.201,22.201,22.193,22.193,22.178,22.170,22.155,22.147,22.140,22.132,22.132,22.132,22.147,22.155,22.170,22.170,22.178,22.186,22.186,22.186,22.186,22.178,22.178,22.186,22.193,22.193,22.193,22.193,22.193,22.186,22.178,22.178,22.186,22.186,22.186,22.186,22.170,22.163,22.155,22.155,22.147,22.140,22.132,22.132,22.132,22.117,22.102,22.079,22.063,22.048,22.033,22.018,21.987,21.956,21.926,21.895,21.872,21.842,21.811,21.780,21.750,21.711,21.681,21.642,21.604,21.573,21.535,21.497,21.443,21.389,21.351,21.327,21.366,21.389,21.381,21.381,21.389,21.404,21.427,21.450,21.466,21.489,21.520,21.558,21.589,21.627,21.658,21.681,21.696,21.711,21.727,21.734,21.750,21.757,21.765,21.780,21.796,21.796,21.796,21.788,21.773,21.757,21.734,21.719,21.704,21.696,21.681,21.688,21.704,21.711,21.711,21.704,21.704,21.696,21.681,21.673,21.658,21.635,21.619,21.612,21.612,21.604,21.589,21.566,21.550,21.535,21.512,21.504,21.497,21.481,21.466,21.443,21.420,21.404,21.381,21.374,21.374,21.374,21.366,21.358,21.343,21.335,21.335,21.335,21.335,21.327,21.327,21.327,21.320,21.312,21.312,21.304,21.304,21.312,21.320,21.320,21.327,21.335,21.343,21.351,21.366,21.381,21.397,21.397,21.397,21.404,21.420,21.427,21.435,21.450,21.466,21.497,21.520,21.535,21.550,21.550,21.558
,23.263,23.256,23.233,23.203,23.165,23.135,23.112,23.097,23.082,23.059,23.037,23.021,23.006,22.991,22.976,22.961,22.953,22.931,22.908,22.900,22.885,22.862,22.847,22.840,22.824,22.817,22.809,22.802,22.794,22.794,22.787,22.787,22.779,22.764,22.749,22.733,22.718,22.703,22.688,22.688,22.680,22.673,22.658,22.642,22.627,22.604,22.582,22.566,22.559,22.536,22.521,22.513,22.513,22.506,22.506,22.506,22.506,22.528,22.574,22.597,22.627,22.658,22.688,22.733,22.779,22.824,22.885,22.938,22.991,23.044,23.105,23.195,23.278,23.354,23.452,23.632,23.873,24.180,24.576,25.096,25.739,26.474,27.210,27.804,28.244,28.517,28.653,28.782,28.882,28.947,28.968,29.061,29.175,29.289,29.353,29.425,29.503,29.595,29.680,29.744,29.815,29.872,29.844,29.893,29.964,30.028,30.028,30.021,30.042,30.077,30.113,30.113,30.113,30.120,30.148,30.162,30.176,30.183,30.190,30.197,30.190,30.190,30.183,30.176,30.169,30.162,30.148,30.141,30.134,30.127,30.106,30.120,30.155,30.190,30.219,30.254,30.282,30.310,30.339,30.367,30.388,30.395,30.402,30.402,30.416,30.430,30.430,30.444,30.451,30.444,30.423,30.416,30.395,30.367,30.346,30.332,30.310,30.282,30.261,30.240,30.226,30.212,30.197,30.197,30.197,30.190,30.190,30.190,30.190,30.190,30.190,30.190,30.190,30.183,30.169,30.155,30.141,30.134,30.134,30.134,30.141,30.155,30.162,30.176,30.183,30.197,30.212,30.226,30.219,30.197,30.183,30.155,30.134,30.113,30.014,29.936,29.886,29.865,29.865,29.815,29.766,29.744,29.865,29.922,29.950,29.971,30.014,30.070,30.113,30.148,30.183,30.233,30.268,30.289,30.303,30.296,30.275,30.233,30.169,30.070,29.971,29.851,29.680,29.517,29.389,29.289,29.161,28.761,28.352,28.013,27.819,27.384,26.817,26.188,25.673,25.155,24.598,24.000,23.452,23.271,23.248,23.309,23.361,23.354,23.331,23.316,23.324,23.339,23.331,23.309,23.263,23.233,23.203,23.180,23.165,23.127,23.097,23.052,23.021,22.991,22.968,22.946,22.923,22.900,22.870,22.847,22.809,22.779,22.756,22.741,22.711,22.658,22.604,22.574,22.551,22.528,22.490,22.437,22.391,22.376,22.361,22.338,22.315,22.292,22.270,22.247,22.231,22.216,22.209,22.193,22.170,22.155,22.147,22.140,22.132,22.132,22.140,22.147,22.147,22.155,22.163,22.178,22.186,22.186,22.193,22.193,22.186,22.170,22.163,22.147,22.147,22.140,22.132,22.132,22.132,22.147,22.155,22.163,22.170,22.178,22.186,22.186,22.186,22.178,22.170,22.170,22.178,22.178,22.186,22.193,22.193,22.186,22.178,22.178,22.178,22.186,22.186,22.186,22.178,22.170,22.163,22.155,22.155,22.147,22.147,22.132,22.132,22.132,22.125,22.109,22.086,22.063,22.041,22.010,21.987,21.964,21.941,21.926,21.911,21.880,21.842,21.811,21.788,21.757,21.719,21.688,21.650,21.619,21.581,21.543,21.512,21.458,21.412,21.374,21.389,21.397,21.397,21.389,21.381,21.389,21.404,21.427,21.443,21.458,21.481,21.512,21.558,21.589,21.619,21.650,21.673,21.688,21.704,21.719,21.734,21.742,21.750,21.765,21.773,21.788,21.796,21.788,21.780,21.765,21.750,21.734,21.711,21.696,21.681,21.681,21.681,21.688,21.696,21.704,21.704,21.696,21.688,21.673,21.665,21.650,21.635,21.612,21.604,21.604,21.596,21.573,21.566,21.550,21.535,21.520,21.504,21.489,21.481,21.458,21.435,21.420,21.404,21.389,21.381,21.374,21.366,21.358,21.351,21.343,21.343,21.335,21.335,21.335,21.327,21.327,21.320,21.320,21.312,21.312,21.312,21.304,21.312,21.320,21.320,21.320,21.327,21.343,21.351,21.366,21.374,21.389,21.397,21.397,21.397,21.412,21.420,21.435,21.450,21.466,21.497,21.512,21.535,21.550,21.550,21.558
,23.256,23.248,23.226,23.203,23.165,23.135,23.112,23.097,23.082,23.059,23.044,23.021,23.006,22.991,22.976,22.961,22.946,22.923,22.908,22.893,22.878,22.862,22.847,22.832,22.824,22.809,22.802,22.802,22.794,22.787,22.787,22.779,22.771,22.764,22.741,22.726,22.711,22.696,22.680,22.673,22.673,22.658,22.650,22.635,22.620,22.597,22.582,22.566,22.551,22.536,22.521,22.521,22.513,22.521,22.513,22.513,22.513,22.521,22.566,22.589,22.612,22.635,22.673,22.711,22.756,22.809,22.855,22.908,22.968,23.021,23.089,23.165,23.241,23.324,23.414,23.587,23.828,24.128,24.509,25.007,25.636,26.364,27.101,27.717,28.186,28.495,28.639,28.768,28.875,28.947,28.961,29.047,29.154,29.282,29.346,29.417,29.503,29.595,29.673,29.744,29.815,29.872,29.851,29.900,29.964,30.028,30.028,30.021,30.042,30.084,30.113,30.113,30.113,30.127,30.155,30.169,30.176,30.183,30.190,30.183,30.183,30.176,30.169,30.162,30.155,30.141,30.134,30.127,30.120,30.106,30.077,30.091,30.120,30.162,30.197,30.226,30.261,30.296,30.317,30.353,30.374,30.388,30.402,30.409,30.416,30.423,30.423,30.423,30.423,30.416,30.395,30.381,30.360,30.346,30.332,30.310,30.289,30.261,30.240,30.226,30.212,30.197,30.190,30.183,30.176,30.176,30.176,30.183,30.190,30.190,30.190,30.190,30.190,30.183,30.169,30.155,30.148,30.134,30.134,30.141,30.148,30.155,30.169,30.176,30.190,30.197,30.212,30.219,30.212,30.190,30.176,30.148,30.134,30.113,30.014,29.943,29.886,29.865,29.865,29.815,29.766,29.744,29.865,29.922,29.950,29.964,30.006,30.056,30.106,30.148,30.183,30.233,30.268,30.296,30.310,30.310,30.289,30.247,30.176,30.084,29.978,29.865,29.680,29.503,29.375,29.282,29.147,28.754,28.345,27.999,27.804,27.370,26.795,26.158,25.636,25.126,24.561,23.970,23.414,23.233,23.203,23.256,23.316,23.309,23.293,23.286,23.293,23.301,23.293,23.263,23.233,23.195,23.173,23.150,23.127,23.097,23.067,23.029,22.991,22.968,22.946,22.931,22.908,22.885,22.862,22.832,22.794,22.771,22.749,22.733,22.703,22.650,22.604,22.566,22.544,22.521,22.483,22.437,22.399,22.376,22.361,22.330,22.308,22.292,22.270,22.247,22.231,22.216,22.209,22.193,22.170,22.155,22.147,22.140,22.132,22.132,22.132,22.140,22.147,22.155,22.163,22.170,22.178,22.186,22.186,22.186,22.178,22.170,22.155,22.147,22.140,22.132,22.132,22.132,22.132,22.140,22.147,22.163,22.170,22.178,22.178,22.178,22.178,22.170,22.170,22.170,22.170,22.178,22.178,22.186,22.186,22.178,22.178,22.178,22.178,22.178,22.178,22.178,22.178,22.170,22.170,22.163,22.155,22.155,22.147,22.140,22.140,22.132,22.125,22.109,22.086,22.063,22.041,22.010,21.979,21.949,21.941,21.934,21.918,21.888,21.857,21.819,21.796,21.765,21.734,21.696,21.665,21.635,21.596,21.566,21.527,21.474,21.427,21.389,21.397,21.404,21.404,21.397,21.381,21.389,21.404,21.427,21.443,21.458,21.489,21.520,21.558,21.589,21.619,21.642,21.673,21.681,21.696,21.711,21.734,21.742,21.750,21.765,21.773,21.788,21.788,21.788,21.773,21.765,21.750,21.727,21.704,21.688,21.673,21.665,21.665,21.681,21.688,21.688,21.688,21.688,21.681,21.673,21.658,21.642,21.627,21.612,21.596,21.589,21.581,21.566,21.558,21.550,21.543,21.527,21.504,21.489,21.474,21.450,21.435,21.427,21.412,21.397,21.381,21.366,21.358,21.351,21.343,21.343,21.343,21.343,21.335,21.327,21.320,21.312,21.312,21.312,21.320,21.320,21.312,21.312,21.312,21.312,21.312,21.320,21.327,21.343,21.351,21.358,21.374,21.381,21.389,21.389,21.397,21.404,21.420,21.427,21.443,21.466,21.489,21.512,21.527,21.543,21.550,21.550
,23.248,23.241,23.226,23.195,23.165,23.135,23.112,23.097,23.082,23.059,23.044,23.021,23.006,22.991,22.976,22.953,22.938,22.923,22.908,22.893,22.878,22.862,22.847,22.832,22.817,22.802,22.794,22.794,22.794,22.787,22.779,22.771,22.764,22.749,22.733,22.718,22.703,22.688,22.673,22.665,22.658,22.650,22.635,22.627,22.612,22.597,22.574,22.559,22.544,22.536,22.521,22.521,22.521,22.521,22.521,22.513,22.513,22.521,22.559,22.582,22.597,22.627,22.658,22.696,22.741,22.794,22.840,22.885,22.946,22.999,23.067,23.135,23.210,23.286,23.369,23.535,23.768,24.060,24.427,24.911,25.533,26.246,26.992,27.616,28.122,28.481,28.632,28.754,28.854,28.940,28.954,29.032,29.140,29.268,29.339,29.410,29.496,29.588,29.673,29.744,29.815,29.872,29.851,29.900,29.971,30.028,30.028,30.028,30.049,30.091,30.120,30.113,30.113,30.127,30.155,30.169,30.176,30.176,30.183,30.176,30.169,30.162,30.155,30.148,30.134,30.127,30.120,30.113,30.098,30.084,30.049,30.063,30.091,30.134,30.169,30.197,30.233,30.268,30.296,30.324,30.353,30.374,30.395,30.409,30.416,30.416,30.416,30.416,30.402,30.395,30.374,30.353,30.339,30.324,30.310,30.289,30.268,30.240,30.219,30.204,30.183,30.176,30.162,30.162,30.155,30.155,30.162,30.169,30.183,30.190,30.190,30.190,30.190,30.183,30.169,30.155,30.148,30.141,30.141,30.148,30.155,30.162,30.176,30.183,30.190,30.197,30.204,30.212,30.197,30.176,30.162,30.148,30.134,30.106,30.021,29.943,29.893,29.865,29.865,29.822,29.773,29.744,29.858,29.907,29.936,29.950,29.978,30.035,30.084,30.134,30.169,30.212,30.254,30.289,30.317,30.317,30.296,30.254,30.176,30.084,29.985,29.865,29.680,29.489,29.360,29.268,29.140,28.739,28.330,27.992,27.790,27.348,26.773,26.129,25.607,25.089,24.531,23.940,23.384,23.195,23.165,23.218,23.278,23.263,23.248,23.248,23.256,23.263,23.248,23.226,23.195,23.165,23.135,23.112,23.089,23.067,23.037,22.999,22.961,22.938,22.923,22.908,22.885,22.862,22.847,22.824,22.787,22.756,22.741,22.726,22.696,22.642,22.597,22.566,22.536,22.513,22.475,22.429,22.399,22.376,22.353,22.330,22.308,22.285,22.270,22.247,22.231,22.216,22.209,22.193,22.170,22.155,22.147,22.132,22.132,22.132,22.132,22.140,22.140,22.147,22.155,22.163,22.170,22.178,22.178,22.178,22.170,22.163,22.155,22.147,22.132,22.132,22.125,22.125,22.132,22.140,22.147,22.163,22.163,22.170,22.178,22.178,22.170,22.170,22.163,22.163,22.163,22.170,22.178,22.178,22.178,22.178,22.170,22.170,22.170,22.170,22.170,22.170,22.170,22.170,22.170,22.163,22.163,22.155,22.147,22.140,22.132,22.132,22.125,22.109,22.086,22.071,22.041,22.010,21.979,21.956,21.949,21.941,21.934,21.903,21.865,21.834,21.803,21.780,21.742,21.711,21.681,21.650,21.612,21.573,21.535,21.489,21.435,21.404,21.397,21.404,21.412,21.404,21.381,21.389,21.404,21.427,21.443,21.458,21.489,21.520,21.550,21.581,21.612,21.642,21.673,21.681,21.688,21.711,21.727,21.742,21.750,21.757,21.773,21.788,21.788,21.780,21.765,21.757,21.742,21.719,21.704,21.681,21.665,21.658,21.658,21.665,21.681,21.681,21.681,21.681,21.673,21.665,21.650,21.635,21.619,21.604,21.589,21.581,21.566,21.558,21.550,21.550,21.543,21.527,21.504,21.489,21.466,21.450,21.435,21.427,21.420,21.404,21.381,21.366,21.358,21.343,21.343,21.343,21.351,21.351,21.335,21.320,21.304,21.297,21.304,21.312,21.320,21.327,21.320,21.312,21.312,21.312,21.312,21.320,21.327,21.335,21.343,21.358,21.366,21.374,21.381,21.381,21.389,21.397,21.412,21.427,21.443,21.466,21.489,21.512,21.527,21.543,21.543,21.543
,23.241,23.233,23.218,23.188,23.158,23.127,23.105,23.089,23.074,23.059,23.037,23.021,23.006,22.991,22.968,22.953,22.931,22.915,22.900,22.885,22.870,22.855,22.840,22.824,22.817,22.802,22.794,22.787,22.787,22.779,22.771,22.764,22.756,22.741,22.726,22.703,22.696,22.680,22.665,22.658,22.650,22.635,22.627,22.612,22.604,22.589,22.566,22.551,22.536,22.521,22.513,22.513,22.513,22.521,22.513,22.506,22.506,22.506,22.536,22.574,22.597,22.612,22.650,22.688,22.733,22.779,22.824,22.878,22.931,22.984,23.052,23.120,23.188,23.256,23.346,23.497,23.708,23.978,24.337,24.821,25.422,26.114,26.868,27.507,28.049,28.452,28.617,28.732,28.839,28.932,28.947,29.018,29.125,29.261,29.332,29.410,29.489,29.588,29.673,29.744,29.815,29.879,29.858,29.907,29.978,30.035,30.028,30.028,30.056,30.091,30.120,30.113,30.113,30.127,30.148,30.162,30.169,30.169,30.169,30.169,30.155,30.148,30.134,30.127,30.120,30.106,30.091,30.084,30.077,30.056,30.028,30.035,30.063,30.098,30.141,30.169,30.197,30.233,30.268,30.303,30.332,30.360,30.381,30.402,30.416,30.416,30.409,30.409,30.402,30.388,30.360,30.339,30.324,30.310,30.289,30.261,30.240,30.219,30.190,30.169,30.148,30.134,30.134,30.127,30.120,30.127,30.134,30.155,30.169,30.176,30.183,30.183,30.183,30.176,30.169,30.155,30.148,30.148,30.148,30.148,30.155,30.169,30.176,30.183,30.190,30.197,30.197,30.197,30.190,30.169,30.155,30.141,30.127,30.106,30.021,29.950,29.893,29.865,29.865,29.822,29.773,29.751,29.844,29.893,29.914,29.929,29.950,29.999,30.056,30.106,30.141,30.190,30.233,30.282,30.310,30.310,30.296,30.247,30.169,30.084,29.985,29.872,29.673,29.474,29.332,29.254,29.125,28.725,28.316,27.977,27.768,27.326,26.744,26.100,25.577,25.052,24.486,23.895,23.346,23.158,23.135,23.188,23.233,23.226,23.210,23.203,23.210,23.218,23.210,23.188,23.150,23.127,23.097,23.067,23.052,23.029,22.999,22.961,22.938,22.915,22.900,22.885,22.862,22.840,22.824,22.802,22.771,22.749,22.733,22.718,22.680,22.635,22.589,22.559,22.528,22.498,22.468,22.429,22.399,22.376,22.353,22.323,22.300,22.285,22.270,22.247,22.231,22.216,22.201,22.186,22.170,22.155,22.147,22.140,22.132,22.132,22.132,22.140,22.140,22.140,22.147,22.155,22.155,22.170,22.170,22.170,22.170,22.155,22.147,22.140,22.132,22.125,22.125,22.125,22.125,22.140,22.147,22.163,22.163,22.170,22.170,22.170,22.170,22.163,22.155,22.155,22.155,22.163,22.170,22.170,22.170,22.170,22.170,22.170,22.170,22.170,22.170,22.170,22.170,22.170,22.163,22.163,22.163,22.155,22.147,22.140,22.132,22.125,22.117,22.102,22.086,22.071,22.048,22.018,21.979,21.964,21.964,21.956,21.941,21.911,21.872,21.842,21.819,21.788,21.757,21.727,21.696,21.658,21.627,21.589,21.550,21.497,21.450,21.412,21.397,21.412,21.412,21.404,21.389,21.389,21.404,21.427,21.443,21.458,21.481,21.512,21.550,21.581,21.612,21.642,21.665,21.673,21.688,21.704,21.727,21.742,21.750,21.757,21.773,21.780,21.780,21.773,21.765,21.750,21.734,21.719,21.696,21.681,21.658,21.650,21.658,21.665,21.673,21.681,21.681,21.681,21.673,21.658,21.650,21.635,21.612,21.596,21.581,21.573,21.566,21.558,21.550,21.550,21.543,21.527,21.512,21.489,21.466,21.443,21.435,21.435,21.427,21.412,21.389,21.374,21.358,21.343,21.343,21.351,21.358,21.358,21.343,21.320,21.304,21.297,21.297,21.312,21.320,21.327,21.327,21.320,21.312,21.312,21.312,21.320,21.327,21.335,21.343,21.351,21.358,21.366,21.366,21.374,21.381,21.397,21.404,21.420,21.435,21.458,21.489,21.512,21.527,21.535,21.535,21.535
,23.241,23.233,23.218,23.188,23.158,23.120,23.097,23.082,23.067,23.044,23.021,23.014,22.999,22.976,22.961,22.946,22.931,22.908,22.893,22.878,22.870,22.847,22.832,22.817,22.809,22.794,22.787,22.787,22.779,22.771,22.756,22.749,22.741,22.726,22.711,22.696,22.688,22.665,22.658,22.650,22.642,22.627,22.612,22.604,22.589,22.574,22.551,22.544,22.528,22.513,22.498,22.490,22.490,22.498,22.490,22.483,22.483,22.490,22.528,22.566,22.589,22.604,22.635,22.680,22.733,22.779,22.817,22.862,22.915,22.968,23.029,23.105,23.180,23.263,23.346,23.497,23.700,23.963,24.292,24.740,25.304,25.967,26.707,27.384,27.970,28.416,28.603,28.725,28.832,28.925,28.940,28.997,29.104,29.247,29.325,29.403,29.496,29.588,29.673,29.744,29.815,29.879,29.872,29.929,29.992,30.035,30.035,30.042,30.063,30.098,30.120,30.113,30.113,30.127,30.148,30.162,30.162,30.162,30.162,30.155,30.148,30.134,30.120,30.106,30.091,30.077,30.063,30.063,30.049,30.028,29.999,30.014,30.042,30.077,30.106,30.141,30.169,30.204,30.233,30.268,30.296,30.332,30.367,30.388,30.402,30.409,30.402,30.402,30.388,30.367,30.346,30.324,30.310,30.289,30.268,30.240,30.212,30.190,30.162,30.134,30.113,30.098,30.084,30.077,30.077,30.091,30.106,30.127,30.141,30.155,30.169,30.169,30.176,30.169,30.169,30.155,30.148,30.148,30.148,30.155,30.162,30.176,30.176,30.183,30.190,30.197,30.197,30.197,30.183,30.169,30.155,30.148,30.134,30.106,30.021,29.950,29.900,29.865,29.865,29.829,29.780,29.751,29.829,29.872,29.900,29.914,29.936,29.978,30.028,30.070,30.113,30.162,30.219,30.268,30.296,30.303,30.289,30.247,30.162,30.070,29.978,29.858,29.659,29.446,29.296,29.218,29.090,28.703,28.294,27.956,27.732,27.290,26.700,26.056,25.540,25.007,24.449,23.858,23.309,23.127,23.105,23.165,23.195,23.173,23.158,23.158,23.165,23.173,23.158,23.142,23.112,23.082,23.059,23.037,23.021,22.999,22.968,22.938,22.915,22.893,22.878,22.862,22.840,22.824,22.809,22.787,22.756,22.733,22.718,22.703,22.673,22.627,22.582,22.551,22.528,22.498,22.460,22.429,22.399,22.384,22.353,22.315,22.292,22.277,22.262,22.239,22.224,22.209,22.201,22.186,22.170,22.163,22.155,22.140,22.140,22.132,22.132,22.140,22.140,22.140,22.140,22.147,22.155,22.163,22.170,22.170,22.163,22.155,22.147,22.140,22.132,22.125,22.125,22.125,22.125,22.140,22.147,22.163,22.163,22.163,22.170,22.170,22.170,22.155,22.155,22.155,22.155,22.155,22.163,22.163,22.163,22.163,22.170,22.170,22.170,22.170,22.170,22.170,22.170,22.170,22.163,22.163,22.163,22.155,22.147,22.132,22.132,22.125,22.117,22.102,22.086,22.071,22.048,22.018,21.987,21.972,21.964,21.964,21.956,21.918,21.880,21.842,21.811,21.796,21.765,21.742,21.704,21.673,21.635,21.604,21.566,21.520,21.474,21.427,21.420,21.420,21.420,21.412,21.404,21.397,21.412,21.427,21.443,21.458,21.481,21.504,21.543,21.573,21.604,21.635,21.658,21.673,21.688,21.704,21.727,21.734,21.742,21.757,21.765,21.773,21.780,21.773,21.765,21.750,21.734,21.719,21.696,21.681,21.665,21.658,21.658,21.673,21.681,21.681,21.681,21.681,21.673,21.665,21.650,21.635,21.619,21.596,21.589,21.581,21.573,21.558,21.558,21.550,21.543,21.527,21.504,21.489,21.474,21.450,21.443,21.435,21.427,21.412,21.397,21.381,21.366,21.351,21.351,21.358,21.358,21.358,21.343,21.327,21.312,21.297,21.297,21.312,21.320,21.327,21.320,21.312,21.312,21.312,21.312,21.320,21.327,21.335,21.335,21.343,21.351,21.358,21.366,21.366,21.374,21.389,21.404,21.412,21.427,21.450,21.481,21.504,21.520,21.535,21.535,21.535
,23.248,23.241,23.218,23.188,23.158,23.120,23.089,23.074,23.059,23.037,23.014,22.999,22.991,22.976,22.953,22.946,22.931,22.908,22.893,22.878,22.862,22.847,22.832,22.824,22.809,22.794,22.787,22.779,22.771,22.764,22.749,22.741,22.733,22.718,22.703,22.696,22.680,22.665,22.658,22.642,22.635,22.620,22.604,22.597,22.582,22.566,22.544,22.528,22.513,22.490,22.483,22.475,22.468,22.475,22.468,22.460,22.460,22.475,22.513,22.551,22.582,22.597,22.627,22.665,22.718,22.764,22.802,22.847,22.900,22.953,23.021,23.089,23.165,23.248,23.331,23.474,23.663,23.895,24.217,24.643,25.178,25.820,26.561,27.268,27.891,28.388,28.603,28.732,28.847,28.940,28.947,28.997,29.104,29.247,29.332,29.432,29.524,29.602,29.680,29.766,29.836,29.886,29.872,29.936,29.999,30.042,30.035,30.049,30.070,30.098,30.113,30.113,30.113,30.127,30.141,30.155,30.162,30.155,30.155,30.148,30.134,30.120,30.106,30.091,30.077,30.056,30.042,30.035,30.021,30.006,29.971,29.985,30.021,30.056,30.084,30.113,30.148,30.183,30.212,30.240,30.275,30.310,30.346,30.374,30.381,30.388,30.388,30.388,30.374,30.353,30.324,30.303,30.282,30.261,30.233,30.204,30.176,30.148,30.120,30.091,30.070,30.049,30.035,30.028,30.042,30.063,30.084,30.098,30.120,30.134,30.155,30.162,30.169,30.169,30.169,30.162,30.155,30.148,30.148,30.162,30.169,30.176,30.176,30.183,30.190,30.190,30.204,30.204,30.197,30.190,30.176,30.162,30.141,30.106,30.042,29.971,29.914,29.879,29.879,29.844,29.801,29.766,29.829,29.865,29.893,29.907,29.929,29.971,30.014,30.056,30.098,30.148,30.204,30.254,30.289,30.296,30.282,30.233,30.148,30.056,29.957,29.844,29.645,29.417,29.261,29.182,29.040,28.660,28.266,27.927,27.681,27.225,26.642,25.997,25.481,24.948,24.389,23.813,23.278,23.105,23.082,23.135,23.158,23.135,23.112,23.112,23.120,23.127,23.120,23.105,23.074,23.052,23.029,23.006,22.991,22.968,22.938,22.915,22.893,22.870,22.855,22.840,22.817,22.802,22.794,22.779,22.749,22.726,22.711,22.696,22.665,22.627,22.582,22.551,22.528,22.498,22.460,22.429,22.407,22.384,22.361,22.323,22.292,22.277,22.262,22.239,22.216,22.209,22.193,22.186,22.170,22.170,22.163,22.155,22.140,22.140,22.140,22.140,22.140,22.140,22.140,22.140,22.147,22.155,22.163,22.163,22.163,22.155,22.147,22.140,22.132,22.125,22.125,22.125,22.125,22.140,22.147,22.155,22.155,22.163,22.163,22.163,22.163,22.155,22.155,22.155,22.155,22.155,22.155,22.155,22.155,22.163,22.163,22.170,22.170,22.163,22.163,22.163,22.163,22.163,22.163,22.155,22.155,22.147,22.140,22.132,22.125,22.117,22.109,22.102,22.079,22.063,22.048,22.018,21.987,21.964,21.956,21.964,21.949,21.918,21.880,21.834,21.811,21.796,21.773,21.742,21.711,21.681,21.650,21.619,21.581,21.535,21.489,21.435,21.427,21.427,21.427,21.420,21.404,21.404,21.412,21.427,21.443,21.458,21.474,21.504,21.535,21.566,21.596,21.627,21.658,21.673,21.688,21.711,21.727,21.734,21.742,21.750,21.765,21.773,21.780,21.773,21.765,21.757,21.742,21.727,21.704,21.688,21.673,21.665,21.673,21.681,21.688,21.696,21.696,21.688,21.681,21.673,21.658,21.642,21.627,21.612,21.596,21.589,21.581,21.566,21.558,21.543,21.535,21.520,21.504,21.489,21.474,21.458,21.443,21.435,21.427,21.412,21.397,21.389,21.374,21.366,21.366,21.366,21.366,21.358,21.343,21.335,21.320,21.312,21.304,21.312,21.312,21.312,21.304,21.304,21.304,21.304,21.312,21.320,21.327,21.335,21.335,21.343,21.351,21.358,21.358,21.366,21.374,21.389,21.404,21.412,21.420,21.443,21.474,21.497,21.512,21.527,21.527,21.527
,23.248,23.241,23.218,23.188,23.158,23.120,23.089,23.067,23.052,23.029,23.006,22.991,22.984,22.968,22.953,22.938,22.923,22.908,22.893,22.878,22.862,22.847,22.832,22.824,22.809,22.794,22.779,22.779,22.764,22.756,22.741,22.733,22.718,22.711,22.696,22.688,22.673,22.665,22.650,22.642,22.627,22.612,22.597,22.589,22.574,22.551,22.528,22.513,22.498,22.475,22.468,22.452,22.452,22.452,22.445,22.437,22.437,22.452,22.498,22.536,22.566,22.582,22.612,22.658,22.696,22.741,22.787,22.832,22.878,22.938,23.006,23.067,23.127,23.210,23.301,23.429,23.595,23.813,24.135,24.546,25.067,25.695,26.430,27.159,27.819,28.366,28.610,28.754,28.868,28.954,28.961,29.004,29.104,29.239,29.332,29.453,29.545,29.609,29.695,29.780,29.851,29.886,29.879,29.943,30.006,30.042,30.035,30.049,30.077,30.098,30.113,30.106,30.113,30.127,30.141,30.155,30.155,30.148,30.148,30.141,30.127,30.106,30.091,30.077,30.056,30.042,30.021,30.006,29.992,29.971,29.936,29.957,29.992,30.035,30.063,30.091,30.120,30.155,30.183,30.219,30.247,30.289,30.324,30.346,30.360,30.367,30.367,30.367,30.353,30.332,30.303,30.275,30.247,30.226,30.204,30.169,30.141,30.113,30.077,30.049,30.021,29.999,29.985,29.992,30.006,30.035,30.056,30.070,30.091,30.113,30.134,30.148,30.162,30.169,30.169,30.162,30.162,30.155,30.155,30.162,30.169,30.176,30.183,30.183,30.190,30.190,30.212,30.212,30.212,30.204,30.190,30.176,30.155,30.113,30.056,29.985,29.929,29.893,29.893,29.858,29.815,29.780,29.815,29.851,29.879,29.900,29.929,29.964,30.006,30.042,30.084,30.134,30.190,30.240,30.268,30.275,30.261,30.212,30.120,30.028,29.936,29.822,29.624,29.382,29.232,29.147,28.982,28.610,28.237,27.905,27.631,27.159,26.576,25.931,25.407,24.873,24.322,23.753,23.233,23.074,23.059,23.105,23.120,23.089,23.074,23.074,23.082,23.089,23.082,23.074,23.052,23.021,22.999,22.976,22.961,22.946,22.915,22.893,22.870,22.847,22.832,22.817,22.802,22.794,22.787,22.771,22.741,22.711,22.696,22.680,22.658,22.620,22.582,22.551,22.528,22.490,22.460,22.429,22.407,22.391,22.361,22.323,22.292,22.277,22.254,22.239,22.216,22.201,22.193,22.186,22.178,22.170,22.170,22.163,22.147,22.147,22.140,22.132,22.132,22.132,22.132,22.140,22.140,22.155,22.163,22.163,22.163,22.155,22.147,22.140,22.132,22.125,22.117,22.117,22.125,22.140,22.147,22.155,22.155,22.163,22.163,22.155,22.155,22.155,22.147,22.147,22.147,22.147,22.147,22.147,22.155,22.155,22.163,22.163,22.163,22.163,22.155,22.155,22.155,22.155,22.155,22.147,22.147,22.147,22.132,22.125,22.117,22.117,22.102,22.094,22.079,22.063,22.041,22.010,21.979,21.956,21.956,21.964,21.956,21.926,21.888,21.842,21.819,21.796,21.780,21.757,21.727,21.696,21.658,21.635,21.596,21.550,21.497,21.450,21.427,21.435,21.443,21.435,21.420,21.412,21.420,21.435,21.443,21.458,21.474,21.504,21.535,21.558,21.589,21.627,21.658,21.673,21.688,21.711,21.727,21.734,21.742,21.750,21.765,21.773,21.780,21.773,21.773,21.757,21.742,21.727,21.711,21.696,21.681,21.673,21.681,21.688,21.696,21.704,21.704,21.696,21.688,21.681,21.665,21.650,21.627,21.612,21.604,21.596,21.589,21.573,21.558,21.543,21.535,21.520,21.504,21.489,21.481,21.474,21.450,21.435,21.427,21.412,21.404,21.397,21.389,21.381,21.374,21.374,21.366,21.358,21.351,21.343,21.335,21.320,21.312,21.312,21.304,21.297,21.297,21.297,21.304,21.304,21.312,21.320,21.327,21.335,21.335,21.343,21.351,21.351,21.358,21.366,21.374,21.389,21.397,21.404,21.412,21.435,21.466,21.489,21.512,21.527,21.527,21.527
,23.248,23.241,23.218,23.188,23.150,23.112,23.082,23.067,23.044,23.021,22.999,22.984,22.976,22.961,22.946,22.931,22.923,22.908,22.893,22.878,22.862,22.847,22.832,22.817,22.809,22.794,22.779,22.771,22.756,22.741,22.733,22.718,22.711,22.696,22.688,22.673,22.665,22.650,22.642,22.635,22.620,22.604,22.589,22.574,22.559,22.544,22.521,22.506,22.483,22.468,22.452,22.437,22.429,22.429,22.429,22.414,22.414,22.422,22.483,22.528,22.551,22.566,22.604,22.642,22.688,22.718,22.771,22.817,22.862,22.923,22.991,23.037,23.089,23.150,23.248,23.369,23.520,23.730,24.053,24.471,24.977,25.584,26.312,27.057,27.746,28.330,28.610,28.775,28.897,28.975,28.975,29.011,29.104,29.239,29.332,29.453,29.545,29.609,29.688,29.780,29.844,29.879,29.872,29.943,30.014,30.042,30.035,30.056,30.077,30.098,30.113,30.113,30.113,30.127,30.141,30.148,30.148,30.141,30.141,30.127,30.113,30.098,30.077,30.056,30.042,30.021,29.999,29.985,29.971,29.943,29.893,29.922,29.964,30.006,30.042,30.070,30.098,30.127,30.162,30.190,30.219,30.261,30.296,30.324,30.339,30.339,30.339,30.339,30.324,30.303,30.268,30.240,30.212,30.190,30.162,30.134,30.098,30.070,30.042,30.006,29.978,29.964,29.950,29.957,29.978,30.006,30.028,30.042,30.063,30.084,30.106,30.127,30.148,30.162,30.169,30.169,30.162,30.162,30.169,30.169,30.176,30.190,30.190,30.190,30.190,30.197,30.212,30.219,30.212,30.204,30.197,30.183,30.155,30.120,30.063,29.999,29.943,29.900,29.900,29.865,29.822,29.787,29.801,29.829,29.858,29.886,29.922,29.957,29.992,30.028,30.070,30.113,30.162,30.219,30.240,30.247,30.233,30.183,30.091,29.992,29.900,29.794,29.595,29.353,29.197,29.118,28.932,28.567,28.201,27.876,27.573,27.094,26.503,25.850,25.318,24.792,24.240,23.685,23.195,23.044,23.037,23.082,23.089,23.052,23.037,23.037,23.052,23.059,23.059,23.044,23.021,22.999,22.968,22.953,22.938,22.915,22.893,22.870,22.847,22.824,22.809,22.794,22.779,22.787,22.787,22.771,22.733,22.703,22.680,22.673,22.650,22.604,22.566,22.544,22.521,22.483,22.452,22.429,22.407,22.384,22.361,22.323,22.292,22.277,22.254,22.231,22.216,22.201,22.193,22.186,22.178,22.178,22.170,22.163,22.155,22.147,22.140,22.132,22.132,22.132,22.132,22.140,22.140,22.147,22.155,22.155,22.155,22.155,22.147,22.140,22.132,22.125,22.117,22.117,22.125,22.132,22.140,22.155,22.155,22.155,22.155,22.155,22.155,22.147,22.147,22.140,22.140,22.140,22.140,22.147,22.147,22.147,22.155,22.155,22.155,22.155,22.155,22.155,22.155,22.147,22.147,22.140,22.140,22.140,22.132,22.117,22.117,22.109,22.102,22.086,22.071,22.056,22.041,22.010,21.972,21.956,21.949,21.956,21.972,21.941,21.903,21.865,21.834,21.811,21.788,21.765,21.734,21.704,21.673,21.642,21.612,21.558,21.512,21.458,21.427,21.443,21.450,21.443,21.427,21.427,21.427,21.443,21.450,21.458,21.474,21.504,21.535,21.558,21.589,21.619,21.650,21.665,21.688,21.704,21.719,21.727,21.734,21.742,21.757,21.773,21.773,21.773,21.773,21.757,21.742,21.727,21.711,21.696,21.688,21.673,21.681,21.688,21.704,21.704,21.696,21.696,21.696,21.681,21.665,21.650,21.627,21.612,21.604,21.596,21.589,21.573,21.558,21.543,21.527,21.512,21.504,21.497,21.489,21.474,21.458,21.443,21.427,21.412,21.404,21.404,21.397,21.389,21.389,21.374,21.366,21.358,21.351,21.351,21.343,21.335,21.327,21.312,21.304,21.304,21.297,21.297,21.304,21.312,21.312,21.320,21.327,21.327,21.327,21.335,21.343,21.351,21.351,21.366,21.374,21.389,21.397,21.404,21.412,21.427,21.458,21.489,21.512,21.527,21.527,21.527
,23.233,23.226,23.203,23.180,23.142,23.105,23.082,23.067,23.052,23.029,23.006,22.991,22.976,22.961,22.938,22.923,22.915,22.893,22.878,22.870,22.855,22.832,22.817,22.809,22.794,22.779,22.764,22.756,22.749,22.733,22.718,22.711,22.696,22.688,22.673,22.665,22.658,22.642,22.635,22.627,22.620,22.597,22.589,22.574,22.559,22.536,22.513,22.498,22.483,22.460,22.437,22.429,22.429,22.429,22.422,22.407,22.399,22.399,22.468,22.513,22.544,22.574,22.604,22.635,22.673,22.718,22.756,22.802,22.855,22.915,22.976,23.029,23.082,23.142,23.226,23.339,23.497,23.715,24.023,24.419,24.911,25.503,26.202,26.948,27.652,28.258,28.582,28.775,28.897,28.975,28.968,29.011,29.111,29.239,29.325,29.446,29.538,29.602,29.680,29.766,29.829,29.872,29.872,29.943,30.014,30.042,30.042,30.056,30.077,30.106,30.113,30.113,30.120,30.141,30.148,30.148,30.148,30.141,30.134,30.120,30.106,30.084,30.063,30.042,30.021,29.999,29.978,29.964,29.950,29.922,29.886,29.893,29.929,29.985,30.014,30.042,30.063,30.098,30.127,30.155,30.190,30.219,30.261,30.289,30.296,30.296,30.296,30.296,30.289,30.268,30.226,30.197,30.176,30.162,30.127,30.098,30.063,30.042,30.006,29.978,29.957,29.943,29.929,29.936,29.950,29.985,29.999,30.006,30.028,30.049,30.077,30.098,30.120,30.141,30.155,30.162,30.169,30.169,30.176,30.176,30.183,30.190,30.190,30.190,30.190,30.197,30.212,30.219,30.212,30.212,30.197,30.183,30.162,30.127,30.070,30.006,29.950,29.907,29.900,29.865,29.822,29.780,29.780,29.801,29.822,29.851,29.886,29.922,29.957,29.992,30.028,30.070,30.113,30.162,30.176,30.190,30.176,30.141,30.049,29.950,29.851,29.744,29.560,29.332,29.175,29.082,28.882,28.524,28.165,27.847,27.522,27.028,26.422,25.761,25.230,24.702,24.165,23.625,23.158,23.029,23.021,23.067,23.052,23.021,22.999,23.006,23.021,23.029,23.029,23.014,22.984,22.961,22.938,22.923,22.908,22.893,22.870,22.847,22.824,22.802,22.787,22.771,22.771,22.779,22.779,22.764,22.718,22.688,22.673,22.650,22.627,22.589,22.551,22.521,22.506,22.468,22.437,22.407,22.384,22.369,22.346,22.323,22.292,22.277,22.262,22.239,22.224,22.209,22.201,22.193,22.186,22.178,22.178,22.170,22.163,22.147,22.140,22.132,22.132,22.132,22.132,22.140,22.140,22.147,22.155,22.155,22.155,22.147,22.140,22.132,22.125,22.117,22.117,22.117,22.117,22.132,22.140,22.155,22.155,22.155,22.155,22.155,22.147,22.147,22.140,22.140,22.140,22.140,22.140,22.140,22.147,22.147,22.147,22.147,22.155,22.155,22.155,22.155,22.155,22.147,22.147,22.140,22.140,22.132,22.125,22.117,22.109,22.102,22.094,22.071,22.063,22.048,22.033,22.010,21.972,21.956,21.941,21.949,21.979,21.964,21.934,21.895,21.849,21.826,21.803,21.780,21.742,21.711,21.681,21.658,21.619,21.573,21.527,21.489,21.474,21.474,21.466,21.458,21.443,21.435,21.435,21.450,21.450,21.466,21.481,21.504,21.535,21.558,21.581,21.612,21.642,21.665,21.681,21.696,21.711,21.719,21.727,21.734,21.750,21.757,21.765,21.773,21.765,21.750,21.742,21.727,21.704,21.688,21.673,21.665,21.673,21.673,21.688,21.696,21.696,21.696,21.688,21.673,21.665,21.650,21.635,21.612,21.604,21.596,21.581,21.566,21.558,21.543,21.527,21.512,21.504,21.497,21.489,21.474,21.458,21.443,21.435,21.420,21.412,21.404,21.397,21.389,21.381,21.374,21.366,21.358,21.358,21.351,21.343,21.335,21.335,21.327,21.320,21.312,21.312,21.312,21.312,21.312,21.312,21.312,21.312,21.320,21.327,21.327,21.335,21.351,21.358,21.366,21.381,21.397,21.404,21.404,21.420,21.435,21.474,21.497,21.520,21.535,21.543,21.543
,23.218,23.210,23.195,23.165,23.135,23.105,23.082,23.074,23.059,23.037,23.014,23.006,22.984,22.968,22.946,22.923,22.908,22.885,22.870,22.855,22.840,22.824,22.809,22.794,22.787,22.771,22.756,22.749,22.733,22.726,22.711,22.696,22.688,22.680,22.665,22.658,22.650,22.642,22.627,22.620,22.612,22.597,22.589,22.582,22.566,22.544,22.521,22.498,22.483,22.460,22.445,22.429,22.429,22.429,22.422,22.414,22.407,22.414,22.468,22.506,22.544,22.574,22.597,22.635,22.673,22.711,22.749,22.794,22.847,22.908,22.968,23.021,23.082,23.142,23.218,23.324,23.474,23.685,23.978,24.367,24.844,25.415,26.114,26.846,27.558,28.194,28.546,28.761,28.890,28.961,28.954,29.011,29.104,29.232,29.318,29.432,29.524,29.595,29.666,29.744,29.815,29.858,29.865,29.936,29.999,30.042,30.042,30.056,30.077,30.106,30.113,30.120,30.127,30.141,30.155,30.155,30.148,30.141,30.134,30.120,30.098,30.077,30.056,30.035,30.014,29.992,29.971,29.957,29.936,29.914,29.886,29.886,29.907,29.943,29.985,30.014,30.035,30.063,30.091,30.113,30.148,30.183,30.226,30.254,30.261,30.268,30.261,30.261,30.254,30.233,30.197,30.169,30.141,30.120,30.091,30.063,30.035,30.006,29.985,29.964,29.950,29.929,29.914,29.914,29.929,29.957,29.978,29.985,29.999,30.014,30.028,30.056,30.084,30.113,30.134,30.148,30.162,30.169,30.162,30.169,30.176,30.197,30.197,30.197,30.197,30.204,30.219,30.226,30.226,30.219,30.204,30.183,30.162,30.134,30.077,30.021,29.964,29.914,29.900,29.872,29.829,29.787,29.773,29.780,29.801,29.829,29.865,29.893,29.922,29.950,29.985,30.028,30.070,30.113,30.127,30.134,30.127,30.091,30.021,29.922,29.822,29.709,29.531,29.311,29.161,29.068,28.847,28.495,28.143,27.826,27.486,26.977,26.364,25.695,25.163,24.628,24.098,23.572,23.127,23.021,23.014,23.052,23.029,22.991,22.968,22.968,22.984,22.991,22.991,22.984,22.953,22.923,22.908,22.893,22.885,22.878,22.855,22.824,22.802,22.787,22.771,22.756,22.764,22.779,22.771,22.749,22.703,22.680,22.658,22.642,22.612,22.574,22.544,22.521,22.498,22.468,22.429,22.399,22.369,22.361,22.338,22.315,22.300,22.285,22.270,22.247,22.231,22.224,22.209,22.201,22.186,22.186,22.178,22.170,22.155,22.147,22.140,22.132,22.132,22.132,22.132,22.140,22.140,22.147,22.155,22.155,22.147,22.140,22.132,22.125,22.117,22.117,22.117,22.117,22.117,22.132,22.140,22.155,22.155,22.147,22.147,22.147,22.147,22.140,22.140,22.140,22.140,22.140,22.140,22.140,22.140,22.140,22.140,22.140,22.147,22.147,22.147,22.147,22.147,22.147,22.140,22.140,22.140,22.132,22.125,22.117,22.109,22.094,22.086,22.071,22.056,22.048,22.033,22.010,21.979,21.949,21.934,21.934,21.972,21.964,21.941,21.903,21.865,21.834,21.811,21.780,21.750,21.727,21.696,21.665,21.635,21.589,21.550,21.512,21.497,21.497,21.481,21.466,21.450,21.443,21.443,21.450,21.458,21.466,21.489,21.512,21.535,21.558,21.581,21.612,21.635,21.658,21.673,21.688,21.711,21.719,21.719,21.727,21.750,21.757,21.757,21.757,21.757,21.750,21.734,21.719,21.696,21.681,21.665,21.650,21.658,21.658,21.665,21.673,21.681,21.681,21.681,21.673,21.665,21.650,21.635,21.612,21.596,21.589,21.581,21.566,21.550,21.535,21.527,21.512,21.504,21.489,21.481,21.474,21.458,21.450,21.435,21.427,21.412,21.404,21.397,21.389,21.374,21.374,21.366,21.358,21.358,21.351,21.343,21.343,21.343,21.343,21.335,21.335,21.327,21.327,21.327,21.320,21.312,21.304,21.304,21.304,21.312,21.327,21.335,21.351,21.366,21.374,21.381,21.397,21.412,21.420,21.427,21.450,21.481,21.512,21.535,21.558,21.558,21.558
,23.203,23.195,23.180,23.158,23.127,23.105,23.082,23.074,23.059,23.037,23.021,23.006,22.991,22.968,22.946,22.923,22.908,22.885,22.862,22.847,22.832,22.817,22.802,22.787,22.771,22.764,22.749,22.741,22.726,22.711,22.696,22.688,22.680,22.673,22.658,22.650,22.635,22.627,22.620,22.612,22.604,22.597,22.582,22.574,22.559,22.544,22.521,22.498,22.475,22.452,22.437,22.429,22.429,22.429,22.429,22.422,22.422,22.422,22.460,22.498,22.536,22.566,22.597,22.627,22.665,22.703,22.741,22.787,22.832,22.893,22.953,23.014,23.067,23.120,23.203,23.301,23.437,23.625,23.918,24.300,24.762,25.318,26.019,26.737,27.464,28.129,28.510,28.746,28.890,28.954,28.947,29.004,29.111,29.232,29.318,29.417,29.510,29.588,29.652,29.730,29.801,29.851,29.858,29.929,29.992,30.035,30.035,30.056,30.077,30.106,30.106,30.120,30.134,30.148,30.162,30.155,30.148,30.141,30.127,30.113,30.091,30.070,30.042,30.028,30.006,29.978,29.957,29.943,29.929,29.907,29.893,29.886,29.893,29.914,29.950,29.978,30.006,30.035,30.056,30.084,30.113,30.148,30.190,30.219,30.233,30.233,30.233,30.226,30.219,30.204,30.169,30.134,30.113,30.091,30.063,30.042,30.014,29.985,29.964,29.950,29.936,29.914,29.900,29.900,29.914,29.943,29.957,29.964,29.978,29.992,29.999,30.028,30.063,30.091,30.120,30.141,30.155,30.162,30.148,30.162,30.176,30.197,30.204,30.212,30.204,30.212,30.219,30.226,30.233,30.226,30.212,30.197,30.176,30.148,30.091,30.035,29.978,29.929,29.900,29.872,29.829,29.794,29.773,29.773,29.787,29.808,29.844,29.865,29.893,29.922,29.964,29.999,30.035,30.070,30.084,30.091,30.091,30.063,29.999,29.900,29.794,29.688,29.503,29.296,29.154,29.054,28.818,28.467,28.129,27.811,27.450,26.926,26.305,25.636,25.089,24.553,24.030,23.527,23.120,23.021,23.021,23.037,23.006,22.961,22.938,22.946,22.961,22.968,22.968,22.961,22.931,22.900,22.878,22.862,22.862,22.855,22.840,22.809,22.787,22.771,22.756,22.756,22.756,22.764,22.756,22.726,22.696,22.673,22.658,22.642,22.604,22.574,22.544,22.513,22.498,22.460,22.422,22.391,22.369,22.353,22.338,22.315,22.300,22.285,22.277,22.262,22.239,22.231,22.216,22.209,22.193,22.186,22.178,22.170,22.155,22.147,22.140,22.132,22.132,22.132,22.140,22.140,22.140,22.147,22.155,22.155,22.147,22.140,22.132,22.117,22.117,22.109,22.109,22.117,22.117,22.132,22.140,22.147,22.147,22.147,22.140,22.140,22.140,22.140,22.132,22.132,22.132,22.132,22.140,22.132,22.132,22.132,22.132,22.132,22.140,22.140,22.140,22.147,22.147,22.140,22.140,22.132,22.132,22.132,22.125,22.117,22.102,22.094,22.079,22.063,22.048,22.048,22.033,22.018,21.979,21.949,21.926,21.918,21.941,21.941,21.918,21.895,21.865,21.842,21.819,21.796,21.765,21.734,21.704,21.681,21.642,21.604,21.566,21.527,21.520,21.512,21.497,21.481,21.458,21.450,21.450,21.458,21.466,21.474,21.489,21.512,21.535,21.558,21.581,21.612,21.635,21.650,21.665,21.681,21.696,21.711,21.719,21.727,21.742,21.750,21.750,21.750,21.750,21.742,21.727,21.711,21.696,21.673,21.658,21.642,21.642,21.642,21.650,21.658,21.665,21.665,21.673,21.665,21.658,21.642,21.627,21.612,21.596,21.581,21.573,21.558,21.543,21.535,21.527,21.520,21.504,21.489,21.481,21.466,21.458,21.450,21.443,21.435,21.420,21.404,21.397,21.381,21.374,21.374,21.374,21.366,21.358,21.351,21.351,21.351,21.351,21.351,21.351,21.358,21.351,21.343,21.335,21.327,21.312,21.304,21.297,21.297,21.304,21.320,21.335,21.358,21.366,21.374,21.389,21.404,21.420,21.427,21.435,21.458,21.489,21.520,21.550,21.566,21.573,21.573
,23.188,23.180,23.173,23.150,23.127,23.105,23.082,23.067,23.052,23.029,23.006,22.999,22.976,22.953,22.931,22.915,22.900,22.878,22.855,22.840,22.832,22.809,22.794,22.787,22.771,22.756,22.741,22.733,22.726,22.703,22.696,22.680,22.673,22.658,22.642,22.635,22.620,22.612,22.604,22.604,22.597,22.589,22.574,22.566,22.551,22.536,22.513,22.490,22.468,22.445,22.429,22.422,22.422,22.429,22.429,22.429,22.422,22.429,22.460,22.490,22.528,22.566,22.589,22.620,22.658,22.696,22.733,22.771,22.824,22.878,22.946,22.999,23.052,23.097,23.180,23.271,23.392,23.565,23.843,24.217,24.673,25.222,25.923,26.642,27.377,28.064,28.474,28.754,28.904,28.954,28.947,29.011,29.118,29.239,29.318,29.410,29.503,29.581,29.645,29.723,29.794,29.844,29.851,29.922,29.985,30.035,30.035,30.049,30.077,30.106,30.106,30.127,30.148,30.162,30.169,30.162,30.155,30.141,30.127,30.113,30.091,30.063,30.035,30.021,29.999,29.971,29.943,29.929,29.914,29.900,29.886,29.872,29.879,29.900,29.922,29.950,29.985,30.014,30.035,30.049,30.077,30.120,30.162,30.190,30.204,30.204,30.204,30.197,30.190,30.169,30.134,30.106,30.077,30.056,30.035,30.014,29.985,29.964,29.950,29.936,29.922,29.907,29.893,29.900,29.914,29.936,29.943,29.950,29.964,29.978,29.985,30.021,30.056,30.084,30.120,30.141,30.155,30.162,30.148,30.162,30.183,30.212,30.226,30.226,30.226,30.219,30.219,30.226,30.233,30.240,30.226,30.212,30.190,30.162,30.113,30.049,29.992,29.936,29.900,29.865,29.829,29.794,29.780,29.780,29.780,29.794,29.822,29.851,29.872,29.907,29.943,29.985,30.021,30.049,30.056,30.070,30.070,30.049,29.985,29.879,29.773,29.659,29.481,29.289,29.147,29.040,28.804,28.445,28.107,27.797,27.406,26.868,26.239,25.570,25.007,24.479,23.963,23.482,23.105,23.029,23.029,23.029,22.984,22.938,22.915,22.931,22.946,22.953,22.953,22.938,22.908,22.885,22.862,22.847,22.847,22.840,22.824,22.802,22.779,22.764,22.749,22.749,22.741,22.741,22.726,22.711,22.688,22.665,22.658,22.635,22.604,22.574,22.544,22.521,22.498,22.460,22.422,22.391,22.361,22.346,22.330,22.315,22.300,22.285,22.277,22.262,22.247,22.231,22.224,22.209,22.193,22.186,22.178,22.170,22.155,22.147,22.140,22.132,22.132,22.132,22.140,22.140,22.140,22.147,22.155,22.147,22.147,22.132,22.125,22.117,22.117,22.109,22.109,22.117,22.117,22.132,22.140,22.147,22.147,22.147,22.140,22.132,22.132,22.132,22.125,22.125,22.125,22.132,22.132,22.132,22.125,22.125,22.125,22.125,22.125,22.132,22.140,22.140,22.140,22.140,22.132,22.125,22.125,22.125,22.117,22.109,22.102,22.086,22.071,22.056,22.048,22.041,22.033,22.018,21.979,21.949,21.926,21.903,21.895,21.895,21.880,21.865,21.865,21.849,21.826,21.803,21.765,21.742,21.711,21.688,21.658,21.619,21.573,21.543,21.543,21.535,21.520,21.489,21.466,21.466,21.466,21.466,21.474,21.481,21.497,21.520,21.543,21.558,21.581,21.604,21.627,21.635,21.650,21.673,21.688,21.704,21.711,21.719,21.734,21.742,21.742,21.742,21.742,21.734,21.719,21.704,21.688,21.665,21.650,21.642,21.635,21.635,21.642,21.650,21.650,21.658,21.658,21.658,21.650,21.642,21.627,21.604,21.596,21.573,21.566,21.550,21.543,21.535,21.527,21.520,21.504,21.489,21.481,21.466,21.458,21.458,21.450,21.443,21.427,21.412,21.397,21.389,21.374,21.374,21.374,21.374,21.366,21.358,21.351,21.351,21.351,21.358,21.366,21.366,21.366,21.351,21.343,21.327,21.312,21.297,21.297,21.297,21.304,21.320,21.335,21.358,21.366,21.381,21.389,21.404,21.420,21.427,21.443,21.466,21.497,21.527,21.550,21.566,21.573,21.573
,23.180,23.173,23.173,23.158,23.135,23.105,23.074,23.059,23.037,23.006,22.984,22.961,22.946,22.931,22.908,22.900,22.893,22.878,22.862,22.847,22.832,22.817,22.809,22.794,22.787,22.771,22.756,22.741,22.726,22.711,22.688,22.673,22.665,22.642,22.627,22.620,22.612,22.597,22.589,22.582,22.574,22.566,22.551,22.544,22.536,22.513,22.490,22.468,22.445,22.429,22.414,22.407,22.407,22.414,22.422,22.422,22.422,22.422,22.445,22.483,22.513,22.551,22.589,22.620,22.658,22.688,22.718,22.756,22.809,22.862,22.923,22.984,23.037,23.082,23.158,23.241,23.361,23.550,23.813,24.180,24.643,25.193,25.864,26.569,27.297,27.992,28.445,28.761,28.918,28.947,28.947,29.018,29.125,29.247,29.325,29.410,29.489,29.567,29.631,29.716,29.787,29.836,29.844,29.907,29.978,30.028,30.035,30.049,30.070,30.106,30.106,30.141,30.162,30.176,30.183,30.176,30.162,30.148,30.141,30.120,30.098,30.070,30.042,30.028,29.999,29.971,29.936,29.922,29.907,29.886,29.872,29.858,29.865,29.893,29.907,29.929,29.957,29.992,30.014,30.028,30.049,30.084,30.127,30.155,30.169,30.162,30.162,30.155,30.148,30.134,30.106,30.077,30.056,30.035,30.014,29.992,29.964,29.943,29.929,29.907,29.907,29.922,29.922,29.929,29.929,29.943,29.943,29.950,29.957,29.971,29.992,30.028,30.063,30.091,30.127,30.148,30.169,30.169,30.155,30.162,30.190,30.226,30.247,30.247,30.240,30.233,30.219,30.233,30.247,30.247,30.233,30.219,30.190,30.155,30.113,30.042,29.978,29.922,29.886,29.851,29.815,29.787,29.780,29.780,29.780,29.787,29.808,29.829,29.851,29.879,29.922,29.957,29.992,30.014,30.014,30.021,30.014,29.999,29.943,29.829,29.716,29.602,29.439,29.261,29.132,29.018,28.775,28.416,28.071,27.746,27.341,26.780,26.129,25.451,24.888,24.367,23.865,23.407,23.074,23.021,23.029,23.014,22.953,22.908,22.893,22.915,22.931,22.938,22.938,22.923,22.893,22.870,22.855,22.847,22.840,22.824,22.809,22.787,22.771,22.756,22.741,22.733,22.718,22.711,22.703,22.688,22.673,22.658,22.642,22.620,22.589,22.566,22.536,22.506,22.475,22.452,22.422,22.391,22.361,22.346,22.330,22.315,22.300,22.285,22.277,22.262,22.247,22.231,22.224,22.209,22.193,22.186,22.178,22.170,22.163,22.147,22.140,22.132,22.132,22.132,22.140,22.140,22.140,22.147,22.155,22.147,22.147,22.132,22.125,22.117,22.109,22.109,22.109,22.109,22.117,22.125,22.132,22.147,22.147,22.147,22.140,22.132,22.132,22.132,22.125,22.125,22.125,22.125,22.125,22.125,22.125,22.125,22.125,22.125,22.125,22.132,22.140,22.140,22.140,22.132,22.132,22.125,22.125,22.117,22.109,22.102,22.094,22.079,22.063,22.048,22.041,22.041,22.033,22.018,21.987,21.956,21.926,21.895,21.880,21.872,21.865,21.865,21.857,21.849,21.834,21.811,21.780,21.750,21.719,21.696,21.658,21.619,21.573,21.550,21.558,21.550,21.543,21.512,21.489,21.481,21.481,21.481,21.489,21.497,21.512,21.535,21.550,21.566,21.581,21.596,21.612,21.619,21.635,21.650,21.673,21.688,21.704,21.719,21.727,21.734,21.742,21.742,21.734,21.727,21.719,21.696,21.688,21.673,21.658,21.642,21.642,21.642,21.642,21.650,21.650,21.658,21.658,21.650,21.642,21.635,21.619,21.596,21.581,21.566,21.558,21.543,21.535,21.535,21.527,21.520,21.512,21.497,21.481,21.466,21.466,21.458,21.458,21.450,21.443,21.420,21.412,21.397,21.389,21.389,21.389,21.381,21.374,21.366,21.358,21.351,21.351,21.358,21.366,21.366,21.358,21.343,21.335,21.327,21.320,21.312,21.304,21.304,21.312,21.327,21.343,21.358,21.358,21.374,21.381,21.397,21.412,21.427,21.443,21.466,21.497,21.520,21.543,21.550,21.558,21.558
,23.180,23.173,23.173,23.158,23.135,23.105,23.074,23.044,23.014,22.976,22.946,22.931,22.915,22.900,22.893,22.885,22.885,22.878,22.862,22.855,22.847,22.832,22.817,22.809,22.794,22.779,22.764,22.756,22.733,22.718,22.696,22.680,22.665,22.642,22.620,22.612,22.597,22.582,22.566,22.559,22.551,22.544,22.528,22.521,22.513,22.498,22.475,22.452,22.429,22.414,22.399,22.391,22.399,22.407,22.407,22.407,22.407,22.407,22.437,22.468,22.513,22.551,22.582,22.620,22.658,22.688,22.711,22.749,22.794,22.855,22.915,22.976,23.021,23.067,23.142,23.226,23.346,23.527,23.775,24.158,24.613,25.141,25.806,26.488,27.210,27.920,28.409,28.746,28.918,28.954,28.940,29.018,29.132,29.254,29.332,29.403,29.474,29.560,29.624,29.709,29.780,29.829,29.836,29.900,29.971,30.021,30.035,30.049,30.070,30.106,30.106,30.148,30.176,30.197,30.204,30.197,30.183,30.169,30.155,30.134,30.113,30.077,30.049,30.028,30.006,29.971,29.943,29.922,29.900,29.886,29.872,29.858,29.865,29.879,29.900,29.929,29.950,29.978,30.006,30.021,30.035,30.056,30.098,30.127,30.141,30.141,30.134,30.127,30.120,30.106,30.077,30.056,30.035,30.014,29.999,29.971,29.950,29.929,29.907,29.900,29.914,29.936,29.943,29.943,29.950,29.950,29.957,29.957,29.964,29.978,29.999,30.035,30.063,30.091,30.127,30.155,30.176,30.176,30.162,30.169,30.197,30.233,30.261,30.261,30.247,30.226,30.226,30.233,30.247,30.254,30.240,30.212,30.183,30.148,30.098,30.035,29.964,29.907,29.865,29.829,29.801,29.773,29.766,29.766,29.766,29.773,29.780,29.794,29.815,29.844,29.886,29.922,29.950,29.964,29.964,29.957,29.950,29.929,29.872,29.758,29.645,29.531,29.389,29.225,29.104,28.982,28.718,28.352,27.999,27.674,27.246,26.656,25.990,25.296,24.725,24.210,23.730,23.301,23.029,23.006,23.014,22.984,22.915,22.870,22.870,22.893,22.915,22.915,22.915,22.908,22.885,22.862,22.847,22.824,22.809,22.794,22.779,22.764,22.749,22.733,22.726,22.711,22.703,22.696,22.688,22.673,22.658,22.642,22.627,22.597,22.574,22.559,22.528,22.498,22.475,22.445,22.422,22.391,22.369,22.346,22.330,22.315,22.292,22.285,22.277,22.262,22.239,22.231,22.216,22.209,22.193,22.186,22.178,22.170,22.163,22.155,22.147,22.140,22.140,22.132,22.132,22.132,22.140,22.147,22.147,22.147,22.147,22.132,22.125,22.117,22.109,22.109,22.109,22.109,22.109,22.117,22.132,22.140,22.140,22.147,22.140,22.132,22.132,22.125,22.125,22.117,22.117,22.117,22.117,22.117,22.117,22.117,22.117,22.125,22.125,22.132,22.132,22.132,22.132,22.132,22.125,22.125,22.117,22.109,22.109,22.102,22.086,22.071,22.063,22.048,22.041,22.041,22.033,22.018,21.987,21.956,21.926,21.895,21.880,21.872,21.865,21.857,21.857,21.865,21.849,21.819,21.788,21.757,21.727,21.696,21.665,21.627,21.589,21.566,21.581,21.573,21.558,21.527,21.504,21.497,21.497,21.497,21.504,21.512,21.527,21.543,21.550,21.566,21.573,21.589,21.604,21.612,21.619,21.642,21.665,21.681,21.696,21.711,21.727,21.734,21.734,21.734,21.727,21.719,21.711,21.696,21.688,21.673,21.665,21.658,21.650,21.658,21.658,21.650,21.650,21.658,21.650,21.642,21.635,21.627,21.612,21.596,21.573,21.566,21.550,21.543,21.535,21.535,21.535,21.527,21.512,21.497,21.481,21.466,21.466,21.466,21.466,21.466,21.450,21.435,21.420,21.412,21.404,21.404,21.397,21.397,21.381,21.374,21.358,21.351,21.351,21.351,21.351,21.351,21.343,21.335,21.335,21.327,21.320,21.320,21.327,21.327,21.327,21.335,21.343,21.358,21.358,21.366,21.374,21.389,21.412,21.427,21.443,21.458,21.489,21.504,21.520,21.535,21.535,21.535
,23.180,23.173,23.173,23.158,23.135,23.105,23.067,23.029,22.991,22.953,22.915,22.900,22.893,22.878,22.878,22.878,22.885,22.878,22.870,22.862,22.855,22.840,22.824,22.817,22.809,22.794,22.771,22.756,22.741,22.718,22.696,22.680,22.658,22.635,22.612,22.597,22.582,22.566,22.551,22.544,22.528,22.521,22.506,22.498,22.490,22.475,22.452,22.429,22.414,22.399,22.384,22.384,22.384,22.391,22.399,22.399,22.399,22.399,22.429,22.468,22.506,22.544,22.574,22.620,22.650,22.680,22.711,22.741,22.787,22.847,22.908,22.961,23.006,23.052,23.120,23.203,23.324,23.482,23.730,24.113,24.561,25.074,25.739,26.408,27.130,27.855,28.373,28.732,28.918,28.961,28.940,29.025,29.140,29.254,29.325,29.396,29.467,29.553,29.624,29.709,29.780,29.822,29.829,29.893,29.964,30.021,30.035,30.049,30.070,30.106,30.113,30.155,30.190,30.212,30.219,30.212,30.197,30.183,30.169,30.141,30.106,30.070,30.035,30.014,29.992,29.964,29.929,29.914,29.893,29.879,29.865,29.865,29.858,29.865,29.886,29.914,29.943,29.964,29.985,29.999,30.014,30.028,30.063,30.091,30.113,30.113,30.106,30.098,30.091,30.077,30.056,30.028,30.014,29.999,29.978,29.957,29.936,29.914,29.900,29.907,29.922,29.943,29.957,29.957,29.957,29.957,29.957,29.957,29.964,29.978,29.992,30.021,30.049,30.077,30.113,30.148,30.169,30.176,30.162,30.169,30.190,30.219,30.254,30.261,30.247,30.233,30.233,30.247,30.254,30.261,30.240,30.204,30.176,30.148,30.091,30.021,29.957,29.893,29.851,29.815,29.787,29.766,29.758,29.751,29.751,29.751,29.758,29.766,29.780,29.808,29.836,29.872,29.900,29.907,29.900,29.893,29.886,29.865,29.801,29.695,29.581,29.474,29.339,29.189,29.068,28.947,28.668,28.287,27.934,27.602,27.159,26.539,25.857,25.163,24.591,24.075,23.610,23.210,22.999,22.999,23.006,22.953,22.878,22.840,22.847,22.878,22.893,22.893,22.893,22.878,22.862,22.847,22.824,22.802,22.779,22.764,22.749,22.733,22.718,22.711,22.703,22.696,22.688,22.680,22.665,22.658,22.635,22.627,22.604,22.582,22.559,22.544,22.521,22.490,22.468,22.445,22.414,22.391,22.369,22.353,22.330,22.315,22.292,22.285,22.270,22.254,22.239,22.224,22.216,22.201,22.186,22.186,22.178,22.163,22.163,22.155,22.147,22.147,22.140,22.132,22.132,22.132,22.132,22.140,22.147,22.147,22.147,22.132,22.125,22.117,22.117,22.109,22.102,22.102,22.109,22.117,22.125,22.132,22.140,22.140,22.140,22.132,22.132,22.125,22.117,22.109,22.109,22.109,22.109,22.109,22.109,22.109,22.117,22.117,22.125,22.125,22.125,22.125,22.125,22.125,22.125,22.117,22.109,22.109,22.102,22.094,22.079,22.071,22.056,22.041,22.041,22.041,22.033,22.018,21.987,21.956,21.926,21.895,21.880,21.872,21.872,21.865,21.865,21.872,21.857,21.826,21.796,21.765,21.734,21.711,21.673,21.642,21.612,21.589,21.604,21.596,21.573,21.543,21.520,21.512,21.504,21.504,21.512,21.520,21.535,21.550,21.558,21.566,21.573,21.581,21.596,21.604,21.612,21.627,21.650,21.673,21.688,21.711,21.727,21.734,21.734,21.727,21.719,21.711,21.704,21.688,21.681,21.673,21.673,21.665,21.665,21.665,21.665,21.658,21.658,21.650,21.642,21.635,21.627,21.619,21.604,21.589,21.573,21.558,21.550,21.535,21.535,21.535,21.535,21.527,21.512,21.497,21.481,21.474,21.466,21.474,21.474,21.466,21.458,21.450,21.435,21.427,21.420,21.412,21.412,21.404,21.389,21.381,21.366,21.358,21.351,21.343,21.343,21.343,21.335,21.335,21.327,21.327,21.327,21.335,21.343,21.343,21.343,21.343,21.343,21.351,21.351,21.358,21.366,21.389,21.404,21.420,21.435,21.458,21.481,21.497,21.504,21.512,21.512,21.512
,23.180,23.173,23.173,23.158,23.135,23.105,23.059,23.021,22.984,22.938,22.908,22.893,22.878,22.870,22.870,22.878,22.885,22.878,22.878,22.862,22.855,22.840,22.824,22.817,22.809,22.794,22.771,22.756,22.741,22.718,22.696,22.673,22.650,22.627,22.604,22.582,22.566,22.551,22.536,22.528,22.513,22.498,22.483,22.475,22.468,22.452,22.429,22.407,22.399,22.384,22.376,22.369,22.376,22.376,22.384,22.384,22.384,22.391,22.422,22.460,22.498,22.536,22.574,22.612,22.642,22.673,22.703,22.733,22.779,22.840,22.900,22.953,22.991,23.029,23.105,23.180,23.286,23.437,23.678,24.053,24.486,25.000,25.666,26.334,27.057,27.797,28.330,28.718,28.918,28.961,28.947,29.032,29.140,29.254,29.325,29.389,29.467,29.545,29.631,29.716,29.787,29.822,29.829,29.893,29.957,30.014,30.035,30.049,30.070,30.106,30.113,30.162,30.197,30.212,30.226,30.219,30.204,30.183,30.155,30.127,30.084,30.028,29.985,29.964,29.950,29.929,29.900,29.886,29.879,29.865,29.858,29.858,29.858,29.865,29.865,29.893,29.922,29.943,29.964,29.971,29.978,30.006,30.035,30.063,30.077,30.084,30.077,30.077,30.070,30.056,30.035,30.006,29.992,29.978,29.957,29.943,29.922,29.907,29.914,29.922,29.936,29.950,29.957,29.957,29.957,29.957,29.950,29.950,29.957,29.964,29.978,29.999,30.021,30.042,30.077,30.120,30.155,30.169,30.155,30.169,30.176,30.197,30.240,30.240,30.247,30.254,30.247,30.261,30.268,30.268,30.233,30.204,30.176,30.148,30.084,30.014,29.950,29.886,29.844,29.808,29.780,29.751,29.744,29.737,29.737,29.737,29.730,29.730,29.744,29.766,29.787,29.822,29.844,29.851,29.836,29.829,29.822,29.808,29.751,29.645,29.545,29.439,29.304,29.161,29.047,28.925,28.632,28.251,27.891,27.551,27.079,26.444,25.747,25.059,24.479,23.970,23.520,23.158,22.991,23.014,23.006,22.931,22.840,22.809,22.824,22.870,22.878,22.878,22.870,22.855,22.824,22.809,22.787,22.764,22.741,22.733,22.718,22.703,22.688,22.680,22.680,22.673,22.665,22.658,22.650,22.635,22.620,22.604,22.582,22.559,22.544,22.521,22.506,22.483,22.460,22.437,22.414,22.391,22.369,22.353,22.338,22.315,22.300,22.285,22.270,22.254,22.239,22.224,22.216,22.201,22.186,22.178,22.170,22.163,22.163,22.155,22.155,22.147,22.140,22.132,22.125,22.125,22.125,22.140,22.140,22.140,22.140,22.140,22.132,22.125,22.117,22.109,22.102,22.102,22.102,22.109,22.117,22.132,22.132,22.132,22.132,22.132,22.132,22.125,22.117,22.109,22.109,22.102,22.102,22.102,22.102,22.109,22.109,22.117,22.117,22.117,22.117,22.125,22.125,22.125,22.117,22.109,22.109,22.102,22.094,22.079,22.071,22.063,22.056,22.041,22.041,22.033,22.025,22.010,21.979,21.949,21.918,21.895,21.888,21.880,21.880,21.872,21.872,21.872,21.857,21.834,21.803,21.773,21.742,21.719,21.696,21.665,21.642,21.627,21.627,21.612,21.589,21.558,21.527,21.520,21.520,21.520,21.527,21.527,21.535,21.550,21.558,21.566,21.573,21.581,21.589,21.589,21.604,21.619,21.642,21.665,21.688,21.704,21.719,21.727,21.727,21.719,21.719,21.704,21.696,21.681,21.673,21.673,21.673,21.665,21.665,21.665,21.665,21.658,21.658,21.650,21.642,21.627,21.619,21.604,21.596,21.581,21.566,21.550,21.543,21.535,21.535,21.527,21.527,21.527,21.512,21.497,21.489,21.481,21.474,21.474,21.474,21.474,21.466,21.458,21.450,21.443,21.435,21.427,21.420,21.404,21.397,21.381,21.374,21.358,21.351,21.343,21.343,21.335,21.335,21.327,21.327,21.327,21.327,21.343,21.351,21.351,21.343,21.343,21.343,21.343,21.343,21.351,21.366,21.381,21.397,21.412,21.435,21.458,21.474,21.489,21.497,21.497,21.497,21.497
,23.180,23.173,23.165,23.150,23.127,23.097,23.059,23.021,22.991,22.953,22.923,22.908,22.893,22.885,22.878,22.878,22.885,22.878,22.870,22.855,22.847,22.824,22.809,22.802,22.787,22.771,22.749,22.741,22.718,22.696,22.673,22.658,22.635,22.612,22.589,22.574,22.566,22.544,22.528,22.513,22.498,22.483,22.468,22.460,22.445,22.429,22.407,22.399,22.384,22.376,22.361,22.361,22.361,22.376,22.376,22.376,22.376,22.391,22.422,22.452,22.498,22.536,22.574,22.604,22.642,22.665,22.703,22.733,22.771,22.832,22.885,22.938,22.984,23.021,23.089,23.158,23.271,23.422,23.648,24.000,24.434,24.948,25.592,26.254,26.985,27.725,28.287,28.696,28.911,28.954,28.954,29.032,29.147,29.254,29.325,29.396,29.467,29.553,29.638,29.730,29.794,29.829,29.836,29.893,29.957,30.014,30.042,30.056,30.084,30.113,30.120,30.155,30.183,30.197,30.204,30.190,30.176,30.155,30.127,30.084,30.014,29.936,29.893,29.872,29.865,29.858,29.836,29.822,29.822,29.829,29.836,29.851,29.858,29.858,29.865,29.865,29.886,29.914,29.936,29.950,29.957,29.971,30.006,30.035,30.049,30.056,30.049,30.056,30.049,30.035,30.014,29.985,29.971,29.957,29.936,29.922,29.914,29.914,29.914,29.922,29.929,29.943,29.950,29.950,29.936,29.914,29.914,29.922,29.929,29.936,29.957,29.964,29.985,29.999,30.028,30.063,30.106,30.141,30.148,30.162,30.190,30.219,30.212,30.240,30.254,30.261,30.261,30.282,30.282,30.261,30.226,30.212,30.183,30.148,30.091,30.021,29.950,29.886,29.836,29.808,29.773,29.744,29.730,29.723,29.709,29.702,29.695,29.688,29.688,29.702,29.723,29.758,29.773,29.780,29.773,29.766,29.758,29.737,29.702,29.609,29.510,29.403,29.282,29.154,29.047,28.925,28.639,28.258,27.891,27.536,27.043,26.386,25.673,24.970,24.397,23.895,23.467,23.142,23.021,23.037,23.014,22.931,22.840,22.802,22.817,22.862,22.870,22.878,22.862,22.840,22.794,22.771,22.749,22.726,22.711,22.703,22.688,22.680,22.665,22.658,22.658,22.650,22.642,22.635,22.627,22.620,22.597,22.589,22.566,22.544,22.528,22.513,22.498,22.475,22.445,22.429,22.414,22.391,22.369,22.353,22.338,22.323,22.300,22.285,22.270,22.254,22.239,22.231,22.216,22.201,22.193,22.178,22.170,22.163,22.163,22.155,22.155,22.147,22.147,22.132,22.125,22.125,22.125,22.132,22.140,22.140,22.140,22.140,22.132,22.125,22.125,22.109,22.102,22.102,22.102,22.109,22.117,22.125,22.132,22.132,22.132,22.132,22.132,22.125,22.117,22.109,22.109,22.102,22.102,22.102,22.102,22.102,22.109,22.117,22.117,22.117,22.117,22.125,22.125,22.125,22.117,22.117,22.109,22.094,22.086,22.071,22.063,22.063,22.056,22.041,22.041,22.033,22.025,22.002,21.964,21.941,21.911,21.888,21.880,21.880,21.880,21.872,21.872,21.865,21.857,21.834,21.811,21.780,21.757,21.734,21.711,21.704,21.688,21.673,21.650,21.627,21.596,21.566,21.543,21.535,21.527,21.527,21.527,21.535,21.543,21.550,21.550,21.558,21.566,21.581,21.581,21.589,21.596,21.612,21.635,21.658,21.681,21.696,21.704,21.711,21.719,21.719,21.711,21.696,21.688,21.673,21.665,21.665,21.665,21.665,21.665,21.665,21.665,21.658,21.658,21.650,21.642,21.627,21.619,21.604,21.589,21.573,21.566,21.550,21.543,21.535,21.527,21.527,21.520,21.512,21.504,21.497,21.489,21.481,21.481,21.474,21.474,21.474,21.474,21.466,21.458,21.443,21.443,21.427,21.420,21.404,21.397,21.389,21.381,21.366,21.358,21.351,21.343,21.335,21.327,21.327,21.327,21.327,21.327,21.327,21.335,21.343,21.335,21.335,21.335,21.335,21.343,21.343,21.358,21.374,21.389,21.412,21.427,21.443,21.466,21.481,21.489,21.497,21.497,21.497
,23.173,23.173,23.158,23.142,23.112,23.089,23.052,23.037,23.006,22.984,22.953,22.946,22.931,22.915,22.900,22.893,22.885,22.878,22.862,22.847,22.832,22.809,22.787,22.771,22.756,22.733,22.726,22.711,22.696,22.680,22.658,22.642,22.627,22.604,22.582,22.574,22.559,22.544,22.521,22.506,22.490,22.475,22.460,22.445,22.437,22.422,22.399,22.391,22.376,22.369,22.353,22.353,22.361,22.369,22.361,22.361,22.369,22.384,22.422,22.452,22.490,22.528,22.566,22.604,22.635,22.665,22.696,22.726,22.771,22.817,22.870,22.931,22.976,23.029,23.089,23.165,23.271,23.414,23.617,23.963,24.382,24.866,25.496,26.158,26.890,27.645,28.237,28.653,28.890,28.954,28.954,29.032,29.147,29.254,29.332,29.403,29.481,29.553,29.652,29.744,29.808,29.836,29.851,29.900,29.957,30.014,30.042,30.063,30.091,30.113,30.120,30.141,30.155,30.162,30.155,30.148,30.134,30.120,30.084,30.035,29.985,29.929,29.900,29.879,29.865,29.858,29.844,29.829,29.822,29.822,29.829,29.836,29.844,29.851,29.851,29.858,29.865,29.886,29.914,29.936,29.950,29.964,29.985,30.014,30.021,30.021,30.021,30.035,30.035,30.021,29.999,29.978,29.964,29.943,29.929,29.922,29.914,29.907,29.907,29.907,29.914,29.929,29.936,29.936,29.929,29.907,29.900,29.907,29.914,29.929,29.936,29.950,29.964,29.978,29.999,30.042,30.091,30.134,30.155,30.183,30.197,30.219,30.233,30.261,30.275,30.282,30.282,30.275,30.268,30.247,30.219,30.190,30.155,30.127,30.070,29.985,29.907,29.836,29.794,29.766,29.737,29.716,29.695,29.688,29.680,29.673,29.659,29.652,29.645,29.652,29.666,29.688,29.702,29.709,29.709,29.702,29.688,29.666,29.617,29.524,29.432,29.339,29.232,29.118,29.018,28.904,28.639,28.266,27.876,27.471,26.948,26.254,25.525,24.821,24.255,23.768,23.376,23.097,23.014,23.029,22.999,22.900,22.802,22.771,22.787,22.840,22.855,22.855,22.847,22.824,22.771,22.741,22.718,22.703,22.688,22.680,22.665,22.658,22.650,22.642,22.635,22.635,22.627,22.627,22.620,22.604,22.589,22.582,22.559,22.544,22.521,22.506,22.490,22.468,22.437,22.429,22.407,22.384,22.369,22.353,22.346,22.330,22.308,22.292,22.277,22.262,22.247,22.239,22.224,22.209,22.193,22.186,22.178,22.163,22.163,22.163,22.155,22.147,22.147,22.132,22.125,22.125,22.125,22.132,22.132,22.132,22.132,22.140,22.132,22.132,22.125,22.117,22.109,22.102,22.102,22.109,22.109,22.117,22.117,22.125,22.125,22.125,22.125,22.125,22.117,22.117,22.109,22.109,22.102,22.102,22.102,22.102,22.109,22.109,22.109,22.109,22.117,22.117,22.117,22.125,22.125,22.117,22.109,22.094,22.079,22.063,22.056,22.056,22.056,22.048,22.041,22.025,22.018,21.995,21.964,21.926,21.903,21.880,21.872,21.880,21.880,21.880,21.872,21.865,21.849,21.826,21.811,21.788,21.765,21.742,21.727,21.719,21.704,21.681,21.650,21.627,21.596,21.573,21.550,21.543,21.535,21.527,21.527,21.535,21.535,21.543,21.550,21.558,21.566,21.581,21.589,21.596,21.604,21.619,21.635,21.658,21.673,21.688,21.704,21.711,21.711,21.711,21.704,21.696,21.681,21.665,21.658,21.650,21.650,21.650,21.650,21.658,21.665,21.665,21.658,21.658,21.642,21.635,21.619,21.604,21.589,21.573,21.558,21.550,21.543,21.527,21.520,21.512,21.512,21.504,21.497,21.497,21.489,21.481,21.481,21.481,21.481,21.474,21.474,21.466,21.458,21.450,21.443,21.427,21.420,21.404,21.397,21.389,21.381,21.374,21.366,21.358,21.351,21.343,21.327,21.327,21.320,21.320,21.312,21.312,21.320,21.327,21.320,21.320,21.320,21.320,21.327,21.335,21.351,21.366,21.389,21.404,21.420,21.435,21.458,21.481,21.489,21.497,21.497,21.497
,23.173,23.165,23.150,23.127,23.105,23.074,23.052,23.037,23.029,23.006,22.984,22.976,22.961,22.938,22.923,22.908,22.893,22.870,22.847,22.832,22.817,22.794,22.771,22.756,22.733,22.711,22.696,22.688,22.673,22.658,22.642,22.627,22.612,22.589,22.574,22.574,22.559,22.544,22.521,22.506,22.483,22.460,22.445,22.437,22.422,22.407,22.391,22.376,22.369,22.361,22.346,22.346,22.353,22.361,22.353,22.353,22.361,22.376,22.422,22.452,22.483,22.521,22.559,22.589,22.627,22.658,22.688,22.726,22.764,22.809,22.862,22.915,22.968,23.021,23.089,23.165,23.263,23.399,23.595,23.940,24.337,24.792,25.407,26.070,26.802,27.558,28.179,28.617,28.868,28.954,28.954,29.032,29.147,29.254,29.332,29.410,29.474,29.553,29.645,29.737,29.801,29.829,29.836,29.886,29.943,29.999,30.035,30.056,30.077,30.098,30.106,30.127,30.134,30.134,30.127,30.120,30.113,30.098,30.070,30.028,29.992,29.957,29.936,29.914,29.900,29.886,29.872,29.851,29.836,29.829,29.829,29.829,29.836,29.844,29.858,29.865,29.879,29.893,29.922,29.936,29.950,29.964,29.978,29.992,29.992,29.992,29.992,30.006,30.006,29.992,29.992,29.978,29.957,29.943,29.929,29.922,29.914,29.907,29.893,29.900,29.907,29.922,29.929,29.929,29.922,29.907,29.900,29.907,29.914,29.922,29.936,29.950,29.957,29.971,29.992,30.035,30.091,30.148,30.183,30.197,30.219,30.240,30.268,30.296,30.310,30.310,30.289,30.268,30.254,30.240,30.197,30.155,30.127,30.098,30.035,29.936,29.844,29.780,29.751,29.723,29.702,29.673,29.659,29.659,29.659,29.652,29.645,29.631,29.631,29.631,29.631,29.645,29.652,29.652,29.645,29.638,29.624,29.588,29.531,29.439,29.346,29.261,29.161,29.054,28.961,28.847,28.589,28.208,27.797,27.355,26.802,26.078,25.333,24.628,24.060,23.610,23.256,23.021,22.976,22.984,22.946,22.840,22.749,22.718,22.733,22.787,22.809,22.817,22.809,22.787,22.741,22.711,22.688,22.673,22.665,22.658,22.650,22.642,22.627,22.627,22.620,22.612,22.612,22.612,22.604,22.597,22.582,22.574,22.551,22.528,22.513,22.498,22.483,22.460,22.437,22.422,22.407,22.384,22.369,22.353,22.346,22.330,22.308,22.300,22.285,22.270,22.247,22.239,22.231,22.216,22.193,22.186,22.178,22.163,22.163,22.155,22.155,22.147,22.140,22.132,22.125,22.125,22.125,22.125,22.132,22.132,22.132,22.140,22.140,22.132,22.132,22.117,22.109,22.102,22.102,22.102,22.109,22.109,22.109,22.117,22.117,22.117,22.117,22.125,22.125,22.117,22.117,22.109,22.102,22.102,22.102,22.102,22.102,22.102,22.102,22.109,22.109,22.109,22.117,22.125,22.125,22.117,22.102,22.086,22.071,22.056,22.048,22.056,22.056,22.048,22.033,22.025,22.010,21.987,21.956,21.918,21.895,21.872,21.872,21.880,21.888,21.888,21.880,21.865,21.849,21.834,21.811,21.796,21.773,21.750,21.734,21.719,21.711,21.688,21.658,21.627,21.604,21.573,21.558,21.543,21.543,21.535,21.527,21.527,21.535,21.535,21.550,21.558,21.566,21.573,21.589,21.596,21.604,21.619,21.635,21.650,21.665,21.681,21.696,21.696,21.704,21.704,21.696,21.688,21.673,21.658,21.650,21.642,21.642,21.635,21.642,21.650,21.665,21.665,21.665,21.658,21.650,21.635,21.619,21.604,21.589,21.573,21.558,21.550,21.543,21.527,21.520,21.512,21.504,21.497,21.497,21.497,21.489,21.489,21.489,21.489,21.481,21.474,21.474,21.466,21.458,21.450,21.443,21.427,21.420,21.404,21.397,21.397,21.389,21.381,21.374,21.366,21.358,21.351,21.335,21.327,21.320,21.312,21.312,21.304,21.304,21.312,21.304,21.304,21.312,21.320,21.327,21.335,21.351,21.366,21.381,21.397,21.412,21.435,21.458,21.474,21.489,21.497,21.504,21.504
,23.173,23.165,23.150,23.120,23.097,23.067,23.052,23.044,23.037,23.021,23.006,22.991,22.976,22.953,22.931,22.908,22.893,22.870,22.840,22.824,22.809,22.787,22.756,22.741,22.718,22.696,22.680,22.673,22.665,22.650,22.635,22.620,22.597,22.582,22.574,22.566,22.551,22.536,22.513,22.490,22.475,22.452,22.437,22.422,22.407,22.391,22.376,22.369,22.353,22.346,22.338,22.338,22.346,22.346,22.338,22.338,22.353,22.369,22.414,22.445,22.475,22.506,22.544,22.574,22.612,22.650,22.688,22.718,22.756,22.802,22.847,22.900,22.953,23.014,23.082,23.158,23.256,23.376,23.580,23.910,24.292,24.740,25.341,25.997,26.722,27.479,28.122,28.574,28.847,28.947,28.947,29.032,29.140,29.247,29.318,29.396,29.467,29.531,29.624,29.709,29.773,29.801,29.808,29.858,29.914,29.971,30.006,30.028,30.056,30.084,30.084,30.098,30.113,30.127,30.120,30.113,30.113,30.106,30.084,30.056,30.028,29.992,29.978,29.964,29.943,29.922,29.900,29.879,29.858,29.844,29.829,29.822,29.822,29.836,29.879,29.900,29.914,29.929,29.943,29.957,29.964,29.971,29.978,29.978,29.971,29.964,29.964,29.971,29.971,29.971,29.971,29.971,29.964,29.957,29.943,29.929,29.914,29.900,29.893,29.893,29.900,29.914,29.922,29.922,29.914,29.907,29.907,29.914,29.922,29.929,29.943,29.957,29.964,29.971,29.999,30.042,30.106,30.169,30.204,30.219,30.240,30.282,30.310,30.339,30.346,30.332,30.289,30.268,30.254,30.233,30.162,30.127,30.098,30.070,29.978,29.865,29.773,29.716,29.702,29.680,29.652,29.631,29.624,29.631,29.645,29.645,29.638,29.631,29.624,29.624,29.617,29.624,29.624,29.609,29.602,29.581,29.560,29.517,29.446,29.353,29.268,29.182,29.082,28.982,28.882,28.761,28.488,28.086,27.645,27.174,26.598,25.857,25.104,24.412,23.850,23.437,23.127,22.946,22.931,22.931,22.870,22.764,22.688,22.665,22.673,22.718,22.749,22.756,22.749,22.733,22.696,22.673,22.658,22.642,22.635,22.627,22.627,22.620,22.604,22.604,22.604,22.597,22.589,22.589,22.589,22.582,22.566,22.559,22.544,22.521,22.506,22.490,22.475,22.452,22.429,22.414,22.399,22.384,22.369,22.361,22.346,22.330,22.315,22.300,22.285,22.270,22.254,22.239,22.231,22.216,22.201,22.186,22.178,22.163,22.163,22.155,22.147,22.147,22.140,22.132,22.132,22.132,22.125,22.125,22.132,22.132,22.132,22.140,22.140,22.132,22.132,22.117,22.109,22.102,22.102,22.102,22.102,22.109,22.109,22.109,22.109,22.117,22.117,22.117,22.125,22.117,22.117,22.109,22.102,22.094,22.094,22.094,22.094,22.102,22.102,22.102,22.102,22.109,22.109,22.117,22.117,22.117,22.102,22.086,22.063,22.048,22.048,22.048,22.048,22.041,22.033,22.018,22.002,21.979,21.941,21.911,21.888,21.872,21.872,21.888,21.895,21.895,21.888,21.872,21.857,21.834,21.819,21.803,21.780,21.757,21.742,21.734,21.711,21.688,21.658,21.635,21.612,21.581,21.566,21.550,21.543,21.535,21.527,21.527,21.527,21.527,21.535,21.543,21.558,21.573,21.581,21.589,21.604,21.619,21.635,21.650,21.658,21.673,21.681,21.688,21.688,21.688,21.681,21.673,21.665,21.650,21.650,21.635,21.635,21.635,21.635,21.650,21.658,21.658,21.658,21.658,21.650,21.635,21.619,21.596,21.581,21.566,21.558,21.550,21.543,21.527,21.520,21.512,21.504,21.497,21.497,21.497,21.489,21.489,21.489,21.489,21.481,21.474,21.474,21.466,21.458,21.450,21.443,21.427,21.420,21.404,21.404,21.404,21.397,21.389,21.381,21.374,21.366,21.358,21.343,21.335,21.327,21.320,21.312,21.304,21.304,21.304,21.304,21.304,21.304,21.320,21.335,21.335,21.351,21.374,21.381,21.397,21.412,21.427,21.458,21.481,21.497,21.512,21.512,21.512
,23.180,23.173,23.150,23.120,23.089,23.059,23.044,23.037,23.029,23.006,22.991,22.984,22.961,22.938,22.915,22.900,22.885,22.862,22.840,22.824,22.809,22.794,22.764,22.749,22.726,22.703,22.688,22.680,22.665,22.650,22.635,22.620,22.597,22.574,22.566,22.551,22.544,22.521,22.498,22.475,22.452,22.437,22.414,22.407,22.391,22.376,22.353,22.346,22.338,22.330,22.323,22.323,22.330,22.338,22.330,22.330,22.346,22.369,22.407,22.437,22.468,22.498,22.528,22.566,22.597,22.642,22.680,22.703,22.741,22.794,22.840,22.885,22.938,22.999,23.059,23.135,23.233,23.354,23.550,23.873,24.255,24.702,25.274,25.923,26.642,27.399,28.057,28.546,28.832,28.947,28.947,29.032,29.132,29.232,29.304,29.389,29.460,29.524,29.602,29.688,29.751,29.787,29.801,29.844,29.900,29.964,29.999,30.028,30.049,30.077,30.084,30.106,30.120,30.127,30.134,30.141,30.141,30.134,30.106,30.077,30.049,30.028,29.999,29.985,29.964,29.943,29.922,29.900,29.879,29.865,29.844,29.829,29.822,29.836,29.886,29.914,29.929,29.936,29.936,29.950,29.957,29.964,29.964,29.957,29.957,29.950,29.957,29.964,29.971,29.971,29.971,29.964,29.957,29.950,29.943,29.936,29.922,29.914,29.900,29.900,29.900,29.907,29.914,29.914,29.914,29.907,29.907,29.907,29.914,29.929,29.936,29.943,29.957,29.971,30.006,30.056,30.113,30.169,30.212,30.226,30.240,30.275,30.332,30.353,30.346,30.310,30.296,30.289,30.254,30.190,30.134,30.091,30.056,29.999,29.900,29.780,29.688,29.638,29.638,29.617,29.595,29.574,29.574,29.595,29.617,29.624,29.609,29.609,29.609,29.617,29.609,29.602,29.595,29.581,29.553,29.531,29.496,29.446,29.375,29.289,29.204,29.111,29.032,28.932,28.818,28.653,28.352,27.934,27.471,26.963,26.342,25.621,24.903,24.255,23.738,23.361,23.105,22.961,22.968,22.923,22.847,22.749,22.680,22.658,22.658,22.688,22.703,22.711,22.703,22.688,22.658,22.642,22.627,22.620,22.604,22.604,22.604,22.597,22.589,22.582,22.582,22.574,22.574,22.574,22.574,22.566,22.551,22.544,22.528,22.506,22.490,22.483,22.468,22.445,22.429,22.414,22.399,22.384,22.369,22.353,22.346,22.323,22.308,22.292,22.285,22.270,22.254,22.239,22.224,22.209,22.201,22.186,22.178,22.163,22.155,22.155,22.147,22.140,22.140,22.132,22.132,22.132,22.132,22.132,22.132,22.132,22.132,22.140,22.140,22.132,22.132,22.117,22.109,22.102,22.102,22.102,22.102,22.109,22.109,22.109,22.109,22.117,22.117,22.117,22.125,22.117,22.117,22.109,22.102,22.094,22.094,22.094,22.094,22.102,22.102,22.102,22.102,22.109,22.109,22.109,22.117,22.109,22.094,22.079,22.063,22.048,22.048,22.048,22.048,22.041,22.025,22.010,21.987,21.964,21.934,21.911,21.888,21.872,21.872,21.888,21.903,21.903,21.895,21.880,21.865,21.849,21.834,21.811,21.796,21.773,21.757,21.742,21.727,21.704,21.665,21.642,21.619,21.596,21.573,21.566,21.558,21.543,21.535,21.527,21.527,21.527,21.527,21.527,21.543,21.558,21.573,21.581,21.596,21.612,21.627,21.635,21.650,21.665,21.673,21.681,21.681,21.681,21.681,21.673,21.665,21.658,21.650,21.642,21.635,21.635,21.635,21.642,21.650,21.650,21.642,21.642,21.635,21.619,21.604,21.589,21.581,21.558,21.550,21.543,21.535,21.527,21.520,21.512,21.512,21.504,21.497,21.497,21.489,21.489,21.489,21.489,21.481,21.474,21.474,21.466,21.458,21.450,21.443,21.427,21.420,21.404,21.404,21.404,21.397,21.397,21.389,21.389,21.381,21.366,21.358,21.351,21.343,21.327,21.320,21.304,21.304,21.304,21.304,21.304,21.312,21.335,21.343,21.351,21.366,21.381,21.389,21.397,21.412,21.427,21.458,21.481,21.512,21.527,21.535,21.535
,23.180,23.173,23.158,23.127,23.089,23.059,23.037,23.029,23.014,22.991,22.968,22.953,22.938,22.923,22.900,22.893,22.878,22.862,22.840,22.832,22.824,22.802,22.779,22.764,22.749,22.726,22.703,22.696,22.680,22.658,22.642,22.620,22.597,22.574,22.559,22.551,22.536,22.513,22.490,22.468,22.445,22.422,22.407,22.391,22.376,22.361,22.346,22.338,22.330,22.323,22.315,22.315,22.315,22.323,22.323,22.330,22.346,22.369,22.399,22.429,22.452,22.483,22.521,22.559,22.597,22.635,22.665,22.696,22.733,22.779,22.824,22.870,22.923,22.984,23.037,23.120,23.218,23.339,23.520,23.835,24.210,24.650,25.200,25.850,26.569,27.319,28.013,28.524,28.832,28.954,28.947,29.025,29.125,29.232,29.296,29.389,29.474,29.538,29.609,29.688,29.751,29.794,29.808,29.851,29.914,29.971,30.014,30.049,30.077,30.106,30.120,30.141,30.155,30.169,30.176,30.183,30.183,30.169,30.134,30.098,30.070,30.042,30.021,29.992,29.971,29.950,29.929,29.914,29.900,29.886,29.865,29.844,29.836,29.851,29.900,29.922,29.936,29.936,29.936,29.943,29.943,29.950,29.950,29.950,29.943,29.950,29.957,29.971,29.978,29.978,29.978,29.971,29.964,29.950,29.943,29.943,29.943,29.936,29.922,29.914,29.907,29.900,29.900,29.907,29.907,29.907,29.900,29.907,29.914,29.922,29.922,29.936,29.957,29.985,30.021,30.077,30.134,30.190,30.212,30.233,30.268,30.310,30.346,30.353,30.346,30.332,30.324,30.282,30.226,30.155,30.077,30.014,29.957,29.914,29.808,29.673,29.567,29.517,29.524,29.510,29.489,29.460,29.474,29.524,29.560,29.574,29.567,29.567,29.574,29.588,29.595,29.588,29.567,29.545,29.510,29.474,29.432,29.382,29.318,29.232,29.147,29.061,28.990,28.897,28.768,28.574,28.251,27.804,27.319,26.780,26.114,25.385,24.702,24.098,23.610,23.278,23.067,22.968,22.961,22.900,22.817,22.718,22.673,22.658,22.650,22.658,22.665,22.673,22.665,22.650,22.635,22.627,22.620,22.604,22.597,22.589,22.589,22.582,22.574,22.574,22.566,22.566,22.559,22.559,22.559,22.551,22.544,22.528,22.513,22.498,22.483,22.475,22.460,22.445,22.429,22.422,22.407,22.391,22.369,22.353,22.338,22.323,22.300,22.292,22.285,22.270,22.247,22.239,22.224,22.209,22.193,22.186,22.178,22.163,22.155,22.147,22.147,22.140,22.140,22.140,22.140,22.140,22.140,22.140,22.140,22.140,22.140,22.132,22.132,22.132,22.125,22.117,22.109,22.102,22.102,22.102,22.102,22.109,22.109,22.109,22.109,22.117,22.117,22.117,22.125,22.117,22.109,22.102,22.094,22.086,22.086,22.086,22.094,22.094,22.094,22.102,22.102,22.102,22.102,22.109,22.109,22.102,22.094,22.079,22.063,22.048,22.048,22.048,22.041,22.033,22.018,22.002,21.979,21.956,21.934,21.911,21.895,21.880,21.888,21.903,21.911,21.918,21.903,21.888,21.872,21.857,21.842,21.826,21.803,21.780,21.765,21.750,21.734,21.704,21.673,21.650,21.627,21.604,21.581,21.573,21.558,21.550,21.535,21.527,21.520,21.520,21.520,21.520,21.527,21.543,21.550,21.566,21.581,21.604,21.619,21.635,21.642,21.658,21.673,21.673,21.673,21.681,21.681,21.673,21.665,21.658,21.650,21.650,21.642,21.635,21.635,21.635,21.635,21.635,21.627,21.627,21.619,21.604,21.596,21.581,21.566,21.558,21.543,21.535,21.535,21.527,21.520,21.520,21.520,21.512,21.504,21.497,21.489,21.481,21.474,21.481,21.481,21.474,21.466,21.458,21.458,21.450,21.435,21.427,21.420,21.412,21.404,21.404,21.404,21.397,21.397,21.389,21.389,21.381,21.374,21.358,21.351,21.343,21.327,21.312,21.304,21.304,21.312,21.320,21.335,21.351,21.358,21.374,21.381,21.397,21.404,21.404,21.412,21.427,21.466,21.497,21.527,21.550,21.550,21.550
,23.180,23.173,23.158,23.127,23.089,23.059,23.037,23.021,22.999,22.976,22.953,22.938,22.915,22.900,22.885,22.878,22.870,22.855,22.840,22.840,22.824,22.809,22.787,22.779,22.756,22.741,22.718,22.703,22.688,22.665,22.642,22.620,22.597,22.574,22.551,22.544,22.521,22.498,22.475,22.452,22.429,22.407,22.391,22.376,22.361,22.346,22.330,22.323,22.315,22.315,22.308,22.308,22.308,22.315,22.315,22.323,22.338,22.361,22.391,22.422,22.445,22.475,22.513,22.559,22.597,22.627,22.658,22.688,22.726,22.771,22.817,22.862,22.915,22.968,23.029,23.105,23.195,23.309,23.497,23.798,24.158,24.576,25.118,25.769,26.481,27.232,27.956,28.488,28.825,28.968,28.954,29.018,29.118,29.218,29.296,29.396,29.481,29.538,29.602,29.680,29.744,29.794,29.808,29.858,29.914,29.978,30.021,30.063,30.098,30.134,30.148,30.169,30.190,30.212,30.219,30.226,30.219,30.204,30.162,30.120,30.091,30.063,30.042,30.006,29.985,29.957,29.943,29.929,29.922,29.907,29.886,29.865,29.858,29.872,29.907,29.929,29.929,29.929,29.929,29.936,29.936,29.936,29.943,29.936,29.943,29.943,29.957,29.978,29.985,29.992,29.985,29.971,29.957,29.950,29.950,29.950,29.957,29.950,29.943,29.929,29.914,29.900,29.893,29.900,29.900,29.907,29.907,29.907,29.914,29.914,29.922,29.943,29.971,30.006,30.056,30.113,30.169,30.212,30.233,30.261,30.296,30.339,30.346,30.360,30.367,30.360,30.317,30.254,30.183,30.098,29.971,29.879,29.822,29.787,29.659,29.496,29.375,29.311,29.332,29.318,29.289,29.261,29.296,29.382,29.453,29.496,29.496,29.503,29.524,29.560,29.567,29.567,29.545,29.510,29.474,29.432,29.382,29.318,29.254,29.182,29.104,29.018,28.947,28.854,28.718,28.517,28.158,27.688,27.174,26.605,25.879,25.148,24.479,23.903,23.459,23.173,23.014,22.946,22.938,22.862,22.771,22.688,22.665,22.658,22.650,22.635,22.642,22.642,22.635,22.627,22.612,22.612,22.604,22.597,22.589,22.582,22.574,22.574,22.566,22.559,22.559,22.559,22.551,22.551,22.551,22.544,22.528,22.521,22.506,22.490,22.475,22.468,22.452,22.445,22.429,22.422,22.407,22.391,22.369,22.353,22.330,22.315,22.300,22.292,22.277,22.262,22.247,22.231,22.224,22.209,22.193,22.186,22.178,22.163,22.155,22.147,22.140,22.140,22.140,22.140,22.140,22.147,22.147,22.147,22.147,22.140,22.140,22.132,22.125,22.125,22.117,22.117,22.109,22.109,22.109,22.102,22.102,22.102,22.102,22.102,22.109,22.117,22.117,22.117,22.117,22.117,22.109,22.102,22.094,22.086,22.079,22.086,22.086,22.086,22.094,22.094,22.094,22.102,22.102,22.102,22.102,22.094,22.086,22.071,22.063,22.048,22.048,22.041,22.033,22.025,22.010,21.995,21.972,21.956,21.926,21.911,21.895,21.888,21.895,21.911,21.918,21.918,21.911,21.895,21.880,21.865,21.849,21.834,21.811,21.788,21.773,21.757,21.742,21.719,21.688,21.658,21.635,21.604,21.581,21.573,21.566,21.550,21.535,21.527,21.520,21.512,21.512,21.512,21.512,21.527,21.535,21.550,21.573,21.589,21.612,21.627,21.635,21.650,21.658,21.665,21.665,21.665,21.665,21.665,21.665,21.658,21.658,21.650,21.650,21.635,21.635,21.627,21.627,21.619,21.619,21.612,21.604,21.596,21.581,21.573,21.558,21.550,21.535,21.535,21.535,21.527,21.527,21.527,21.520,21.520,21.512,21.497,21.481,21.474,21.474,21.474,21.474,21.474,21.466,21.458,21.450,21.443,21.435,21.435,21.427,21.420,21.412,21.412,21.412,21.404,21.397,21.397,21.397,21.389,21.381,21.374,21.366,21.351,21.343,21.327,21.312,21.312,21.320,21.335,21.343,21.366,21.374,21.389,21.397,21.412,21.412,21.412,21.420,21.435,21.474,21.512,21.543,21.566,21.573,21.573
,23.180,23.173,23.158,23.127,23.097,23.059,23.029,23.014,22.991,22.968,22.938,22.923,22.908,22.885,22.878,22.870,22.862,22.847,22.840,22.832,22.824,22.809,22.794,22.779,22.764,22.741,22.726,22.703,22.688,22.665,22.635,22.612,22.589,22.566,22.544,22.528,22.513,22.490,22.468,22.445,22.422,22.399,22.376,22.361,22.346,22.330,22.323,22.308,22.300,22.300,22.292,22.292,22.300,22.300,22.308,22.308,22.323,22.353,22.391,22.414,22.437,22.460,22.506,22.551,22.589,22.620,22.650,22.680,22.718,22.764,22.809,22.855,22.908,22.961,23.021,23.097,23.180,23.278,23.474,23.760,24.098,24.494,25.029,25.673,26.378,27.137,27.884,28.438,28.804,28.982,28.954,29.011,29.097,29.204,29.289,29.389,29.467,29.524,29.581,29.659,29.730,29.780,29.808,29.858,29.914,29.964,30.006,30.056,30.106,30.148,30.162,30.183,30.212,30.240,30.247,30.247,30.247,30.233,30.190,30.148,30.120,30.091,30.063,30.035,30.006,29.978,29.964,29.950,29.936,29.922,29.900,29.879,29.872,29.879,29.900,29.914,29.922,29.914,29.922,29.922,29.929,29.936,29.936,29.929,29.936,29.943,29.957,29.978,29.992,29.992,29.985,29.964,29.957,29.943,29.943,29.957,29.957,29.957,29.950,29.929,29.907,29.893,29.886,29.893,29.900,29.907,29.922,29.922,29.914,29.914,29.936,29.964,29.999,30.049,30.120,30.169,30.212,30.247,30.275,30.296,30.324,30.346,30.360,30.388,30.395,30.367,30.289,30.219,30.134,30.006,29.801,29.695,29.638,29.581,29.432,29.232,29.082,29.011,29.032,29.011,28.982,28.968,29.025,29.168,29.296,29.375,29.396,29.417,29.467,29.531,29.545,29.545,29.517,29.481,29.446,29.396,29.339,29.268,29.197,29.132,29.061,28.982,28.890,28.797,28.660,28.445,28.049,27.565,27.021,26.408,25.643,24.918,24.255,23.693,23.301,23.074,22.953,22.915,22.900,22.817,22.733,22.673,22.665,22.665,22.642,22.612,22.627,22.627,22.620,22.612,22.597,22.589,22.589,22.582,22.574,22.574,22.566,22.559,22.551,22.551,22.544,22.544,22.544,22.544,22.544,22.536,22.521,22.506,22.490,22.475,22.468,22.460,22.452,22.437,22.429,22.422,22.407,22.391,22.369,22.353,22.330,22.308,22.300,22.285,22.277,22.262,22.247,22.231,22.224,22.209,22.193,22.186,22.178,22.163,22.155,22.147,22.140,22.132,22.132,22.132,22.140,22.147,22.147,22.147,22.147,22.140,22.140,22.132,22.125,22.117,22.117,22.117,22.109,22.102,22.102,22.102,22.102,22.102,22.102,22.102,22.109,22.109,22.109,22.117,22.117,22.109,22.109,22.094,22.086,22.079,22.079,22.079,22.079,22.086,22.086,22.086,22.094,22.094,22.094,22.094,22.086,22.086,22.079,22.071,22.063,22.048,22.048,22.041,22.033,22.018,22.002,21.979,21.964,21.949,21.926,21.911,21.895,21.895,21.895,21.911,21.918,21.918,21.918,21.903,21.895,21.872,21.857,21.842,21.819,21.796,21.780,21.773,21.750,21.727,21.696,21.665,21.642,21.612,21.589,21.581,21.566,21.550,21.535,21.527,21.520,21.512,21.504,21.497,21.497,21.512,21.520,21.535,21.558,21.581,21.596,21.604,21.619,21.627,21.642,21.650,21.650,21.650,21.650,21.658,21.658,21.650,21.650,21.650,21.642,21.635,21.627,21.619,21.612,21.604,21.596,21.596,21.589,21.581,21.573,21.558,21.550,21.535,21.535,21.535,21.535,21.527,21.527,21.520,21.520,21.520,21.512,21.497,21.481,21.474,21.474,21.474,21.474,21.474,21.466,21.458,21.450,21.443,21.443,21.443,21.435,21.435,21.427,21.420,21.412,21.412,21.404,21.404,21.397,21.389,21.389,21.381,21.374,21.358,21.351,21.343,21.335,21.327,21.335,21.343,21.358,21.374,21.389,21.397,21.412,21.427,21.427,21.427,21.435,21.458,21.489,21.520,21.550,21.581,21.581,21.581
,23.180,23.173,23.150,23.127,23.089,23.059,23.029,23.014,22.999,22.968,22.946,22.931,22.908,22.893,22.878,22.862,22.855,22.840,22.832,22.824,22.817,22.794,22.779,22.771,22.749,22.726,22.703,22.688,22.665,22.642,22.620,22.604,22.582,22.559,22.536,22.521,22.506,22.483,22.460,22.437,22.414,22.391,22.369,22.353,22.338,22.323,22.308,22.300,22.292,22.292,22.285,22.285,22.285,22.292,22.300,22.300,22.315,22.346,22.376,22.407,22.429,22.460,22.506,22.551,22.589,22.612,22.642,22.673,22.718,22.764,22.809,22.855,22.900,22.953,23.006,23.082,23.165,23.271,23.452,23.715,24.038,24.442,24.948,25.570,26.276,27.035,27.790,28.373,28.768,28.961,28.940,28.990,29.075,29.182,29.254,29.353,29.432,29.489,29.538,29.617,29.695,29.766,29.808,29.865,29.922,29.964,30.006,30.049,30.098,30.141,30.162,30.183,30.204,30.226,30.247,30.254,30.261,30.261,30.240,30.197,30.169,30.141,30.106,30.070,30.042,30.014,29.985,29.971,29.957,29.943,29.922,29.900,29.886,29.879,29.893,29.900,29.907,29.907,29.907,29.922,29.929,29.936,29.936,29.929,29.929,29.936,29.950,29.971,29.978,29.985,29.978,29.957,29.943,29.936,29.943,29.950,29.957,29.950,29.943,29.922,29.900,29.886,29.879,29.886,29.900,29.922,29.936,29.922,29.922,29.936,29.964,29.999,30.056,30.120,30.190,30.233,30.268,30.296,30.339,30.346,30.353,30.360,30.402,30.423,30.395,30.317,30.254,30.162,30.014,29.801,29.581,29.432,29.339,29.254,29.068,28.818,28.639,28.567,28.603,28.589,28.567,28.574,28.689,28.911,29.097,29.218,29.268,29.332,29.417,29.510,29.545,29.538,29.517,29.474,29.425,29.375,29.311,29.225,29.161,29.090,29.011,28.918,28.839,28.725,28.546,28.280,27.884,27.399,26.824,26.151,25.392,24.702,24.090,23.580,23.233,23.052,22.961,22.938,22.878,22.779,22.711,22.680,22.680,22.665,22.635,22.589,22.612,22.612,22.612,22.597,22.574,22.574,22.574,22.566,22.559,22.559,22.551,22.551,22.544,22.544,22.536,22.536,22.536,22.536,22.528,22.521,22.513,22.498,22.490,22.475,22.468,22.460,22.452,22.437,22.429,22.414,22.407,22.384,22.369,22.353,22.330,22.315,22.300,22.292,22.285,22.270,22.254,22.239,22.231,22.216,22.201,22.186,22.178,22.163,22.155,22.140,22.140,22.132,22.132,22.132,22.140,22.147,22.147,22.147,22.147,22.140,22.140,22.132,22.125,22.117,22.117,22.117,22.109,22.102,22.102,22.102,22.102,22.102,22.102,22.102,22.109,22.109,22.109,22.117,22.109,22.109,22.102,22.086,22.079,22.079,22.071,22.071,22.079,22.079,22.086,22.086,22.094,22.094,22.094,22.086,22.079,22.079,22.071,22.071,22.063,22.048,22.041,22.033,22.025,22.002,21.987,21.972,21.964,21.949,21.926,21.911,21.903,21.895,21.895,21.911,21.918,21.918,21.918,21.911,21.895,21.880,21.872,21.849,21.834,21.811,21.796,21.780,21.765,21.742,21.711,21.688,21.658,21.635,21.604,21.589,21.573,21.558,21.543,21.527,21.520,21.512,21.504,21.497,21.497,21.504,21.512,21.527,21.543,21.558,21.581,21.589,21.604,21.612,21.627,21.635,21.635,21.635,21.642,21.642,21.650,21.650,21.650,21.642,21.635,21.627,21.619,21.612,21.604,21.596,21.589,21.589,21.581,21.573,21.566,21.550,21.543,21.535,21.535,21.535,21.535,21.527,21.527,21.520,21.512,21.512,21.497,21.489,21.481,21.474,21.474,21.474,21.474,21.474,21.474,21.458,21.450,21.443,21.443,21.450,21.450,21.450,21.443,21.443,21.427,21.420,21.412,21.404,21.397,21.389,21.381,21.381,21.374,21.366,21.358,21.351,21.351,21.351,21.351,21.358,21.374,21.389,21.397,21.404,21.420,21.427,21.435,21.443,21.450,21.474,21.504,21.535,21.558,21.573,21.581,21.581
,23.180,23.165,23.150,23.120,23.089,23.059,23.037,23.014,22.999,22.976,22.953,22.931,22.915,22.900,22.878,22.862,22.855,22.840,22.824,22.809,22.802,22.779,22.764,22.749,22.733,22.711,22.688,22.665,22.650,22.627,22.604,22.589,22.574,22.551,22.536,22.521,22.506,22.483,22.460,22.437,22.414,22.391,22.361,22.346,22.330,22.315,22.300,22.300,22.292,22.285,22.277,22.277,22.277,22.285,22.292,22.300,22.315,22.338,22.369,22.399,22.422,22.445,22.490,22.544,22.582,22.612,22.635,22.673,22.711,22.749,22.802,22.840,22.885,22.931,22.984,23.059,23.142,23.256,23.414,23.663,23.978,24.374,24.866,25.488,26.188,26.934,27.717,28.316,28.732,28.954,28.925,28.975,29.061,29.168,29.254,29.353,29.432,29.489,29.545,29.631,29.716,29.794,29.851,29.922,29.978,30.021,30.056,30.106,30.155,30.197,30.219,30.247,30.275,30.296,30.317,30.317,30.324,30.324,30.310,30.282,30.247,30.204,30.169,30.134,30.098,30.063,30.035,30.006,29.992,29.971,29.950,29.922,29.900,29.886,29.893,29.900,29.900,29.900,29.900,29.907,29.922,29.936,29.936,29.929,29.929,29.929,29.950,29.957,29.971,29.971,29.964,29.950,29.936,29.922,29.929,29.936,29.943,29.943,29.929,29.914,29.893,29.879,29.879,29.893,29.914,29.936,29.929,29.929,29.943,29.957,29.992,30.049,30.113,30.183,30.240,30.275,30.317,30.353,30.374,30.374,30.381,30.409,30.458,30.430,30.374,30.282,30.176,30.006,29.787,29.538,29.247,29.040,28.904,28.804,28.596,28.345,28.165,28.100,28.143,28.150,28.150,28.172,28.323,28.596,28.839,29.004,29.090,29.189,29.311,29.446,29.517,29.531,29.510,29.467,29.410,29.353,29.282,29.197,29.125,29.054,28.975,28.875,28.775,28.646,28.438,28.129,27.688,27.188,26.583,25.894,25.141,24.479,23.918,23.459,23.165,23.021,22.961,22.931,22.855,22.749,22.680,22.673,22.680,22.665,22.627,22.582,22.604,22.612,22.604,22.589,22.566,22.566,22.566,22.559,22.551,22.551,22.551,22.544,22.536,22.536,22.536,22.528,22.528,22.528,22.528,22.521,22.513,22.498,22.490,22.475,22.468,22.460,22.452,22.437,22.422,22.414,22.399,22.384,22.369,22.353,22.330,22.315,22.300,22.300,22.285,22.270,22.254,22.247,22.231,22.224,22.209,22.193,22.178,22.163,22.155,22.147,22.140,22.132,22.132,22.132,22.140,22.140,22.140,22.140,22.140,22.140,22.140,22.132,22.132,22.125,22.117,22.117,22.109,22.102,22.102,22.094,22.094,22.094,22.094,22.102,22.102,22.109,22.109,22.109,22.109,22.102,22.094,22.086,22.079,22.071,22.071,22.063,22.063,22.071,22.079,22.086,22.086,22.094,22.094,22.079,22.079,22.071,22.071,22.063,22.056,22.048,22.041,22.025,22.018,22.002,21.979,21.972,21.964,21.949,21.934,21.911,21.903,21.895,21.895,21.911,21.918,21.918,21.918,21.911,21.903,21.888,21.872,21.857,21.842,21.819,21.803,21.788,21.773,21.750,21.719,21.696,21.673,21.642,21.612,21.596,21.581,21.566,21.543,21.535,21.527,21.520,21.504,21.504,21.497,21.504,21.504,21.520,21.527,21.550,21.558,21.573,21.589,21.596,21.604,21.612,21.619,21.619,21.627,21.635,21.635,21.635,21.635,21.635,21.627,21.619,21.612,21.604,21.596,21.589,21.589,21.589,21.581,21.581,21.566,21.550,21.543,21.535,21.535,21.535,21.535,21.535,21.520,21.512,21.504,21.489,21.481,21.481,21.481,21.481,21.481,21.489,21.489,21.481,21.474,21.466,21.458,21.458,21.458,21.458,21.466,21.466,21.458,21.458,21.443,21.427,21.420,21.404,21.397,21.381,21.374,21.366,21.366,21.366,21.366,21.366,21.374,21.374,21.374,21.374,21.381,21.389,21.397,21.404,21.420,21.435,21.443,21.458,21.474,21.497,21.520,21.535,21.550,21.566,21.566,21.566
,23.173,23.165,23.150,23.120,23.089,23.059,23.037,23.021,22.999,22.976,22.953,22.938,22.923,22.900,22.878,22.862,22.847,22.824,22.809,22.802,22.787,22.764,22.749,22.733,22.718,22.688,22.665,22.650,22.627,22.604,22.589,22.574,22.559,22.544,22.528,22.521,22.498,22.483,22.452,22.429,22.414,22.391,22.361,22.346,22.330,22.315,22.300,22.292,22.292,22.285,22.277,22.270,22.270,22.277,22.285,22.292,22.308,22.338,22.369,22.391,22.414,22.437,22.483,22.536,22.574,22.604,22.635,22.665,22.696,22.733,22.787,22.824,22.862,22.900,22.953,23.037,23.120,23.226,23.384,23.625,23.925,24.315,24.814,25.429,26.114,26.853,27.638,28.251,28.696,28.940,28.918,28.968,29.061,29.175,29.268,29.396,29.496,29.560,29.617,29.695,29.780,29.858,29.929,30.006,30.056,30.091,30.120,30.169,30.226,30.268,30.296,30.332,30.374,30.416,30.430,30.416,30.409,30.402,30.395,30.374,30.339,30.289,30.240,30.197,30.162,30.120,30.084,30.056,30.028,30.006,29.978,29.950,29.922,29.907,29.900,29.900,29.907,29.907,29.900,29.907,29.914,29.936,29.936,29.929,29.929,29.929,29.943,29.950,29.957,29.964,29.950,29.936,29.922,29.914,29.914,29.922,29.929,29.929,29.914,29.900,29.893,29.886,29.886,29.900,29.922,29.929,29.936,29.943,29.964,29.985,30.028,30.098,30.169,30.233,30.275,30.310,30.353,30.388,30.381,30.388,30.416,30.458,30.480,30.430,30.346,30.226,30.028,29.787,29.524,29.218,28.854,28.596,28.431,28.316,28.122,27.884,27.710,27.645,27.703,27.725,27.732,27.775,27.956,28.258,28.539,28.746,28.875,29.018,29.182,29.368,29.474,29.510,29.503,29.460,29.389,29.332,29.254,29.161,29.082,29.018,28.940,28.847,28.711,28.560,28.330,27.985,27.486,26.955,26.334,25.621,24.881,24.255,23.723,23.309,23.082,22.984,22.938,22.900,22.802,22.711,22.665,22.658,22.673,22.650,22.604,22.559,22.597,22.612,22.612,22.589,22.566,22.566,22.559,22.551,22.551,22.551,22.544,22.536,22.536,22.536,22.528,22.528,22.528,22.528,22.521,22.513,22.513,22.498,22.490,22.475,22.468,22.460,22.452,22.437,22.422,22.414,22.399,22.384,22.369,22.353,22.338,22.323,22.308,22.300,22.292,22.277,22.262,22.247,22.239,22.224,22.209,22.193,22.178,22.163,22.155,22.147,22.140,22.132,22.132,22.132,22.132,22.132,22.132,22.132,22.132,22.132,22.132,22.132,22.132,22.132,22.125,22.117,22.109,22.102,22.102,22.094,22.094,22.094,22.094,22.094,22.102,22.109,22.109,22.102,22.102,22.094,22.086,22.086,22.079,22.063,22.063,22.063,22.056,22.063,22.071,22.079,22.086,22.086,22.086,22.079,22.071,22.063,22.063,22.056,22.056,22.048,22.033,22.025,22.010,21.995,21.979,21.972,21.964,21.956,21.934,21.918,21.903,21.903,21.903,21.911,21.918,21.918,21.918,21.918,21.911,21.895,21.880,21.865,21.842,21.819,21.803,21.788,21.773,21.750,21.727,21.704,21.681,21.650,21.627,21.604,21.581,21.566,21.543,21.535,21.527,21.520,21.504,21.504,21.497,21.497,21.504,21.504,21.520,21.527,21.543,21.550,21.566,21.581,21.589,21.589,21.596,21.604,21.612,21.612,21.619,21.619,21.619,21.612,21.612,21.604,21.596,21.589,21.581,21.573,21.573,21.581,21.581,21.573,21.558,21.550,21.535,21.527,21.527,21.535,21.535,21.535,21.520,21.504,21.489,21.474,21.474,21.481,21.481,21.489,21.489,21.489,21.489,21.481,21.481,21.474,21.466,21.466,21.466,21.474,21.474,21.474,21.474,21.466,21.458,21.443,21.420,21.404,21.389,21.374,21.366,21.366,21.366,21.366,21.374,21.381,21.381,21.389,21.389,21.389,21.389,21.397,21.397,21.404,21.412,21.435,21.450,21.474,21.497,21.520,21.535,21.543,21.550,21.558,21.558,21.558
,23.158,23.158,23.142,23.112,23.089,23.059,23.037,23.021,22.999,22.984,22.961,22.946,22.923,22.908,22.878,22.862,22.840,22.817,22.802,22.787,22.771,22.756,22.733,22.718,22.696,22.673,22.650,22.627,22.612,22.589,22.574,22.559,22.544,22.536,22.513,22.506,22.490,22.468,22.445,22.422,22.407,22.384,22.353,22.338,22.323,22.308,22.292,22.292,22.285,22.285,22.277,22.262,22.262,22.270,22.277,22.292,22.308,22.338,22.369,22.391,22.414,22.437,22.483,22.528,22.574,22.604,22.627,22.658,22.688,22.726,22.771,22.809,22.840,22.870,22.931,23.006,23.089,23.188,23.361,23.595,23.895,24.270,24.784,25.378,26.041,26.773,27.551,28.179,28.646,28.925,28.918,28.975,29.068,29.189,29.289,29.446,29.567,29.645,29.695,29.751,29.815,29.886,29.950,30.014,30.056,30.070,30.077,30.127,30.183,30.240,30.275,30.332,30.409,30.501,30.529,30.494,30.473,30.473,30.473,30.458,30.430,30.381,30.324,30.268,30.226,30.190,30.141,30.106,30.070,30.042,30.014,29.978,29.950,29.922,29.914,29.914,29.914,29.914,29.914,29.914,29.922,29.943,29.943,29.936,29.929,29.929,29.936,29.943,29.950,29.950,29.943,29.936,29.922,29.914,29.914,29.914,29.914,29.914,29.907,29.900,29.900,29.900,29.907,29.922,29.922,29.929,29.950,29.964,29.985,30.014,30.077,30.148,30.212,30.268,30.296,30.346,30.381,30.395,30.381,30.402,30.451,30.501,30.473,30.430,30.310,30.106,29.808,29.531,29.211,28.847,28.424,28.150,27.970,27.847,27.696,27.471,27.312,27.246,27.304,27.326,27.341,27.384,27.580,27.920,28.230,28.467,28.646,28.832,29.047,29.268,29.410,29.474,29.489,29.446,29.368,29.296,29.218,29.132,29.047,28.975,28.897,28.811,28.653,28.460,28.194,27.826,27.275,26.700,26.063,25.348,24.613,24.023,23.535,23.165,23.006,22.953,22.908,22.847,22.749,22.680,22.650,22.658,22.665,22.627,22.574,22.536,22.589,22.612,22.612,22.597,22.574,22.566,22.559,22.551,22.551,22.544,22.544,22.544,22.544,22.536,22.536,22.536,22.536,22.528,22.521,22.513,22.513,22.506,22.490,22.475,22.468,22.460,22.445,22.429,22.422,22.407,22.391,22.376,22.361,22.353,22.338,22.323,22.315,22.300,22.292,22.277,22.262,22.254,22.239,22.224,22.209,22.193,22.178,22.163,22.155,22.147,22.140,22.132,22.132,22.132,22.132,22.125,22.125,22.125,22.132,22.132,22.132,22.132,22.140,22.140,22.132,22.125,22.117,22.102,22.102,22.094,22.086,22.086,22.086,22.094,22.102,22.102,22.102,22.102,22.094,22.086,22.086,22.079,22.071,22.063,22.063,22.056,22.056,22.056,22.063,22.071,22.079,22.079,22.079,22.071,22.063,22.056,22.056,22.048,22.048,22.041,22.033,22.010,22.002,21.987,21.979,21.979,21.972,21.956,21.941,21.926,21.911,21.903,21.903,21.903,21.911,21.918,21.918,21.911,21.911,21.895,21.880,21.857,21.834,21.811,21.803,21.788,21.773,21.757,21.734,21.711,21.688,21.658,21.627,21.604,21.581,21.558,21.543,21.535,21.527,21.512,21.504,21.497,21.489,21.481,21.489,21.497,21.504,21.504,21.520,21.527,21.543,21.550,21.558,21.558,21.566,21.573,21.581,21.581,21.589,21.589,21.589,21.589,21.589,21.581,21.573,21.566,21.566,21.558,21.558,21.566,21.566,21.566,21.550,21.543,21.535,21.520,21.520,21.527,21.527,21.527,21.512,21.497,21.474,21.466,21.466,21.474,21.481,21.481,21.481,21.481,21.481,21.474,21.474,21.474,21.474,21.474,21.474,21.474,21.474,21.474,21.474,21.474,21.458,21.443,21.427,21.412,21.397,21.381,21.366,21.366,21.366,21.366,21.374,21.381,21.389,21.397,21.389,21.389,21.389,21.397,21.397,21.397,21.412,21.427,21.458,21.481,21.504,21.527,21.543,21.543,21.550,21.550,21.550,21.550
,23.150,23.142,23.135,23.112,23.082,23.052,23.029,23.014,22.999,22.976,22.961,22.946,22.931,22.908,22.885,22.862,22.840,22.817,22.794,22.779,22.764,22.741,22.726,22.711,22.688,22.665,22.635,22.620,22.597,22.574,22.559,22.551,22.528,22.513,22.490,22.483,22.468,22.445,22.422,22.407,22.391,22.369,22.346,22.330,22.315,22.300,22.292,22.292,22.285,22.277,22.270,22.254,22.254,22.262,22.270,22.285,22.308,22.338,22.361,22.384,22.407,22.437,22.483,22.528,22.574,22.604,22.627,22.650,22.680,22.718,22.771,22.802,22.824,22.847,22.915,22.991,23.074,23.180,23.339,23.550,23.850,24.240,24.710,25.281,25.938,26.656,27.413,28.071,28.567,28.868,28.911,28.961,29.040,29.132,29.218,29.353,29.460,29.517,29.531,29.524,29.517,29.524,29.538,29.560,29.567,29.545,29.524,29.560,29.617,29.695,29.751,29.886,30.063,30.261,30.367,30.395,30.416,30.444,30.480,30.487,30.473,30.444,30.395,30.339,30.289,30.247,30.197,30.155,30.113,30.077,30.042,30.006,29.978,29.950,29.914,29.922,29.922,29.922,29.929,29.929,29.929,29.943,29.943,29.929,29.929,29.929,29.929,29.936,29.936,29.936,29.936,29.929,29.922,29.914,29.914,29.914,29.907,29.907,29.907,29.900,29.907,29.914,29.929,29.929,29.936,29.950,29.971,29.992,30.021,30.063,30.141,30.212,30.254,30.282,30.339,30.381,30.395,30.395,30.416,30.458,30.487,30.494,30.494,30.402,30.197,29.893,29.553,29.211,28.847,28.467,28.078,27.811,27.645,27.551,27.406,27.203,27.057,26.985,27.014,27.021,27.021,27.057,27.239,27.587,27.934,28.230,28.474,28.711,28.954,29.182,29.353,29.446,29.467,29.432,29.353,29.275,29.182,29.090,29.025,28.947,28.861,28.754,28.610,28.359,28.021,27.587,27.050,26.430,25.754,25.059,24.397,23.835,23.414,23.135,23.014,22.961,22.908,22.832,22.726,22.665,22.658,22.673,22.673,22.620,22.559,22.521,22.582,22.604,22.612,22.597,22.582,22.566,22.551,22.551,22.544,22.544,22.544,22.544,22.544,22.536,22.536,22.536,22.536,22.536,22.528,22.513,22.513,22.506,22.490,22.475,22.468,22.452,22.445,22.429,22.414,22.399,22.391,22.376,22.369,22.353,22.346,22.330,22.315,22.300,22.285,22.270,22.262,22.247,22.239,22.216,22.201,22.186,22.178,22.163,22.155,22.147,22.140,22.132,22.132,22.132,22.132,22.125,22.125,22.125,22.132,22.132,22.132,22.140,22.140,22.140,22.140,22.125,22.117,22.102,22.102,22.094,22.086,22.086,22.086,22.094,22.102,22.102,22.102,22.102,22.094,22.086,22.086,22.071,22.063,22.063,22.056,22.056,22.056,22.056,22.056,22.063,22.071,22.079,22.079,22.071,22.063,22.056,22.056,22.048,22.041,22.033,22.018,22.002,21.995,21.979,21.979,21.979,21.972,21.964,21.949,21.926,21.911,21.903,21.903,21.911,21.911,21.918,21.918,21.911,21.903,21.888,21.872,21.849,21.826,21.803,21.788,21.788,21.773,21.757,21.727,21.711,21.688,21.658,21.619,21.604,21.581,21.558,21.535,21.520,21.512,21.504,21.489,21.481,21.474,21.466,21.466,21.474,21.481,21.489,21.497,21.504,21.512,21.520,21.527,21.527,21.535,21.535,21.543,21.550,21.558,21.558,21.558,21.558,21.558,21.558,21.550,21.550,21.550,21.543,21.550,21.550,21.550,21.550,21.535,21.527,21.520,21.520,21.520,21.520,21.520,21.512,21.504,21.489,21.474,21.466,21.466,21.474,21.481,21.481,21.481,21.474,21.466,21.458,21.466,21.466,21.474,21.474,21.474,21.474,21.474,21.474,21.466,21.466,21.458,21.443,21.435,21.427,21.412,21.404,21.389,21.381,21.381,21.374,21.374,21.381,21.389,21.389,21.389,21.389,21.389,21.397,21.397,21.397,21.412,21.435,21.450,21.474,21.489,21.512,21.535,21.543,21.550,21.550,21.550,21.550
,23.150,23.142,23.127,23.105,23.074,23.044,23.021,23.014,22.999,22.976,22.961,22.946,22.931,22.908,22.885,22.862,22.840,22.817,22.794,22.779,22.764,22.741,22.718,22.703,22.680,22.658,22.635,22.620,22.597,22.574,22.551,22.536,22.521,22.498,22.475,22.460,22.445,22.422,22.399,22.391,22.376,22.361,22.338,22.323,22.308,22.292,22.285,22.285,22.285,22.277,22.270,22.254,22.254,22.254,22.270,22.292,22.315,22.338,22.361,22.384,22.407,22.437,22.483,22.528,22.574,22.604,22.627,22.642,22.673,22.718,22.764,22.802,22.824,22.840,22.900,22.976,23.059,23.165,23.316,23.520,23.798,24.165,24.613,25.178,25.828,26.554,27.319,27.985,28.495,28.825,28.897,28.954,29.004,29.054,29.082,29.161,29.211,29.225,29.182,29.097,29.018,28.954,28.911,28.882,28.847,28.789,28.746,28.768,28.832,28.918,29.011,29.197,29.474,29.794,29.999,30.091,30.183,30.296,30.416,30.458,30.466,30.451,30.430,30.388,30.346,30.296,30.247,30.197,30.155,30.113,30.070,30.035,29.999,29.971,29.936,29.922,29.922,29.922,29.922,29.929,29.936,29.943,29.943,29.929,29.929,29.929,29.929,29.929,29.929,29.929,29.929,29.929,29.929,29.929,29.914,29.907,29.907,29.900,29.900,29.914,29.922,29.929,29.943,29.950,29.957,29.971,29.999,30.028,30.070,30.127,30.197,30.240,30.282,30.324,30.381,30.402,30.416,30.430,30.473,30.494,30.501,30.494,30.473,30.282,29.992,29.617,29.218,28.847,28.481,28.129,27.790,27.565,27.428,27.333,27.195,27.043,26.912,26.817,26.795,26.780,26.773,26.802,26.992,27.348,27.703,28.021,28.309,28.596,28.868,29.118,29.311,29.417,29.453,29.417,29.325,29.239,29.154,29.061,28.990,28.911,28.818,28.696,28.531,28.244,27.855,27.377,26.810,26.151,25.466,24.784,24.165,23.670,23.309,23.082,22.999,22.961,22.893,22.802,22.696,22.658,22.658,22.680,22.665,22.604,22.551,22.521,22.574,22.604,22.612,22.604,22.589,22.566,22.559,22.544,22.544,22.544,22.544,22.544,22.544,22.551,22.551,22.551,22.551,22.544,22.528,22.521,22.513,22.506,22.498,22.483,22.468,22.452,22.445,22.429,22.414,22.399,22.391,22.376,22.369,22.361,22.346,22.338,22.323,22.300,22.285,22.270,22.254,22.247,22.231,22.216,22.201,22.186,22.178,22.163,22.155,22.147,22.140,22.132,22.132,22.125,22.125,22.125,22.125,22.125,22.132,22.132,22.140,22.140,22.147,22.140,22.140,22.125,22.117,22.102,22.102,22.094,22.086,22.086,22.086,22.094,22.102,22.102,22.102,22.102,22.094,22.086,22.086,22.071,22.063,22.056,22.056,22.056,22.056,22.056,22.056,22.063,22.071,22.071,22.071,22.071,22.063,22.056,22.048,22.041,22.033,22.025,22.010,22.002,21.987,21.979,21.979,21.979,21.979,21.972,21.949,21.926,21.911,21.895,21.895,21.911,21.918,21.911,21.911,21.903,21.895,21.880,21.857,21.842,21.819,21.796,21.780,21.773,21.765,21.750,21.727,21.704,21.673,21.650,21.619,21.596,21.573,21.550,21.527,21.520,21.504,21.489,21.474,21.458,21.450,21.450,21.450,21.458,21.466,21.474,21.481,21.481,21.489,21.497,21.497,21.504,21.504,21.512,21.520,21.527,21.535,21.535,21.535,21.535,21.535,21.535,21.535,21.535,21.535,21.527,21.535,21.535,21.527,21.527,21.520,21.520,21.512,21.512,21.504,21.504,21.504,21.504,21.497,21.489,21.481,21.474,21.474,21.474,21.474,21.474,21.466,21.450,21.443,21.443,21.450,21.458,21.466,21.474,21.474,21.466,21.458,21.458,21.450,21.450,21.443,21.443,21.443,21.443,21.435,21.427,21.420,21.404,21.397,21.381,21.374,21.374,21.374,21.374,21.374,21.374,21.381,21.389,21.389,21.404,21.412,21.435,21.450,21.458,21.481,21.497,21.527,21.543,21.550,21.566,21.566,21.566
,23.142,23.135,23.120,23.097,23.067,23.044,23.021,23.006,22.991,22.976,22.961,22.946,22.931,22.908,22.885,22.862,22.840,22.817,22.794,22.779,22.764,22.741,22.711,22.696,22.673,22.650,22.635,22.612,22.597,22.574,22.551,22.528,22.506,22.483,22.452,22.437,22.422,22.399,22.384,22.369,22.361,22.346,22.330,22.315,22.300,22.292,22.285,22.285,22.285,22.285,22.270,22.254,22.247,22.254,22.270,22.292,22.315,22.346,22.353,22.384,22.407,22.437,22.483,22.528,22.574,22.604,22.627,22.635,22.665,22.711,22.764,22.794,22.817,22.832,22.893,22.968,23.052,23.142,23.286,23.482,23.745,24.083,24.531,25.089,25.739,26.466,27.239,27.912,28.445,28.797,28.890,28.947,28.975,28.975,28.925,28.925,28.918,28.882,28.782,28.617,28.474,28.359,28.273,28.208,28.129,28.042,27.999,28.021,28.078,28.165,28.258,28.488,28.832,29.239,29.524,29.688,29.844,30.042,30.240,30.353,30.409,30.416,30.423,30.409,30.381,30.339,30.289,30.240,30.190,30.148,30.106,30.063,30.028,29.992,29.957,29.936,29.922,29.922,29.914,29.929,29.936,29.943,29.943,29.936,29.929,29.929,29.929,29.922,29.922,29.922,29.922,29.929,29.936,29.936,29.922,29.907,29.900,29.900,29.907,29.922,29.929,29.943,29.957,29.964,29.978,29.999,30.028,30.063,30.120,30.183,30.233,30.268,30.310,30.367,30.402,30.423,30.444,30.473,30.508,30.501,30.494,30.480,30.381,30.098,29.723,29.275,28.847,28.467,28.136,27.833,27.565,27.391,27.268,27.174,27.072,26.963,26.861,26.766,26.715,26.671,26.642,26.649,26.824,27.145,27.479,27.804,28.122,28.438,28.739,29.018,29.239,29.375,29.432,29.403,29.296,29.211,29.125,29.032,28.940,28.868,28.768,28.632,28.424,28.093,27.681,27.181,26.561,25.887,25.200,24.531,23.963,23.527,23.210,23.021,22.984,22.946,22.862,22.756,22.665,22.650,22.658,22.673,22.650,22.589,22.536,22.521,22.566,22.604,22.620,22.612,22.597,22.574,22.559,22.551,22.544,22.544,22.544,22.544,22.551,22.559,22.559,22.559,22.559,22.551,22.536,22.528,22.513,22.506,22.498,22.483,22.468,22.452,22.437,22.422,22.414,22.399,22.391,22.376,22.369,22.361,22.353,22.338,22.323,22.308,22.285,22.270,22.254,22.239,22.231,22.216,22.201,22.186,22.178,22.163,22.155,22.147,22.140,22.132,22.132,22.125,22.125,22.125,22.125,22.125,22.132,22.140,22.140,22.147,22.147,22.140,22.140,22.125,22.117,22.102,22.102,22.094,22.094,22.094,22.094,22.094,22.094,22.102,22.102,22.102,22.094,22.086,22.086,22.071,22.063,22.056,22.056,22.056,22.056,22.056,22.056,22.063,22.063,22.063,22.071,22.071,22.063,22.056,22.048,22.033,22.025,22.018,22.002,21.995,21.987,21.979,21.979,21.979,21.979,21.972,21.949,21.926,21.903,21.895,21.895,21.911,21.918,21.918,21.911,21.903,21.888,21.865,21.842,21.826,21.803,21.788,21.773,21.765,21.757,21.742,21.711,21.688,21.665,21.635,21.612,21.589,21.566,21.543,21.520,21.504,21.489,21.474,21.458,21.443,21.435,21.435,21.435,21.443,21.450,21.458,21.466,21.466,21.466,21.474,21.474,21.474,21.474,21.474,21.489,21.497,21.504,21.504,21.504,21.504,21.504,21.512,21.512,21.512,21.512,21.512,21.512,21.512,21.512,21.504,21.504,21.504,21.504,21.504,21.497,21.497,21.489,21.481,21.489,21.489,21.481,21.481,21.481,21.474,21.474,21.466,21.450,21.435,21.427,21.427,21.435,21.450,21.466,21.466,21.466,21.458,21.450,21.443,21.435,21.435,21.435,21.435,21.443,21.450,21.458,21.450,21.443,21.420,21.404,21.389,21.374,21.366,21.358,21.358,21.358,21.358,21.374,21.381,21.389,21.404,21.412,21.427,21.443,21.450,21.466,21.481,21.512,21.535,21.550,21.573,21.573,21.581
,23.135,23.127,23.112,23.089,23.059,23.037,23.014,22.999,22.984,22.968,22.953,22.938,22.923,22.908,22.885,22.862,22.840,22.817,22.794,22.771,22.756,22.733,22.703,22.680,22.665,22.642,22.627,22.604,22.589,22.566,22.544,22.521,22.498,22.475,22.445,22.422,22.399,22.384,22.369,22.361,22.353,22.338,22.323,22.308,22.292,22.277,22.277,22.285,22.292,22.285,22.270,22.254,22.239,22.247,22.270,22.292,22.315,22.346,22.353,22.384,22.407,22.445,22.490,22.536,22.574,22.604,22.620,22.635,22.665,22.711,22.756,22.794,22.817,22.832,22.885,22.961,23.037,23.112,23.263,23.444,23.685,24.000,24.457,25.015,25.666,26.393,27.159,27.855,28.402,28.775,28.890,28.947,28.947,28.897,28.768,28.682,28.610,28.531,28.373,28.158,27.970,27.833,27.732,27.638,27.544,27.457,27.413,27.435,27.486,27.551,27.638,27.876,28.237,28.668,28.997,29.225,29.446,29.695,29.964,30.169,30.289,30.346,30.367,30.388,30.395,30.374,30.324,30.282,30.233,30.183,30.141,30.106,30.056,30.014,29.978,29.957,29.929,29.914,29.907,29.914,29.929,29.950,29.950,29.943,29.929,29.929,29.929,29.922,29.922,29.922,29.922,29.936,29.943,29.943,29.929,29.914,29.900,29.900,29.914,29.929,29.936,29.950,29.964,29.971,29.992,30.021,30.049,30.106,30.162,30.226,30.254,30.289,30.346,30.416,30.416,30.437,30.466,30.501,30.508,30.480,30.451,30.402,30.190,29.844,29.389,28.868,28.445,28.107,27.826,27.594,27.421,27.283,27.166,27.079,27.035,26.977,26.904,26.817,26.766,26.700,26.642,26.620,26.722,26.970,27.261,27.565,27.905,28.237,28.560,28.875,29.140,29.311,29.389,29.389,29.275,29.189,29.097,28.997,28.890,28.811,28.711,28.560,28.280,27.912,27.479,26.963,26.283,25.614,24.948,24.307,23.790,23.399,23.127,22.968,22.976,22.915,22.817,22.703,22.650,22.650,22.658,22.658,22.620,22.559,22.513,22.521,22.566,22.604,22.627,22.620,22.604,22.589,22.574,22.559,22.551,22.551,22.551,22.551,22.551,22.566,22.574,22.566,22.566,22.551,22.544,22.528,22.521,22.506,22.498,22.483,22.468,22.452,22.437,22.422,22.414,22.399,22.391,22.376,22.376,22.361,22.353,22.338,22.323,22.308,22.285,22.270,22.254,22.239,22.224,22.209,22.193,22.186,22.178,22.163,22.155,22.147,22.140,22.132,22.132,22.125,22.125,22.125,22.125,22.125,22.132,22.132,22.140,22.140,22.140,22.140,22.132,22.125,22.117,22.102,22.102,22.094,22.094,22.094,22.094,22.094,22.094,22.094,22.094,22.094,22.094,22.086,22.086,22.071,22.063,22.056,22.056,22.056,22.056,22.056,22.056,22.056,22.056,22.056,22.056,22.063,22.063,22.056,22.048,22.025,22.018,22.002,21.995,21.987,21.979,21.972,21.972,21.979,21.979,21.972,21.956,21.926,21.903,21.895,21.895,21.911,21.918,21.918,21.911,21.895,21.880,21.857,21.834,21.819,21.796,21.773,21.765,21.757,21.742,21.727,21.704,21.681,21.658,21.627,21.604,21.581,21.558,21.535,21.512,21.489,21.474,21.458,21.435,21.427,21.420,21.412,21.420,21.427,21.435,21.443,21.443,21.443,21.443,21.443,21.443,21.443,21.443,21.443,21.450,21.458,21.466,21.474,21.474,21.474,21.474,21.481,21.481,21.481,21.489,21.489,21.489,21.489,21.489,21.481,21.489,21.489,21.489,21.489,21.481,21.474,21.474,21.466,21.474,21.481,21.481,21.481,21.474,21.474,21.466,21.458,21.443,21.427,21.420,21.420,21.427,21.443,21.458,21.458,21.458,21.450,21.443,21.427,21.427,21.427,21.427,21.435,21.443,21.450,21.458,21.458,21.443,21.427,21.412,21.389,21.374,21.358,21.351,21.343,21.343,21.351,21.358,21.374,21.389,21.397,21.412,21.427,21.435,21.435,21.450,21.466,21.504,21.527,21.550,21.566,21.573,21.573
,23.120,23.112,23.089,23.074,23.052,23.021,22.999,22.991,22.968,22.953,22.931,22.923,22.908,22.885,22.862,22.847,22.824,22.802,22.779,22.764,22.741,22.711,22.688,22.665,22.650,22.627,22.604,22.597,22.582,22.559,22.544,22.528,22.506,22.483,22.452,22.429,22.407,22.384,22.361,22.353,22.346,22.330,22.315,22.300,22.285,22.277,22.277,22.285,22.292,22.285,22.270,22.254,22.239,22.239,22.262,22.285,22.315,22.346,22.353,22.384,22.414,22.445,22.490,22.536,22.566,22.597,22.620,22.635,22.665,22.711,22.756,22.794,22.809,22.832,22.878,22.946,23.014,23.105,23.233,23.392,23.640,23.978,24.389,24.940,25.584,26.312,27.072,27.782,28.352,28.732,28.868,28.918,28.897,28.797,28.617,28.488,28.373,28.251,28.057,27.833,27.660,27.536,27.464,27.406,27.341,27.283,27.246,27.261,27.297,27.348,27.413,27.594,27.884,28.244,28.560,28.797,29.040,29.318,29.624,29.879,30.070,30.204,30.275,30.317,30.353,30.374,30.353,30.317,30.275,30.226,30.183,30.148,30.106,30.049,29.999,29.978,29.950,29.929,29.907,29.914,29.936,29.957,29.957,29.950,29.943,29.929,29.929,29.922,29.922,29.922,29.922,29.936,29.943,29.943,29.929,29.907,29.893,29.893,29.914,29.936,29.950,29.957,29.964,29.985,30.006,30.035,30.084,30.148,30.197,30.240,30.261,30.332,30.388,30.423,30.437,30.458,30.480,30.494,30.458,30.409,30.317,30.162,29.886,29.446,28.940,28.424,28.057,27.790,27.616,27.507,27.370,27.246,27.159,27.108,27.086,27.072,27.043,26.999,26.941,26.861,26.788,26.729,26.737,26.868,27.086,27.370,27.681,28.006,28.352,28.703,29.018,29.232,29.339,29.339,29.247,29.161,29.068,28.968,28.868,28.754,28.632,28.460,28.136,27.710,27.225,26.678,25.982,25.311,24.680,24.105,23.625,23.278,23.074,22.991,22.968,22.893,22.779,22.673,22.635,22.650,22.658,22.650,22.589,22.528,22.506,22.521,22.574,22.612,22.627,22.627,22.620,22.597,22.582,22.566,22.559,22.551,22.551,22.551,22.551,22.566,22.574,22.574,22.566,22.551,22.544,22.528,22.513,22.506,22.490,22.475,22.460,22.445,22.437,22.422,22.407,22.399,22.391,22.376,22.369,22.361,22.353,22.338,22.323,22.308,22.292,22.270,22.254,22.239,22.224,22.201,22.193,22.186,22.178,22.163,22.155,22.147,22.140,22.132,22.132,22.125,22.125,22.125,22.125,22.125,22.132,22.132,22.132,22.132,22.125,22.125,22.125,22.117,22.109,22.102,22.102,22.094,22.094,22.094,22.094,22.094,22.094,22.094,22.094,22.094,22.086,22.086,22.079,22.071,22.063,22.056,22.056,22.056,22.056,22.056,22.048,22.048,22.041,22.041,22.048,22.048,22.048,22.048,22.033,22.018,22.010,21.995,21.987,21.972,21.964,21.964,21.972,21.972,21.979,21.972,21.956,21.926,21.911,21.895,21.895,21.911,21.918,21.918,21.911,21.895,21.872,21.849,21.826,21.811,21.788,21.765,21.750,21.742,21.727,21.704,21.681,21.665,21.642,21.612,21.589,21.573,21.550,21.520,21.489,21.474,21.458,21.435,21.412,21.404,21.404,21.397,21.404,21.412,21.412,21.420,21.420,21.420,21.420,21.412,21.412,21.412,21.412,21.412,21.412,21.420,21.427,21.427,21.427,21.427,21.435,21.435,21.443,21.450,21.450,21.450,21.458,21.458,21.458,21.458,21.466,21.474,21.474,21.481,21.466,21.458,21.450,21.443,21.450,21.458,21.466,21.474,21.466,21.458,21.450,21.443,21.435,21.427,21.420,21.427,21.427,21.435,21.443,21.450,21.450,21.443,21.435,21.427,21.427,21.427,21.427,21.427,21.435,21.435,21.443,21.443,21.427,21.420,21.404,21.381,21.366,21.351,21.343,21.343,21.343,21.343,21.351,21.358,21.374,21.381,21.397,21.412,21.427,21.427,21.443,21.458,21.489,21.512,21.535,21.550,21.558,21.558
,23.097,23.089,23.082,23.059,23.037,23.014,22.991,22.976,22.961,22.938,22.923,22.908,22.893,22.870,22.847,22.832,22.817,22.794,22.771,22.749,22.726,22.703,22.673,22.658,22.635,22.612,22.597,22.582,22.574,22.559,22.544,22.528,22.513,22.490,22.468,22.445,22.422,22.391,22.369,22.361,22.346,22.330,22.308,22.292,22.277,22.270,22.270,22.285,22.292,22.292,22.270,22.247,22.239,22.239,22.254,22.277,22.308,22.338,22.353,22.384,22.414,22.452,22.498,22.544,22.574,22.597,22.612,22.635,22.665,22.718,22.764,22.802,22.817,22.832,22.878,22.931,22.991,23.074,23.195,23.339,23.572,23.888,24.277,24.814,25.444,26.166,26.919,27.645,28.237,28.653,28.818,28.868,28.818,28.675,28.438,28.266,28.114,27.956,27.754,27.565,27.399,27.283,27.239,27.239,27.232,27.217,27.217,27.246,27.283,27.319,27.341,27.471,27.674,27.920,28.143,28.381,28.653,28.968,29.325,29.602,29.829,30.021,30.169,30.247,30.303,30.346,30.353,30.339,30.310,30.261,30.219,30.183,30.141,30.091,30.035,29.999,29.971,29.943,29.922,29.922,29.943,29.971,29.971,29.964,29.950,29.936,29.936,29.929,29.929,29.929,29.929,29.936,29.943,29.943,29.929,29.914,29.900,29.900,29.922,29.943,29.957,29.964,29.978,29.999,30.028,30.063,30.120,30.176,30.226,30.247,30.275,30.346,30.402,30.430,30.451,30.473,30.473,30.458,30.416,30.310,30.155,29.922,29.602,29.140,28.617,28.114,27.804,27.660,27.580,27.536,27.457,27.384,27.304,27.239,27.225,27.246,27.246,27.210,27.130,27.035,26.941,26.846,26.773,26.839,26.999,27.246,27.544,27.876,28.222,28.589,28.940,29.189,29.311,29.311,29.211,29.132,29.040,28.940,28.839,28.711,28.546,28.337,27.992,27.522,26.985,26.400,25.710,25.029,24.404,23.858,23.429,23.158,23.014,22.968,22.938,22.847,22.741,22.650,22.635,22.650,22.658,22.627,22.551,22.513,22.506,22.528,22.589,22.620,22.627,22.627,22.620,22.604,22.589,22.582,22.566,22.559,22.551,22.551,22.551,22.566,22.574,22.574,22.566,22.551,22.544,22.528,22.513,22.498,22.490,22.475,22.460,22.445,22.437,22.422,22.407,22.399,22.391,22.376,22.369,22.353,22.346,22.338,22.323,22.308,22.292,22.277,22.254,22.239,22.216,22.201,22.193,22.186,22.178,22.163,22.155,22.147,22.140,22.132,22.132,22.125,22.125,22.125,22.125,22.125,22.125,22.125,22.117,22.117,22.109,22.109,22.109,22.102,22.102,22.102,22.102,22.102,22.102,22.094,22.094,22.094,22.086,22.086,22.086,22.086,22.086,22.079,22.079,22.071,22.063,22.056,22.056,22.056,22.048,22.048,22.041,22.033,22.025,22.025,22.025,22.025,22.033,22.025,22.018,22.010,21.995,21.987,21.972,21.964,21.964,21.956,21.956,21.964,21.972,21.972,21.949,21.934,21.911,21.903,21.903,21.918,21.926,21.918,21.903,21.888,21.865,21.842,21.819,21.803,21.780,21.757,21.734,21.719,21.704,21.681,21.658,21.650,21.627,21.604,21.581,21.558,21.535,21.504,21.474,21.458,21.435,21.420,21.397,21.389,21.389,21.381,21.389,21.397,21.404,21.404,21.404,21.404,21.397,21.397,21.397,21.389,21.389,21.389,21.389,21.389,21.397,21.397,21.397,21.397,21.397,21.397,21.404,21.412,21.420,21.427,21.427,21.435,21.435,21.443,21.450,21.458,21.458,21.458,21.450,21.443,21.435,21.427,21.435,21.443,21.450,21.458,21.450,21.450,21.443,21.435,21.435,21.435,21.435,21.435,21.435,21.435,21.435,21.435,21.435,21.435,21.435,21.435,21.435,21.435,21.427,21.420,21.420,21.412,21.412,21.404,21.397,21.389,21.381,21.366,21.358,21.351,21.343,21.335,21.335,21.335,21.335,21.343,21.351,21.366,21.381,21.397,21.412,21.420,21.435,21.450,21.481,21.497,21.520,21.527,21.535,21.535
,23.089,23.082,23.067,23.052,23.029,23.006,22.984,22.968,22.953,22.931,22.908,22.893,22.878,22.855,22.832,22.824,22.802,22.787,22.756,22.733,22.711,22.688,22.658,22.642,22.620,22.604,22.589,22.582,22.566,22.551,22.544,22.536,22.521,22.498,22.475,22.452,22.429,22.399,22.376,22.361,22.346,22.330,22.308,22.285,22.270,22.262,22.262,22.277,22.292,22.292,22.270,22.247,22.231,22.239,22.254,22.277,22.308,22.338,22.361,22.384,22.422,22.460,22.506,22.544,22.574,22.597,22.612,22.627,22.673,22.726,22.771,22.809,22.824,22.832,22.878,22.923,22.968,23.037,23.150,23.293,23.497,23.768,24.158,24.665,25.289,25.990,26.744,27.493,28.114,28.574,28.768,28.811,28.725,28.531,28.244,28.028,27.833,27.667,27.486,27.304,27.152,27.057,27.050,27.094,27.123,27.130,27.188,27.246,27.290,27.319,27.341,27.450,27.587,27.732,27.891,28.107,28.388,28.732,29.125,29.417,29.659,29.886,30.091,30.190,30.261,30.317,30.353,30.353,30.332,30.289,30.254,30.212,30.169,30.127,30.063,30.021,29.992,29.964,29.936,29.929,29.950,29.985,29.985,29.971,29.957,29.943,29.943,29.936,29.936,29.936,29.936,29.943,29.950,29.950,29.936,29.922,29.907,29.907,29.929,29.950,29.964,29.971,29.992,30.021,30.049,30.091,30.155,30.204,30.240,30.261,30.289,30.346,30.402,30.444,30.473,30.480,30.458,30.423,30.360,30.197,29.971,29.688,29.339,28.868,28.366,27.905,27.696,27.652,27.652,27.660,27.660,27.631,27.565,27.486,27.471,27.493,27.479,27.428,27.326,27.217,27.094,26.963,26.846,26.875,26.999,27.210,27.515,27.826,28.158,28.524,28.904,29.168,29.289,29.289,29.175,29.097,29.011,28.911,28.789,28.646,28.460,28.194,27.811,27.319,26.759,26.136,25.444,24.777,24.173,23.640,23.293,23.089,22.976,22.931,22.900,22.809,22.703,22.627,22.635,22.658,22.650,22.604,22.528,22.506,22.521,22.559,22.620,22.627,22.627,22.620,22.620,22.612,22.604,22.597,22.582,22.566,22.559,22.559,22.559,22.566,22.574,22.566,22.566,22.551,22.536,22.521,22.513,22.498,22.483,22.468,22.452,22.445,22.437,22.422,22.407,22.399,22.391,22.376,22.369,22.353,22.346,22.330,22.323,22.308,22.300,22.277,22.254,22.239,22.224,22.201,22.193,22.186,22.178,22.170,22.155,22.147,22.147,22.140,22.132,22.132,22.125,22.125,22.125,22.125,22.117,22.117,22.109,22.109,22.102,22.094,22.094,22.094,22.094,22.094,22.094,22.102,22.102,22.102,22.102,22.094,22.086,22.079,22.079,22.079,22.079,22.079,22.079,22.071,22.071,22.063,22.063,22.056,22.048,22.041,22.041,22.025,22.018,22.010,22.010,22.018,22.018,22.018,22.010,22.002,21.995,21.979,21.972,21.964,21.956,21.949,21.949,21.964,21.964,21.964,21.949,21.934,21.918,21.903,21.903,21.918,21.918,21.918,21.903,21.888,21.865,21.842,21.819,21.803,21.780,21.757,21.727,21.704,21.688,21.665,21.642,21.635,21.619,21.596,21.573,21.550,21.520,21.497,21.466,21.443,21.420,21.397,21.381,21.381,21.381,21.374,21.374,21.381,21.389,21.389,21.389,21.389,21.389,21.381,21.381,21.374,21.374,21.366,21.366,21.366,21.374,21.374,21.366,21.366,21.366,21.366,21.374,21.381,21.389,21.397,21.404,21.412,21.420,21.427,21.435,21.443,21.443,21.443,21.443,21.427,21.420,21.412,21.420,21.427,21.435,21.435,21.435,21.435,21.435,21.427,21.435,21.443,21.443,21.443,21.443,21.435,21.427,21.427,21.427,21.435,21.443,21.443,21.443,21.435,21.427,21.412,21.404,21.397,21.389,21.374,21.374,21.366,21.366,21.358,21.358,21.351,21.351,21.343,21.335,21.335,21.335,21.343,21.343,21.358,21.366,21.389,21.404,21.420,21.435,21.450,21.474,21.497,21.504,21.512,21.520,21.520
,23.082,23.074,23.067,23.044,23.021,22.999,22.976,22.961,22.946,22.923,22.900,22.885,22.870,22.847,22.824,22.809,22.794,22.779,22.749,22.733,22.711,22.680,22.650,22.635,22.612,22.597,22.582,22.574,22.559,22.544,22.536,22.536,22.521,22.506,22.475,22.452,22.422,22.399,22.376,22.353,22.338,22.323,22.300,22.277,22.262,22.254,22.254,22.277,22.292,22.292,22.277,22.247,22.231,22.231,22.247,22.277,22.308,22.346,22.361,22.391,22.422,22.468,22.521,22.551,22.574,22.597,22.612,22.635,22.673,22.733,22.779,22.817,22.824,22.832,22.878,22.915,22.953,22.999,23.105,23.248,23.429,23.663,24.038,24.524,25.126,25.820,26.576,27.326,27.992,28.503,28.711,28.739,28.625,28.381,28.042,27.775,27.565,27.399,27.254,27.072,26.934,26.875,26.926,26.977,27.014,27.050,27.159,27.254,27.319,27.362,27.428,27.529,27.623,27.710,27.819,27.985,28.251,28.617,29.032,29.311,29.560,29.801,30.042,30.155,30.233,30.310,30.353,30.367,30.353,30.317,30.282,30.247,30.197,30.148,30.091,30.049,30.006,29.971,29.950,29.950,29.964,29.992,29.992,29.978,29.964,29.950,29.950,29.950,29.950,29.950,29.950,29.950,29.950,29.950,29.943,29.936,29.922,29.907,29.936,29.957,29.971,29.985,30.014,30.042,30.077,30.127,30.190,30.226,30.254,30.268,30.296,30.339,30.402,30.466,30.494,30.473,30.437,30.388,30.289,30.063,29.780,29.453,29.082,28.610,28.158,27.797,27.710,27.739,27.804,27.884,27.963,27.963,27.912,27.833,27.797,27.790,27.739,27.660,27.544,27.413,27.261,27.094,26.948,26.955,27.065,27.261,27.558,27.833,28.150,28.503,28.890,29.147,29.268,29.261,29.140,29.061,28.982,28.890,28.725,28.574,28.352,28.042,27.594,27.101,26.525,25.879,25.178,24.546,23.978,23.489,23.226,23.067,22.976,22.915,22.870,22.764,22.673,22.612,22.642,22.658,22.627,22.566,22.498,22.498,22.544,22.612,22.650,22.650,22.635,22.627,22.627,22.627,22.627,22.620,22.604,22.589,22.574,22.566,22.566,22.566,22.574,22.566,22.566,22.551,22.536,22.521,22.513,22.498,22.483,22.468,22.452,22.445,22.437,22.422,22.414,22.399,22.391,22.376,22.369,22.353,22.346,22.330,22.323,22.315,22.300,22.285,22.262,22.247,22.224,22.201,22.193,22.193,22.186,22.170,22.163,22.155,22.147,22.147,22.140,22.132,22.132,22.132,22.132,22.125,22.117,22.117,22.109,22.102,22.094,22.094,22.094,22.094,22.094,22.094,22.094,22.102,22.109,22.102,22.102,22.094,22.086,22.079,22.079,22.079,22.079,22.079,22.079,22.079,22.071,22.071,22.063,22.063,22.056,22.048,22.041,22.033,22.018,22.010,22.010,22.018,22.018,22.018,22.010,22.002,21.995,21.987,21.972,21.964,21.956,21.949,21.956,21.956,21.964,21.956,21.949,21.934,21.918,21.911,21.911,21.918,21.918,21.911,21.903,21.888,21.865,21.842,21.826,21.811,21.788,21.757,21.734,21.711,21.688,21.665,21.642,21.627,21.619,21.596,21.566,21.543,21.520,21.489,21.458,21.435,21.412,21.389,21.381,21.374,21.374,21.366,21.366,21.366,21.374,21.374,21.374,21.374,21.374,21.366,21.366,21.366,21.358,21.358,21.358,21.358,21.358,21.351,21.351,21.343,21.343,21.351,21.351,21.358,21.366,21.381,21.381,21.389,21.397,21.412,21.420,21.427,21.427,21.427,21.420,21.420,21.412,21.412,21.412,21.412,21.420,21.427,21.427,21.427,21.427,21.427,21.435,21.450,21.458,21.458,21.450,21.435,21.427,21.420,21.427,21.435,21.443,21.450,21.443,21.435,21.420,21.404,21.397,21.381,21.374,21.366,21.358,21.358,21.358,21.366,21.358,21.358,21.351,21.351,21.343,21.335,21.335,21.343,21.351,21.358,21.374,21.389,21.412,21.427,21.443,21.466,21.489,21.497,21.504,21.512,21.512,21.512
,23.082,23.082,23.067,23.044,23.021,22.991,22.976,22.961,22.946,22.923,22.900,22.885,22.870,22.847,22.832,22.817,22.794,22.779,22.749,22.726,22.703,22.680,22.650,22.635,22.612,22.597,22.574,22.566,22.559,22.536,22.528,22.521,22.506,22.483,22.460,22.437,22.414,22.384,22.361,22.346,22.330,22.308,22.285,22.270,22.254,22.247,22.254,22.270,22.285,22.292,22.277,22.247,22.231,22.239,22.254,22.285,22.315,22.353,22.376,22.399,22.429,22.475,22.528,22.559,22.582,22.597,22.620,22.642,22.680,22.733,22.779,22.809,22.824,22.832,22.870,22.900,22.938,22.991,23.082,23.210,23.392,23.632,23.955,24.412,25.000,25.688,26.422,27.188,27.869,28.402,28.639,28.660,28.524,28.237,27.840,27.573,27.377,27.225,27.065,26.934,26.868,26.875,26.941,27.014,27.086,27.166,27.275,27.370,27.464,27.558,27.645,27.739,27.804,27.855,27.884,27.992,28.215,28.553,28.932,29.204,29.453,29.702,29.971,30.106,30.197,30.282,30.360,30.381,30.374,30.346,30.324,30.289,30.233,30.169,30.127,30.077,30.028,29.992,29.971,29.964,29.978,29.999,29.992,29.978,29.964,29.950,29.950,29.950,29.957,29.957,29.950,29.950,29.957,29.957,29.964,29.957,29.943,29.929,29.943,29.964,29.992,30.014,30.035,30.070,30.113,30.162,30.219,30.247,30.268,30.282,30.303,30.346,30.409,30.487,30.508,30.466,30.416,30.346,30.197,29.907,29.567,29.189,28.797,28.373,28.021,27.804,27.797,27.898,28.042,28.201,28.294,28.309,28.258,28.165,28.114,28.071,28.013,27.912,27.775,27.623,27.464,27.290,27.086,27.065,27.152,27.341,27.602,27.840,28.122,28.438,28.811,29.068,29.189,29.175,29.075,29.004,28.940,28.861,28.703,28.481,28.215,27.891,27.399,26.868,26.261,25.599,24.918,24.322,23.820,23.407,23.165,23.052,22.999,22.953,22.847,22.741,22.658,22.627,22.658,22.650,22.597,22.513,22.460,22.483,22.566,22.673,22.696,22.673,22.642,22.627,22.627,22.642,22.650,22.650,22.627,22.612,22.589,22.566,22.566,22.574,22.574,22.566,22.566,22.551,22.536,22.521,22.506,22.490,22.483,22.468,22.460,22.445,22.437,22.429,22.414,22.407,22.399,22.384,22.369,22.361,22.346,22.330,22.323,22.315,22.300,22.285,22.262,22.247,22.224,22.201,22.201,22.193,22.186,22.178,22.170,22.170,22.163,22.155,22.147,22.140,22.132,22.132,22.132,22.132,22.132,22.125,22.117,22.117,22.109,22.102,22.102,22.102,22.094,22.094,22.094,22.102,22.109,22.102,22.102,22.094,22.086,22.079,22.079,22.079,22.079,22.079,22.079,22.079,22.079,22.071,22.071,22.071,22.071,22.063,22.056,22.048,22.041,22.033,22.025,22.033,22.033,22.025,22.018,22.018,22.010,21.995,21.987,21.972,21.964,21.956,21.956,21.964,21.964,21.964,21.949,21.934,21.918,21.911,21.911,21.918,21.918,21.918,21.911,21.895,21.880,21.857,21.842,21.826,21.811,21.780,21.757,21.734,21.711,21.688,21.665,21.650,21.635,21.612,21.589,21.566,21.535,21.504,21.474,21.450,21.427,21.404,21.389,21.381,21.374,21.366,21.366,21.366,21.366,21.374,21.374,21.366,21.366,21.366,21.366,21.366,21.358,21.358,21.358,21.358,21.358,21.351,21.351,21.343,21.343,21.351,21.351,21.358,21.366,21.381,21.389,21.397,21.404,21.412,21.412,21.412,21.412,21.420,21.420,21.420,21.427,21.427,21.427,21.427,21.420,21.427,21.427,21.427,21.427,21.435,21.443,21.458,21.466,21.466,21.458,21.443,21.435,21.427,21.435,21.443,21.450,21.450,21.450,21.435,21.427,21.412,21.404,21.397,21.389,21.381,21.374,21.374,21.374,21.374,21.366,21.366,21.366,21.366,21.358,21.358,21.358,21.358,21.374,21.381,21.397,21.412,21.435,21.458,21.474,21.489,21.512,21.527,21.527,21.535,21.543,21.543
,23.097,23.089,23.074,23.052,23.021,22.999,22.984,22.968,22.953,22.931,22.908,22.893,22.878,22.855,22.840,22.817,22.802,22.779,22.756,22.733,22.703,22.680,22.658,22.635,22.620,22.597,22.582,22.566,22.551,22.536,22.521,22.506,22.490,22.468,22.445,22.429,22.399,22.376,22.353,22.330,22.315,22.300,22.277,22.262,22.247,22.239,22.254,22.270,22.285,22.292,22.277,22.254,22.239,22.247,22.262,22.285,22.323,22.361,22.384,22.399,22.429,22.475,22.536,22.574,22.589,22.604,22.620,22.642,22.688,22.741,22.771,22.802,22.817,22.832,22.862,22.893,22.931,22.976,23.067,23.180,23.354,23.580,23.873,24.330,24.911,25.592,26.312,27.079,27.775,28.330,28.574,28.582,28.416,28.107,27.696,27.413,27.210,27.072,26.963,26.897,26.897,26.948,27.035,27.137,27.246,27.348,27.471,27.580,27.696,27.804,27.920,28.013,28.064,28.064,28.013,28.049,28.215,28.495,28.818,29.068,29.325,29.595,29.900,30.056,30.176,30.275,30.367,30.395,30.388,30.367,30.353,30.339,30.289,30.219,30.155,30.106,30.063,30.021,29.992,29.985,29.985,29.999,29.985,29.971,29.957,29.957,29.957,29.957,29.964,29.964,29.964,29.957,29.964,29.971,29.978,29.978,29.957,29.936,29.950,29.978,30.006,30.042,30.070,30.106,30.148,30.204,30.247,30.268,30.289,30.303,30.303,30.360,30.430,30.508,30.508,30.466,30.388,30.275,30.063,29.709,29.311,28.897,28.510,28.150,27.920,27.855,27.941,28.114,28.294,28.467,28.582,28.596,28.553,28.467,28.402,28.366,28.287,28.150,27.977,27.804,27.631,27.442,27.232,27.188,27.261,27.428,27.631,27.840,28.086,28.388,28.746,28.997,29.118,29.111,29.040,28.982,28.918,28.832,28.675,28.395,28.057,27.681,27.203,26.613,25.982,25.326,24.658,24.113,23.648,23.286,23.074,23.014,22.976,22.915,22.794,22.696,22.642,22.635,22.665,22.635,22.566,22.490,22.445,22.490,22.597,22.711,22.726,22.688,22.650,22.627,22.635,22.658,22.673,22.673,22.658,22.627,22.604,22.582,22.574,22.582,22.582,22.574,22.559,22.544,22.536,22.521,22.506,22.490,22.483,22.468,22.460,22.452,22.445,22.429,22.414,22.414,22.399,22.391,22.376,22.369,22.353,22.338,22.323,22.323,22.308,22.292,22.270,22.247,22.224,22.209,22.201,22.193,22.193,22.193,22.186,22.178,22.170,22.170,22.155,22.147,22.147,22.140,22.140,22.140,22.147,22.140,22.140,22.132,22.132,22.125,22.117,22.109,22.109,22.102,22.102,22.102,22.109,22.102,22.102,22.102,22.094,22.086,22.086,22.086,22.079,22.079,22.079,22.086,22.086,22.086,22.086,22.086,22.086,22.079,22.079,22.071,22.063,22.063,22.056,22.056,22.056,22.048,22.041,22.025,22.018,22.010,21.995,21.987,21.979,21.972,21.972,21.972,21.972,21.964,21.949,21.934,21.926,21.911,21.911,21.918,21.926,21.918,21.911,21.903,21.888,21.872,21.865,21.849,21.834,21.811,21.788,21.765,21.750,21.719,21.696,21.681,21.658,21.635,21.612,21.589,21.566,21.535,21.497,21.474,21.443,21.420,21.397,21.389,21.381,21.381,21.374,21.366,21.366,21.374,21.374,21.366,21.366,21.374,21.374,21.374,21.381,21.381,21.381,21.374,21.374,21.374,21.366,21.366,21.366,21.366,21.366,21.374,21.389,21.397,21.404,21.404,21.412,21.420,21.420,21.412,21.412,21.412,21.420,21.435,21.443,21.450,21.443,21.435,21.435,21.427,21.427,21.435,21.435,21.443,21.458,21.466,21.474,21.474,21.466,21.458,21.450,21.443,21.450,21.450,21.450,21.450,21.450,21.435,21.427,21.420,21.412,21.412,21.412,21.412,21.404,21.397,21.397,21.389,21.389,21.381,21.381,21.381,21.381,21.381,21.381,21.397,21.404,21.420,21.427,21.450,21.474,21.489,21.504,21.527,21.550,21.558,21.566,21.573,21.573,21.573
,23.105,23.105,23.089,23.059,23.029,22.999,22.984,22.968,22.953,22.938,22.915,22.900,22.885,22.862,22.840,22.824,22.802,22.779,22.756,22.733,22.711,22.680,22.658,22.642,22.620,22.597,22.582,22.566,22.551,22.528,22.506,22.490,22.475,22.445,22.422,22.407,22.384,22.361,22.338,22.323,22.308,22.285,22.270,22.254,22.239,22.239,22.247,22.262,22.277,22.292,22.277,22.254,22.247,22.247,22.262,22.292,22.330,22.361,22.384,22.407,22.437,22.483,22.544,22.582,22.597,22.604,22.627,22.650,22.688,22.741,22.756,22.794,22.817,22.824,22.862,22.893,22.915,22.961,23.052,23.165,23.301,23.497,23.798,24.232,24.799,25.474,26.188,26.948,27.660,28.251,28.517,28.517,28.337,27.999,27.573,27.268,27.072,26.955,26.904,26.904,26.948,27.028,27.145,27.290,27.428,27.565,27.725,27.847,27.963,28.093,28.244,28.359,28.388,28.337,28.222,28.179,28.266,28.481,28.739,28.968,29.218,29.496,29.829,30.014,30.155,30.282,30.388,30.409,30.402,30.381,30.381,30.374,30.339,30.268,30.183,30.127,30.091,30.056,30.021,30.006,29.999,29.992,29.978,29.964,29.964,29.957,29.957,29.964,29.971,29.978,29.971,29.971,29.971,29.985,29.992,29.992,29.971,29.943,29.957,29.992,30.028,30.063,30.098,30.134,30.183,30.233,30.268,30.289,30.303,30.317,30.310,30.374,30.451,30.529,30.515,30.466,30.381,30.226,29.943,29.524,29.068,28.625,28.258,27.992,27.891,27.977,28.172,28.373,28.567,28.732,28.847,28.868,28.825,28.739,28.668,28.632,28.546,28.388,28.179,27.977,27.782,27.580,27.362,27.319,27.370,27.493,27.660,27.833,28.057,28.337,28.689,28.932,29.054,29.068,29.004,28.961,28.904,28.804,28.610,28.287,27.905,27.464,26.963,26.334,25.688,25.044,24.427,23.925,23.505,23.180,23.029,22.999,22.953,22.862,22.733,22.665,22.635,22.650,22.673,22.627,22.559,22.483,22.468,22.521,22.627,22.749,22.749,22.703,22.650,22.627,22.642,22.673,22.696,22.696,22.680,22.650,22.612,22.589,22.582,22.589,22.582,22.574,22.559,22.544,22.536,22.521,22.506,22.490,22.483,22.475,22.460,22.452,22.445,22.437,22.422,22.422,22.414,22.399,22.384,22.376,22.361,22.346,22.330,22.323,22.315,22.292,22.270,22.247,22.231,22.216,22.201,22.201,22.201,22.201,22.193,22.186,22.186,22.178,22.163,22.155,22.147,22.147,22.147,22.147,22.155,22.155,22.155,22.155,22.147,22.140,22.132,22.125,22.109,22.102,22.102,22.102,22.109,22.102,22.102,22.102,22.094,22.094,22.094,22.086,22.086,22.086,22.086,22.086,22.094,22.094,22.094,22.094,22.094,22.094,22.094,22.094,22.086,22.079,22.079,22.071,22.071,22.063,22.048,22.041,22.025,22.018,22.002,21.995,21.987,21.979,21.979,21.979,21.972,21.964,21.949,21.934,21.926,21.911,21.911,21.918,21.918,21.918,21.918,21.911,21.903,21.888,21.872,21.865,21.849,21.826,21.811,21.796,21.773,21.750,21.719,21.704,21.673,21.650,21.619,21.604,21.581,21.550,21.512,21.489,21.458,21.435,21.404,21.397,21.389,21.381,21.374,21.374,21.366,21.366,21.366,21.366,21.366,21.374,21.381,21.381,21.389,21.397,21.397,21.389,21.389,21.381,21.381,21.381,21.381,21.381,21.381,21.389,21.397,21.404,21.404,21.412,21.420,21.420,21.412,21.404,21.404,21.404,21.420,21.435,21.450,21.466,21.458,21.443,21.435,21.427,21.427,21.435,21.443,21.450,21.458,21.466,21.466,21.474,21.474,21.466,21.466,21.458,21.458,21.458,21.450,21.450,21.443,21.435,21.427,21.427,21.427,21.427,21.427,21.427,21.420,21.420,21.412,21.404,21.397,21.397,21.397,21.397,21.397,21.397,21.412,21.420,21.435,21.443,21.458,21.481,21.504,21.512,21.535,21.550,21.573,21.589,21.596,21.604,21.604,21.604
,23.120,23.112,23.097,23.074,23.037,23.006,22.984,22.976,22.961,22.938,22.923,22.908,22.885,22.870,22.847,22.832,22.809,22.787,22.756,22.741,22.718,22.688,22.665,22.650,22.627,22.604,22.582,22.566,22.551,22.521,22.498,22.475,22.452,22.422,22.399,22.384,22.369,22.346,22.323,22.308,22.292,22.277,22.262,22.239,22.231,22.239,22.239,22.262,22.277,22.285,22.277,22.254,22.247,22.247,22.270,22.300,22.330,22.369,22.391,22.407,22.437,22.490,22.544,22.582,22.604,22.612,22.627,22.658,22.696,22.741,22.749,22.787,22.809,22.824,22.862,22.893,22.915,22.946,23.037,23.142,23.256,23.407,23.715,24.128,24.673,25.326,26.026,26.766,27.500,28.143,28.438,28.460,28.273,27.912,27.457,27.137,26.948,26.868,26.883,26.934,27.014,27.116,27.261,27.428,27.609,27.782,27.992,28.107,28.230,28.373,28.589,28.732,28.761,28.668,28.503,28.388,28.388,28.510,28.718,28.925,29.154,29.432,29.773,29.985,30.155,30.296,30.409,30.423,30.409,30.388,30.395,30.402,30.381,30.317,30.219,30.148,30.106,30.084,30.056,30.035,30.014,29.992,29.978,29.971,29.964,29.964,29.971,29.978,29.985,29.992,29.985,29.978,29.978,29.992,30.006,30.014,29.992,29.964,29.971,30.006,30.049,30.084,30.120,30.169,30.219,30.261,30.282,30.310,30.317,30.317,30.317,30.381,30.473,30.550,30.515,30.480,30.381,30.190,29.851,29.360,28.847,28.381,28.064,27.905,27.963,28.208,28.488,28.696,28.868,29.025,29.140,29.154,29.097,28.990,28.904,28.875,28.789,28.617,28.381,28.158,27.934,27.717,27.500,27.450,27.471,27.544,27.681,27.840,28.049,28.316,28.653,28.882,29.018,29.054,28.982,28.947,28.890,28.768,28.503,28.158,27.739,27.239,26.678,26.034,25.378,24.755,24.225,23.768,23.384,23.097,23.037,22.999,22.923,22.809,22.696,22.642,22.642,22.673,22.696,22.642,22.574,22.513,22.513,22.574,22.665,22.771,22.764,22.703,22.658,22.627,22.650,22.680,22.703,22.711,22.688,22.658,22.627,22.597,22.589,22.589,22.589,22.574,22.566,22.551,22.536,22.521,22.506,22.498,22.490,22.475,22.468,22.460,22.452,22.445,22.437,22.429,22.422,22.407,22.391,22.376,22.369,22.346,22.338,22.330,22.323,22.300,22.277,22.254,22.239,22.224,22.216,22.216,22.209,22.201,22.201,22.193,22.186,22.178,22.170,22.155,22.147,22.140,22.140,22.155,22.163,22.163,22.163,22.163,22.163,22.155,22.147,22.132,22.117,22.102,22.102,22.102,22.102,22.102,22.102,22.102,22.102,22.094,22.094,22.094,22.094,22.086,22.086,22.086,22.094,22.094,22.094,22.102,22.102,22.102,22.102,22.102,22.094,22.086,22.086,22.079,22.071,22.063,22.048,22.041,22.033,22.018,22.010,22.002,21.995,21.987,21.979,21.979,21.972,21.964,21.949,21.934,21.926,21.911,21.911,21.911,21.918,21.918,21.911,21.911,21.903,21.888,21.880,21.865,21.849,21.834,21.819,21.803,21.788,21.765,21.734,21.711,21.681,21.658,21.627,21.612,21.589,21.558,21.520,21.497,21.466,21.443,21.412,21.404,21.389,21.381,21.366,21.358,21.358,21.358,21.351,21.358,21.358,21.358,21.374,21.374,21.381,21.389,21.389,21.389,21.389,21.381,21.381,21.381,21.381,21.381,21.381,21.389,21.389,21.397,21.404,21.404,21.412,21.412,21.404,21.397,21.389,21.397,21.412,21.435,21.450,21.466,21.458,21.443,21.427,21.420,21.427,21.435,21.443,21.443,21.450,21.458,21.458,21.458,21.466,21.466,21.466,21.458,21.458,21.458,21.443,21.435,21.427,21.427,21.420,21.420,21.427,21.435,21.435,21.435,21.435,21.427,21.420,21.412,21.412,21.404,21.404,21.412,21.412,21.412,21.427,21.443,21.450,21.466,21.481,21.497,21.520,21.535,21.550,21.573,21.589,21.604,21.619,21.627,21.627,21.627
,23.135,23.127,23.105,23.074,23.044,23.014,22.999,22.984,22.968,22.946,22.931,22.915,22.893,22.870,22.847,22.832,22.809,22.787,22.756,22.741,22.718,22.688,22.673,22.658,22.635,22.612,22.589,22.566,22.544,22.513,22.483,22.452,22.429,22.399,22.376,22.361,22.346,22.323,22.300,22.292,22.277,22.262,22.247,22.231,22.231,22.231,22.239,22.254,22.270,22.277,22.270,22.254,22.247,22.247,22.270,22.300,22.338,22.369,22.391,22.407,22.437,22.490,22.544,22.582,22.604,22.612,22.635,22.665,22.703,22.741,22.749,22.787,22.817,22.840,22.862,22.885,22.908,22.946,23.014,23.120,23.241,23.376,23.625,24.030,24.553,25.170,25.828,26.547,27.283,27.956,28.352,28.395,28.194,27.797,27.312,27.014,26.861,26.824,26.890,26.970,27.086,27.217,27.362,27.529,27.725,27.941,28.122,28.222,28.359,28.553,28.832,29.040,29.104,29.025,28.832,28.660,28.589,28.646,28.797,28.968,29.182,29.439,29.773,29.978,30.148,30.289,30.416,30.416,30.395,30.374,30.402,30.416,30.395,30.339,30.247,30.162,30.106,30.091,30.077,30.049,30.028,30.006,29.992,29.985,29.978,29.978,29.985,29.992,30.006,30.006,29.992,29.985,29.985,29.999,30.014,30.014,29.992,29.957,29.978,30.021,30.063,30.098,30.134,30.190,30.233,30.254,30.275,30.303,30.310,30.289,30.296,30.374,30.473,30.536,30.508,30.487,30.381,30.162,29.773,29.218,28.668,28.208,27.956,27.949,28.179,28.582,28.911,29.104,29.254,29.382,29.517,29.503,29.389,29.232,29.132,29.097,29.011,28.839,28.582,28.345,28.122,27.898,27.681,27.609,27.609,27.660,27.739,27.891,28.093,28.345,28.653,28.875,29.004,29.047,28.997,28.925,28.832,28.682,28.366,27.949,27.479,26.963,26.342,25.695,25.044,24.427,23.955,23.565,23.271,23.074,23.029,22.984,22.908,22.802,22.680,22.642,22.658,22.696,22.711,22.680,22.642,22.620,22.635,22.688,22.741,22.779,22.749,22.696,22.642,22.620,22.635,22.673,22.696,22.703,22.680,22.650,22.620,22.589,22.582,22.582,22.582,22.574,22.566,22.551,22.544,22.528,22.513,22.506,22.498,22.483,22.475,22.468,22.460,22.445,22.445,22.437,22.429,22.414,22.407,22.384,22.369,22.353,22.346,22.338,22.323,22.308,22.285,22.262,22.247,22.224,22.224,22.216,22.216,22.209,22.201,22.186,22.178,22.170,22.155,22.147,22.132,22.132,22.132,22.140,22.147,22.155,22.163,22.163,22.155,22.147,22.140,22.125,22.117,22.102,22.102,22.102,22.102,22.102,22.102,22.102,22.102,22.094,22.094,22.094,22.094,22.086,22.086,22.086,22.094,22.094,22.094,22.094,22.094,22.094,22.094,22.086,22.079,22.071,22.063,22.063,22.056,22.048,22.033,22.025,22.018,22.010,21.995,21.995,21.987,21.979,21.972,21.964,21.956,21.949,21.941,21.926,21.918,21.911,21.911,21.911,21.911,21.911,21.911,21.903,21.895,21.880,21.872,21.857,21.834,21.819,21.803,21.796,21.773,21.750,21.719,21.696,21.673,21.635,21.612,21.596,21.573,21.543,21.512,21.481,21.458,21.427,21.397,21.389,21.374,21.366,21.343,21.335,21.335,21.327,21.327,21.327,21.327,21.335,21.343,21.343,21.351,21.351,21.358,21.358,21.358,21.358,21.358,21.358,21.358,21.358,21.366,21.366,21.366,21.374,21.374,21.374,21.381,21.381,21.381,21.374,21.374,21.381,21.397,21.420,21.427,21.435,21.427,21.420,21.404,21.397,21.404,21.412,21.420,21.427,21.435,21.443,21.443,21.450,21.450,21.450,21.450,21.450,21.443,21.435,21.427,21.427,21.420,21.420,21.420,21.420,21.420,21.420,21.427,21.435,21.427,21.420,21.412,21.412,21.404,21.404,21.404,21.412,21.412,21.412,21.427,21.443,21.450,21.466,21.481,21.497,21.512,21.527,21.543,21.566,21.589,21.604,21.612,21.627,21.627,21.627
,23.142,23.135,23.112,23.089,23.059,23.021,23.006,22.991,22.976,22.953,22.931,22.915,22.900,22.878,22.855,22.832,22.809,22.787,22.756,22.741,22.718,22.696,22.673,22.658,22.642,22.620,22.589,22.566,22.536,22.506,22.475,22.445,22.414,22.391,22.361,22.346,22.330,22.308,22.292,22.277,22.270,22.262,22.239,22.231,22.231,22.231,22.239,22.254,22.270,22.277,22.262,22.247,22.239,22.247,22.270,22.300,22.330,22.369,22.399,22.414,22.445,22.490,22.544,22.589,22.612,22.620,22.635,22.673,22.711,22.749,22.749,22.779,22.817,22.840,22.870,22.885,22.908,22.938,22.999,23.089,23.203,23.346,23.565,23.933,24.427,25.022,25.658,26.356,27.086,27.797,28.251,28.323,28.114,27.688,27.195,26.912,26.788,26.810,26.919,27.043,27.181,27.319,27.435,27.623,27.847,28.064,28.230,28.337,28.481,28.696,29.040,29.296,29.396,29.332,29.125,28.911,28.797,28.782,28.890,29.040,29.225,29.467,29.773,29.978,30.134,30.275,30.395,30.395,30.367,30.339,30.374,30.395,30.388,30.339,30.254,30.162,30.098,30.084,30.077,30.063,30.042,30.021,30.006,29.999,29.992,29.992,29.999,30.006,30.014,30.021,30.006,29.992,29.992,29.999,30.014,30.021,30.006,29.978,30.006,30.042,30.077,30.113,30.162,30.212,30.240,30.247,30.275,30.303,30.310,30.296,30.289,30.367,30.466,30.536,30.529,30.522,30.416,30.176,29.766,29.147,28.567,28.129,27.985,28.129,28.517,29.047,29.403,29.595,29.737,29.865,30.014,29.971,29.801,29.567,29.425,29.360,29.247,29.054,28.761,28.503,28.266,28.042,27.833,27.739,27.710,27.732,27.804,27.949,28.150,28.402,28.682,28.890,29.011,29.047,29.011,28.911,28.768,28.553,28.215,27.732,27.210,26.656,25.997,25.363,24.755,24.203,23.745,23.407,23.173,23.037,23.006,22.968,22.893,22.787,22.688,22.665,22.673,22.703,22.703,22.680,22.658,22.642,22.665,22.711,22.741,22.756,22.726,22.673,22.635,22.612,22.627,22.658,22.680,22.688,22.665,22.627,22.597,22.574,22.566,22.574,22.574,22.574,22.566,22.559,22.544,22.536,22.521,22.513,22.498,22.490,22.475,22.475,22.460,22.452,22.445,22.445,22.429,22.422,22.407,22.391,22.376,22.361,22.346,22.338,22.330,22.315,22.292,22.270,22.254,22.239,22.224,22.224,22.216,22.209,22.193,22.178,22.170,22.155,22.140,22.125,22.117,22.117,22.117,22.125,22.132,22.140,22.147,22.147,22.140,22.140,22.132,22.125,22.109,22.102,22.102,22.102,22.094,22.094,22.094,22.094,22.094,22.094,22.086,22.086,22.086,22.086,22.086,22.079,22.079,22.079,22.079,22.079,22.071,22.071,22.063,22.056,22.048,22.041,22.041,22.033,22.033,22.018,22.010,22.002,21.995,21.987,21.979,21.979,21.972,21.964,21.956,21.949,21.941,21.934,21.926,21.918,21.911,21.903,21.903,21.911,21.911,21.903,21.895,21.895,21.880,21.865,21.849,21.834,21.811,21.788,21.773,21.765,21.750,21.727,21.696,21.673,21.642,21.612,21.581,21.566,21.543,21.520,21.481,21.458,21.435,21.404,21.381,21.366,21.358,21.343,21.320,21.312,21.304,21.297,21.297,21.297,21.304,21.304,21.304,21.304,21.312,21.312,21.320,21.327,21.327,21.327,21.327,21.327,21.327,21.335,21.335,21.335,21.343,21.343,21.343,21.343,21.343,21.343,21.351,21.358,21.366,21.374,21.381,21.389,21.397,21.397,21.389,21.381,21.374,21.374,21.381,21.389,21.397,21.404,21.412,21.420,21.420,21.427,21.427,21.427,21.427,21.427,21.420,21.420,21.412,21.412,21.404,21.404,21.404,21.404,21.404,21.404,21.412,21.412,21.412,21.404,21.397,21.397,21.397,21.397,21.397,21.397,21.404,21.404,21.412,21.427,21.435,21.450,21.466,21.489,21.497,21.512,21.527,21.550,21.573,21.589,21.596,21.612,21.612,21.612
,23.150,23.135,23.120,23.089,23.059,23.029,23.006,22.991,22.976,22.953,22.931,22.915,22.900,22.878,22.855,22.832,22.809,22.787,22.756,22.733,22.718,22.696,22.673,22.658,22.642,22.620,22.589,22.566,22.536,22.498,22.460,22.429,22.407,22.376,22.346,22.330,22.315,22.292,22.277,22.262,22.254,22.247,22.231,22.231,22.224,22.231,22.231,22.247,22.262,22.270,22.254,22.239,22.239,22.247,22.270,22.300,22.330,22.369,22.399,22.414,22.445,22.490,22.544,22.589,22.612,22.620,22.642,22.673,22.718,22.756,22.741,22.771,22.802,22.832,22.862,22.878,22.893,22.931,22.984,23.067,23.173,23.309,23.527,23.858,24.307,24.881,25.525,26.195,26.934,27.674,28.150,28.251,28.042,27.594,27.079,26.817,26.737,26.802,26.977,27.137,27.275,27.406,27.529,27.732,27.956,28.172,28.352,28.467,28.625,28.882,29.268,29.560,29.688,29.631,29.403,29.154,28.982,28.911,28.975,29.104,29.275,29.481,29.773,29.964,30.113,30.247,30.360,30.367,30.339,30.310,30.346,30.381,30.388,30.360,30.282,30.183,30.113,30.077,30.077,30.077,30.063,30.042,30.021,30.014,30.014,30.014,30.014,30.021,30.028,30.028,30.021,30.006,29.999,30.006,30.021,30.028,30.021,30.014,30.028,30.056,30.098,30.141,30.197,30.233,30.254,30.261,30.303,30.332,30.346,30.332,30.296,30.367,30.466,30.543,30.543,30.543,30.437,30.176,29.737,29.075,28.481,28.071,28.057,28.352,28.875,29.503,29.893,30.091,30.247,30.388,30.536,30.473,30.268,29.978,29.766,29.645,29.489,29.247,28.911,28.632,28.381,28.150,27.949,27.847,27.797,27.790,27.840,27.992,28.201,28.467,28.732,28.918,29.025,29.068,29.011,28.897,28.703,28.424,28.021,27.493,26.926,26.342,25.673,25.037,24.464,23.955,23.565,23.278,23.097,22.999,22.991,22.946,22.870,22.771,22.703,22.680,22.696,22.711,22.696,22.673,22.658,22.642,22.665,22.703,22.733,22.741,22.711,22.665,22.620,22.604,22.620,22.642,22.665,22.665,22.642,22.612,22.589,22.566,22.566,22.574,22.574,22.574,22.566,22.566,22.559,22.544,22.536,22.521,22.513,22.498,22.490,22.483,22.475,22.460,22.452,22.452,22.445,22.429,22.414,22.399,22.384,22.369,22.353,22.346,22.338,22.323,22.300,22.277,22.262,22.247,22.231,22.224,22.224,22.209,22.193,22.178,22.163,22.147,22.132,22.117,22.109,22.102,22.102,22.109,22.125,22.125,22.132,22.132,22.132,22.132,22.125,22.117,22.109,22.102,22.102,22.094,22.094,22.086,22.086,22.086,22.086,22.086,22.086,22.079,22.079,22.079,22.079,22.079,22.071,22.071,22.071,22.063,22.056,22.056,22.048,22.033,22.025,22.018,22.010,22.010,22.002,21.995,21.987,21.979,21.972,21.964,21.964,21.956,21.956,21.949,21.941,21.934,21.926,21.918,21.911,21.903,21.903,21.895,21.895,21.895,21.895,21.888,21.888,21.880,21.865,21.849,21.826,21.811,21.788,21.765,21.742,21.734,21.719,21.696,21.665,21.642,21.619,21.581,21.558,21.535,21.512,21.489,21.458,21.443,21.420,21.389,21.366,21.351,21.335,21.320,21.297,21.289,21.281,21.274,21.266,21.266,21.274,21.274,21.274,21.266,21.266,21.274,21.281,21.289,21.297,21.304,21.304,21.304,21.304,21.304,21.312,21.312,21.312,21.312,21.312,21.304,21.304,21.312,21.327,21.335,21.351,21.358,21.366,21.366,21.358,21.358,21.351,21.351,21.351,21.351,21.358,21.366,21.366,21.374,21.381,21.389,21.397,21.404,21.404,21.404,21.404,21.404,21.397,21.397,21.389,21.389,21.381,21.389,21.389,21.389,21.389,21.389,21.389,21.389,21.389,21.389,21.389,21.389,21.389,21.389,21.389,21.389,21.397,21.397,21.404,21.412,21.427,21.435,21.450,21.474,21.489,21.497,21.512,21.527,21.550,21.573,21.589,21.596,21.604,21.604
,23.150,23.142,23.120,23.089,23.059,23.029,23.006,22.991,22.976,22.953,22.931,22.915,22.893,22.870,22.847,22.824,22.802,22.779,22.749,22.733,22.718,22.696,22.673,22.658,22.642,22.612,22.582,22.559,22.528,22.490,22.445,22.422,22.391,22.361,22.330,22.308,22.292,22.277,22.262,22.254,22.247,22.239,22.231,22.224,22.224,22.231,22.231,22.247,22.254,22.262,22.254,22.239,22.239,22.247,22.270,22.300,22.330,22.369,22.399,22.414,22.452,22.498,22.544,22.589,22.612,22.627,22.642,22.680,22.726,22.756,22.733,22.756,22.787,22.824,22.855,22.870,22.885,22.908,22.968,23.059,23.150,23.256,23.489,23.790,24.210,24.747,25.400,26.056,26.788,27.558,28.042,28.172,27.977,27.522,26.977,26.729,26.693,26.824,27.065,27.246,27.384,27.493,27.660,27.862,28.078,28.287,28.503,28.625,28.818,29.118,29.531,29.858,29.999,29.943,29.688,29.382,29.154,29.032,29.061,29.168,29.318,29.496,29.758,29.943,30.091,30.212,30.317,30.332,30.310,30.282,30.317,30.367,30.402,30.395,30.332,30.226,30.134,30.077,30.084,30.084,30.084,30.063,30.042,30.035,30.035,30.035,30.035,30.042,30.049,30.049,30.035,30.028,30.021,30.021,30.035,30.042,30.049,30.049,30.042,30.084,30.127,30.183,30.254,30.268,30.275,30.296,30.346,30.381,30.409,30.402,30.332,30.381,30.466,30.543,30.536,30.536,30.416,30.148,29.680,28.990,28.388,28.021,28.143,28.596,29.239,29.943,30.374,30.571,30.726,30.888,31.028,30.958,30.733,30.409,30.127,29.929,29.709,29.425,29.040,28.732,28.467,28.237,28.042,27.941,27.876,27.847,27.869,28.028,28.266,28.546,28.797,28.954,29.054,29.097,29.011,28.861,28.625,28.287,27.797,27.232,26.634,26.004,25.363,24.732,24.173,23.700,23.407,23.188,23.037,22.961,22.976,22.931,22.847,22.756,22.711,22.703,22.711,22.718,22.688,22.665,22.642,22.635,22.658,22.696,22.726,22.741,22.711,22.658,22.620,22.597,22.612,22.642,22.658,22.658,22.635,22.612,22.589,22.574,22.574,22.582,22.582,22.589,22.582,22.574,22.566,22.559,22.544,22.536,22.521,22.513,22.498,22.490,22.483,22.475,22.468,22.460,22.452,22.437,22.422,22.414,22.399,22.376,22.361,22.353,22.346,22.330,22.308,22.292,22.277,22.254,22.239,22.239,22.231,22.209,22.193,22.178,22.163,22.147,22.125,22.117,22.102,22.102,22.102,22.109,22.117,22.125,22.125,22.125,22.132,22.132,22.125,22.117,22.109,22.102,22.102,22.094,22.094,22.094,22.086,22.086,22.086,22.086,22.086,22.079,22.079,22.079,22.079,22.071,22.071,22.063,22.063,22.056,22.048,22.041,22.033,22.018,22.010,22.002,21.995,21.995,21.987,21.979,21.972,21.964,21.956,21.956,21.949,21.949,21.941,21.934,21.934,21.926,21.918,21.903,21.903,21.895,21.888,21.888,21.888,21.880,21.880,21.872,21.865,21.865,21.849,21.834,21.811,21.788,21.765,21.742,21.727,21.711,21.696,21.673,21.642,21.619,21.596,21.566,21.535,21.520,21.497,21.466,21.443,21.427,21.404,21.381,21.351,21.335,21.320,21.297,21.281,21.266,21.258,21.250,21.250,21.243,21.243,21.243,21.243,21.243,21.235,21.243,21.243,21.258,21.266,21.274,21.274,21.274,21.274,21.281,21.281,21.281,21.281,21.281,21.281,21.281,21.281,21.289,21.304,21.320,21.335,21.343,21.343,21.343,21.335,21.320,21.320,21.327,21.335,21.343,21.343,21.343,21.351,21.358,21.358,21.366,21.374,21.374,21.381,21.381,21.381,21.374,21.374,21.374,21.366,21.366,21.366,21.374,21.374,21.374,21.374,21.374,21.374,21.374,21.366,21.366,21.374,21.374,21.374,21.374,21.381,21.389,21.389,21.389,21.397,21.404,21.412,21.427,21.450,21.466,21.474,21.489,21.504,21.520,21.543,21.558,21.573,21.589,21.589,21.596
,23.142,23.135,23.120,23.089,23.052,23.021,22.999,22.984,22.968,22.946,22.923,22.908,22.885,22.855,22.832,22.809,22.787,22.756,22.741,22.726,22.711,22.688,22.665,22.650,22.635,22.604,22.574,22.551,22.521,22.483,22.445,22.407,22.376,22.338,22.315,22.300,22.285,22.262,22.247,22.247,22.239,22.231,22.231,22.224,22.224,22.224,22.231,22.239,22.247,22.254,22.254,22.247,22.247,22.254,22.277,22.300,22.330,22.369,22.399,22.422,22.452,22.498,22.544,22.589,22.620,22.627,22.642,22.680,22.726,22.764,22.726,22.733,22.764,22.809,22.840,22.855,22.870,22.900,22.938,23.029,23.127,23.233,23.384,23.693,24.120,24.635,25.259,25.894,26.591,27.312,27.884,28.086,27.934,27.493,26.955,26.693,26.686,26.883,27.159,27.348,27.500,27.638,27.797,28.006,28.237,28.481,28.682,28.854,29.097,29.439,29.907,30.240,30.367,30.282,29.992,29.624,29.325,29.147,29.147,29.239,29.368,29.517,29.751,29.929,30.063,30.183,30.275,30.303,30.282,30.261,30.289,30.360,30.416,30.437,30.381,30.275,30.162,30.084,30.084,30.098,30.091,30.084,30.063,30.056,30.056,30.049,30.056,30.063,30.063,30.070,30.056,30.049,30.042,30.035,30.049,30.056,30.063,30.063,30.056,30.098,30.162,30.233,30.289,30.296,30.303,30.332,30.374,30.423,30.522,30.599,30.367,30.388,30.466,30.536,30.529,30.522,30.395,30.113,29.624,28.897,28.309,28.021,28.237,28.854,29.645,30.451,30.845,30.979,31.070,31.175,31.329,31.273,31.042,30.677,30.360,30.098,29.844,29.545,29.189,28.854,28.567,28.345,28.165,28.057,27.999,27.963,27.941,28.136,28.395,28.668,28.890,28.997,29.068,29.075,28.975,28.761,28.467,28.078,27.551,26.970,26.334,25.658,25.029,24.479,23.970,23.535,23.233,23.097,23.021,22.976,22.953,22.900,22.832,22.771,22.741,22.726,22.726,22.733,22.703,22.673,22.650,22.642,22.673,22.726,22.756,22.771,22.741,22.688,22.635,22.612,22.620,22.650,22.673,22.680,22.658,22.635,22.612,22.597,22.597,22.604,22.612,22.612,22.604,22.597,22.582,22.574,22.559,22.551,22.536,22.521,22.513,22.506,22.498,22.483,22.475,22.468,22.460,22.445,22.437,22.422,22.407,22.391,22.376,22.376,22.361,22.346,22.323,22.300,22.285,22.262,22.254,22.247,22.239,22.224,22.209,22.193,22.178,22.170,22.147,22.132,22.117,22.109,22.117,22.125,22.132,22.132,22.140,22.140,22.132,22.132,22.132,22.117,22.109,22.102,22.102,22.094,22.094,22.094,22.094,22.086,22.086,22.086,22.086,22.079,22.079,22.079,22.079,22.071,22.071,22.063,22.063,22.056,22.056,22.048,22.041,22.033,22.025,22.010,22.002,22.002,21.995,21.987,21.979,21.979,21.972,21.956,21.956,21.949,21.949,21.934,21.934,21.918,21.911,21.903,21.903,21.895,21.888,21.888,21.880,21.880,21.872,21.865,21.865,21.857,21.849,21.826,21.803,21.788,21.765,21.734,21.711,21.704,21.681,21.658,21.635,21.619,21.596,21.566,21.535,21.512,21.489,21.458,21.435,21.420,21.404,21.381,21.351,21.335,21.312,21.289,21.274,21.258,21.250,21.250,21.243,21.243,21.243,21.243,21.235,21.227,21.227,21.235,21.243,21.250,21.258,21.274,21.274,21.274,21.274,21.274,21.281,21.281,21.281,21.281,21.281,21.281,21.281,21.289,21.304,21.320,21.335,21.343,21.343,21.327,21.320,21.312,21.320,21.335,21.343,21.343,21.351,21.351,21.351,21.358,21.358,21.366,21.366,21.366,21.374,21.366,21.366,21.366,21.366,21.358,21.358,21.358,21.366,21.366,21.366,21.366,21.366,21.366,21.366,21.366,21.366,21.366,21.366,21.374,21.374,21.374,21.381,21.389,21.389,21.389,21.389,21.404,21.412,21.427,21.443,21.466,21.474,21.489,21.504,21.520,21.543,21.566,21.581,21.589,21.589,21.596
,23.135,23.127,23.112,23.082,23.044,23.014,22.991,22.976,22.961,22.938,22.915,22.893,22.870,22.847,22.817,22.794,22.771,22.749,22.726,22.718,22.703,22.680,22.658,22.650,22.627,22.597,22.574,22.544,22.513,22.475,22.437,22.407,22.369,22.330,22.308,22.292,22.277,22.262,22.247,22.239,22.239,22.231,22.224,22.224,22.224,22.224,22.224,22.231,22.239,22.247,22.247,22.247,22.247,22.262,22.285,22.300,22.330,22.369,22.399,22.422,22.460,22.506,22.551,22.597,22.620,22.627,22.642,22.688,22.733,22.764,22.726,22.726,22.756,22.809,22.840,22.847,22.870,22.900,22.931,23.014,23.105,23.210,23.331,23.602,23.985,24.479,25.074,25.695,26.371,27.079,27.725,27.992,27.898,27.493,26.948,26.693,26.700,26.926,27.232,27.421,27.587,27.739,27.905,28.122,28.366,28.610,28.854,29.075,29.368,29.744,30.247,30.592,30.719,30.620,30.296,29.879,29.524,29.289,29.254,29.332,29.439,29.560,29.758,29.922,30.049,30.148,30.240,30.275,30.261,30.233,30.268,30.332,30.409,30.473,30.388,30.289,30.176,30.091,30.084,30.098,30.098,30.091,30.077,30.070,30.070,30.063,30.070,30.070,30.077,30.084,30.070,30.063,30.056,30.056,30.063,30.063,30.070,30.070,30.077,30.120,30.183,30.247,30.282,30.296,30.310,30.317,30.339,30.388,30.423,30.423,30.310,30.374,30.466,30.536,30.522,30.508,30.381,30.084,29.574,28.818,28.237,27.992,28.316,29.068,29.957,30.824,31.245,31.350,31.392,31.455,31.594,31.524,31.280,30.916,30.571,30.282,29.999,29.709,29.360,29.018,28.725,28.488,28.316,28.208,28.143,28.114,28.100,28.301,28.574,28.839,28.997,29.061,29.068,29.032,28.904,28.625,28.258,27.804,27.268,26.664,26.019,25.348,24.717,24.180,23.745,23.407,23.158,23.037,22.991,22.984,22.938,22.878,22.817,22.771,22.749,22.741,22.741,22.741,22.718,22.688,22.665,22.665,22.703,22.764,22.809,22.832,22.787,22.718,22.665,22.627,22.635,22.673,22.696,22.711,22.696,22.665,22.642,22.627,22.627,22.635,22.642,22.635,22.627,22.612,22.597,22.589,22.574,22.566,22.551,22.536,22.521,22.513,22.506,22.490,22.475,22.475,22.460,22.452,22.437,22.429,22.422,22.407,22.391,22.384,22.376,22.353,22.330,22.308,22.292,22.270,22.254,22.247,22.239,22.231,22.216,22.209,22.201,22.193,22.170,22.155,22.140,22.132,22.132,22.140,22.147,22.155,22.155,22.155,22.147,22.147,22.132,22.125,22.117,22.109,22.102,22.102,22.102,22.102,22.094,22.094,22.094,22.086,22.086,22.079,22.079,22.079,22.079,22.071,22.071,22.063,22.063,22.071,22.063,22.063,22.056,22.048,22.041,22.033,22.025,22.018,22.010,22.002,22.002,21.995,21.987,21.979,21.972,21.964,21.949,21.941,21.934,21.926,21.918,21.911,21.903,21.895,21.888,21.880,21.872,21.865,21.865,21.857,21.857,21.849,21.842,21.826,21.811,21.788,21.765,21.734,21.711,21.696,21.681,21.658,21.635,21.619,21.596,21.573,21.543,21.520,21.489,21.466,21.443,21.427,21.412,21.389,21.358,21.335,21.320,21.297,21.281,21.266,21.258,21.250,21.243,21.243,21.243,21.243,21.235,21.235,21.235,21.243,21.250,21.258,21.266,21.274,21.274,21.274,21.274,21.274,21.274,21.281,21.281,21.281,21.289,21.289,21.297,21.304,21.320,21.335,21.343,21.343,21.343,21.327,21.320,21.320,21.335,21.343,21.358,21.366,21.374,21.374,21.366,21.366,21.366,21.366,21.366,21.366,21.366,21.366,21.358,21.358,21.358,21.358,21.358,21.358,21.358,21.358,21.366,21.366,21.366,21.358,21.358,21.358,21.358,21.366,21.366,21.374,21.374,21.374,21.374,21.381,21.381,21.389,21.389,21.404,21.412,21.427,21.443,21.458,21.481,21.489,21.504,21.527,21.550,21.573,21.589,21.596,21.596,21.596
,23.120,23.112,23.097,23.067,23.029,22.999,22.976,22.961,22.946,22.923,22.900,22.885,22.862,22.832,22.802,22.779,22.756,22.733,22.711,22.703,22.688,22.665,22.650,22.635,22.620,22.589,22.559,22.536,22.506,22.468,22.429,22.399,22.361,22.330,22.300,22.285,22.270,22.254,22.239,22.231,22.231,22.231,22.224,22.216,22.216,22.216,22.216,22.224,22.231,22.239,22.239,22.247,22.254,22.270,22.285,22.300,22.330,22.361,22.399,22.429,22.468,22.513,22.551,22.597,22.620,22.635,22.642,22.688,22.741,22.779,22.733,22.726,22.749,22.802,22.840,22.855,22.878,22.908,22.938,22.999,23.082,23.173,23.301,23.527,23.873,24.322,24.888,25.488,26.158,26.875,27.558,27.898,27.869,27.507,26.963,26.715,26.729,26.970,27.297,27.493,27.667,27.833,28.013,28.244,28.495,28.761,29.054,29.332,29.673,30.091,30.592,30.944,31.070,30.965,30.599,30.134,29.716,29.417,29.353,29.417,29.510,29.609,29.780,29.922,30.035,30.127,30.212,30.247,30.240,30.219,30.240,30.296,30.360,30.409,30.332,30.254,30.176,30.113,30.106,30.113,30.113,30.106,30.091,30.084,30.084,30.084,30.084,30.084,30.091,30.091,30.084,30.084,30.077,30.077,30.077,30.077,30.077,30.084,30.098,30.141,30.190,30.240,30.254,30.268,30.268,30.268,30.275,30.303,30.296,30.261,30.254,30.346,30.451,30.536,30.515,30.508,30.374,30.063,29.524,28.754,28.186,27.999,28.460,29.325,30.303,31.217,31.650,31.727,31.734,31.768,31.852,31.761,31.524,31.168,30.803,30.494,30.197,29.893,29.545,29.204,28.904,28.653,28.474,28.359,28.280,28.251,28.258,28.481,28.746,28.982,29.082,29.097,29.061,28.968,28.789,28.452,28.028,27.529,26.985,26.349,25.695,25.052,24.449,23.948,23.550,23.271,23.112,23.014,22.976,22.968,22.923,22.862,22.809,22.771,22.756,22.749,22.749,22.756,22.741,22.711,22.688,22.688,22.733,22.802,22.855,22.878,22.824,22.749,22.680,22.635,22.650,22.688,22.718,22.733,22.718,22.696,22.665,22.650,22.658,22.665,22.665,22.665,22.650,22.635,22.620,22.597,22.589,22.574,22.566,22.551,22.536,22.528,22.521,22.506,22.490,22.483,22.475,22.460,22.452,22.445,22.429,22.414,22.407,22.399,22.391,22.369,22.346,22.323,22.300,22.277,22.262,22.254,22.247,22.239,22.231,22.224,22.224,22.209,22.193,22.170,22.155,22.147,22.147,22.163,22.170,22.170,22.170,22.170,22.163,22.155,22.140,22.125,22.117,22.109,22.109,22.109,22.109,22.102,22.102,22.094,22.094,22.086,22.079,22.079,22.071,22.071,22.071,22.071,22.071,22.063,22.063,22.071,22.071,22.063,22.063,22.056,22.048,22.041,22.033,22.025,22.018,22.010,22.002,22.002,21.995,21.987,21.972,21.964,21.949,21.941,21.926,21.918,21.911,21.903,21.895,21.888,21.880,21.872,21.865,21.857,21.849,21.842,21.842,21.842,21.834,21.819,21.803,21.780,21.757,21.727,21.704,21.688,21.673,21.650,21.627,21.612,21.596,21.566,21.535,21.512,21.489,21.458,21.435,21.427,21.404,21.381,21.351,21.335,21.312,21.289,21.274,21.266,21.258,21.250,21.243,21.243,21.235,21.235,21.235,21.235,21.235,21.243,21.243,21.250,21.258,21.258,21.266,21.266,21.266,21.266,21.266,21.266,21.266,21.274,21.281,21.289,21.304,21.312,21.320,21.327,21.327,21.327,21.327,21.320,21.320,21.320,21.335,21.351,21.366,21.374,21.381,21.374,21.366,21.366,21.358,21.358,21.358,21.351,21.351,21.351,21.351,21.343,21.343,21.343,21.343,21.343,21.343,21.351,21.351,21.351,21.351,21.351,21.351,21.351,21.358,21.358,21.358,21.366,21.366,21.366,21.374,21.374,21.381,21.381,21.389,21.397,21.412,21.420,21.435,21.458,21.481,21.489,21.504,21.527,21.558,21.573,21.589,21.596,21.596,21.596
,23.112,23.105,23.082,23.044,23.014,22.984,22.961,22.946,22.931,22.915,22.885,22.862,22.840,22.817,22.787,22.764,22.741,22.718,22.703,22.688,22.673,22.658,22.642,22.620,22.604,22.582,22.551,22.528,22.498,22.460,22.422,22.391,22.353,22.323,22.292,22.277,22.262,22.247,22.231,22.224,22.224,22.224,22.216,22.216,22.209,22.209,22.209,22.216,22.224,22.231,22.231,22.247,22.262,22.277,22.285,22.300,22.323,22.353,22.391,22.429,22.468,22.513,22.551,22.589,22.620,22.635,22.635,22.688,22.749,22.794,22.749,22.726,22.749,22.794,22.840,22.870,22.893,22.908,22.946,22.999,23.052,23.127,23.263,23.474,23.768,24.165,24.695,25.281,25.945,26.678,27.391,27.804,27.847,27.536,26.999,26.759,26.780,27.021,27.362,27.580,27.754,27.920,28.136,28.381,28.646,28.947,29.296,29.645,30.035,30.487,30.965,31.301,31.427,31.308,30.888,30.360,29.879,29.524,29.432,29.489,29.567,29.652,29.801,29.929,30.035,30.113,30.183,30.219,30.226,30.212,30.212,30.254,30.282,30.275,30.233,30.197,30.162,30.141,30.141,30.141,30.134,30.127,30.113,30.106,30.106,30.106,30.106,30.106,30.106,30.113,30.106,30.106,30.106,30.106,30.106,30.098,30.098,30.113,30.134,30.162,30.190,30.219,30.219,30.212,30.204,30.197,30.204,30.204,30.197,30.197,30.212,30.317,30.437,30.529,30.515,30.515,30.374,30.049,29.496,28.711,28.165,28.057,28.682,29.673,30.719,31.650,32.074,32.123,32.109,32.116,32.130,32.026,31.796,31.455,31.070,30.747,30.430,30.106,29.744,29.410,29.104,28.832,28.646,28.510,28.424,28.381,28.416,28.646,28.897,29.097,29.147,29.104,29.025,28.904,28.646,28.258,27.790,27.261,26.693,26.034,25.378,24.755,24.225,23.775,23.407,23.135,23.067,23.021,22.976,22.931,22.893,22.847,22.809,22.779,22.764,22.764,22.756,22.756,22.764,22.726,22.703,22.703,22.756,22.824,22.885,22.900,22.847,22.764,22.688,22.642,22.658,22.696,22.733,22.749,22.733,22.703,22.680,22.673,22.673,22.680,22.688,22.680,22.673,22.650,22.635,22.612,22.597,22.589,22.582,22.574,22.551,22.544,22.528,22.521,22.506,22.498,22.483,22.475,22.460,22.452,22.445,22.429,22.422,22.414,22.407,22.384,22.353,22.330,22.308,22.277,22.270,22.262,22.254,22.254,22.247,22.239,22.231,22.224,22.201,22.186,22.163,22.155,22.155,22.170,22.178,22.178,22.178,22.178,22.170,22.155,22.147,22.132,22.117,22.102,22.102,22.102,22.102,22.102,22.094,22.094,22.086,22.079,22.071,22.071,22.063,22.063,22.056,22.056,22.056,22.056,22.056,22.063,22.063,22.063,22.056,22.048,22.048,22.041,22.025,22.018,22.018,22.010,21.995,21.995,21.987,21.979,21.964,21.956,21.941,21.926,21.911,21.903,21.895,21.888,21.872,21.865,21.857,21.849,21.842,21.834,21.834,21.826,21.819,21.819,21.811,21.803,21.780,21.765,21.742,21.719,21.696,21.673,21.658,21.635,21.612,21.596,21.573,21.550,21.527,21.497,21.474,21.450,21.427,21.412,21.397,21.366,21.343,21.320,21.304,21.281,21.258,21.250,21.250,21.243,21.227,21.220,21.220,21.220,21.220,21.220,21.220,21.220,21.227,21.227,21.235,21.243,21.243,21.243,21.243,21.250,21.250,21.243,21.243,21.250,21.258,21.281,21.289,21.304,21.304,21.297,21.297,21.289,21.289,21.297,21.297,21.304,21.327,21.335,21.351,21.366,21.366,21.358,21.351,21.351,21.343,21.343,21.335,21.335,21.327,21.327,21.320,21.320,21.320,21.320,21.320,21.327,21.327,21.327,21.327,21.335,21.335,21.335,21.335,21.335,21.343,21.343,21.351,21.351,21.358,21.358,21.366,21.366,21.366,21.374,21.381,21.397,21.404,21.420,21.435,21.458,21.474,21.489,21.504,21.527,21.550,21.566,21.581,21.589,21.589,21.589
,23.097,23.082,23.059,23.029,22.999,22.961,22.938,22.931,22.915,22.893,22.870,22.847,22.824,22.794,22.771,22.749,22.726,22.703,22.688,22.680,22.673,22.650,22.627,22.612,22.589,22.559,22.536,22.513,22.483,22.445,22.414,22.384,22.346,22.315,22.285,22.270,22.254,22.231,22.224,22.224,22.216,22.216,22.216,22.209,22.209,22.209,22.209,22.209,22.216,22.224,22.231,22.239,22.254,22.277,22.285,22.300,22.315,22.346,22.384,22.422,22.468,22.506,22.544,22.582,22.612,22.627,22.635,22.680,22.741,22.794,22.749,22.726,22.733,22.771,22.824,22.855,22.885,22.908,22.938,22.984,23.037,23.097,23.180,23.407,23.693,24.038,24.486,25.052,25.695,26.400,27.181,27.681,27.811,27.573,27.065,26.824,26.853,27.108,27.457,27.688,27.884,28.078,28.301,28.574,28.868,29.197,29.624,30.035,30.473,30.923,31.357,31.664,31.761,31.608,31.140,30.550,30.006,29.588,29.481,29.545,29.631,29.716,29.836,29.950,30.035,30.106,30.169,30.204,30.219,30.204,30.204,30.233,30.254,30.254,30.226,30.197,30.183,30.176,30.176,30.169,30.162,30.148,30.134,30.134,30.134,30.127,30.127,30.120,30.127,30.127,30.127,30.134,30.134,30.141,30.134,30.127,30.120,30.134,30.155,30.183,30.212,30.226,30.226,30.212,30.204,30.197,30.204,30.190,30.183,30.183,30.212,30.310,30.423,30.515,30.515,30.515,30.381,30.049,29.460,28.689,28.230,28.266,29.018,30.134,31.224,32.137,32.539,32.546,32.490,32.463,32.463,32.345,32.095,31.748,31.364,31.028,30.705,30.360,29.971,29.609,29.304,29.054,28.875,28.732,28.632,28.574,28.596,28.811,29.040,29.211,29.211,29.118,28.990,28.825,28.531,28.100,27.587,26.999,26.393,25.739,25.089,24.464,23.948,23.595,23.316,23.112,23.006,22.999,22.984,22.923,22.870,22.832,22.809,22.794,22.771,22.764,22.756,22.756,22.771,22.733,22.711,22.711,22.756,22.832,22.878,22.893,22.840,22.756,22.680,22.635,22.642,22.680,22.711,22.733,22.718,22.696,22.680,22.673,22.673,22.680,22.688,22.680,22.673,22.658,22.635,22.620,22.612,22.604,22.597,22.589,22.574,22.559,22.544,22.536,22.521,22.513,22.498,22.490,22.475,22.468,22.452,22.437,22.429,22.422,22.414,22.399,22.369,22.338,22.315,22.285,22.277,22.270,22.270,22.254,22.254,22.247,22.239,22.224,22.201,22.178,22.163,22.147,22.155,22.163,22.170,22.178,22.178,22.170,22.163,22.147,22.140,22.125,22.109,22.102,22.094,22.094,22.094,22.094,22.086,22.079,22.071,22.071,22.071,22.063,22.056,22.056,22.048,22.048,22.048,22.048,22.048,22.048,22.048,22.041,22.033,22.025,22.025,22.018,22.010,22.002,21.995,21.987,21.972,21.964,21.956,21.949,21.934,21.926,21.911,21.895,21.880,21.872,21.865,21.849,21.842,21.842,21.826,21.819,21.811,21.811,21.811,21.803,21.796,21.788,21.780,21.773,21.757,21.742,21.719,21.696,21.673,21.650,21.635,21.612,21.589,21.573,21.550,21.527,21.497,21.474,21.450,21.427,21.404,21.389,21.374,21.343,21.320,21.297,21.281,21.258,21.235,21.227,21.227,21.220,21.204,21.197,21.189,21.189,21.181,21.181,21.181,21.181,21.189,21.189,21.197,21.197,21.197,21.197,21.204,21.204,21.204,21.197,21.197,21.204,21.220,21.235,21.250,21.258,21.258,21.235,21.220,21.212,21.227,21.250,21.266,21.281,21.297,21.304,21.312,21.320,21.320,21.312,21.312,21.312,21.304,21.304,21.304,21.297,21.289,21.289,21.289,21.281,21.281,21.281,21.289,21.289,21.289,21.297,21.297,21.297,21.304,21.304,21.304,21.312,21.320,21.327,21.327,21.335,21.343,21.343,21.351,21.358,21.366,21.366,21.381,21.397,21.404,21.420,21.435,21.450,21.466,21.481,21.497,21.520,21.543,21.566,21.573,21.589,21.589,21.589
,23.089,23.074,23.052,23.021,22.984,22.946,22.931,22.915,22.900,22.885,22.855,22.832,22.817,22.787,22.764,22.741,22.718,22.703,22.680,22.673,22.665,22.642,22.620,22.604,22.582,22.551,22.521,22.498,22.475,22.437,22.399,22.376,22.346,22.315,22.285,22.262,22.247,22.231,22.216,22.209,22.209,22.209,22.209,22.209,22.209,22.209,22.209,22.209,22.209,22.216,22.224,22.239,22.254,22.270,22.285,22.292,22.308,22.338,22.369,22.414,22.452,22.490,22.528,22.574,22.597,22.612,22.620,22.665,22.733,22.794,22.771,22.733,22.718,22.733,22.794,22.832,22.855,22.885,22.915,22.946,22.991,23.059,23.158,23.324,23.572,23.895,24.277,24.792,25.415,26.122,26.941,27.515,27.746,27.609,27.137,26.897,26.934,27.203,27.558,27.782,27.992,28.215,28.452,28.732,29.047,29.403,29.872,30.395,30.902,31.343,31.664,31.949,32.040,31.866,31.301,30.627,30.021,29.581,29.496,29.567,29.666,29.766,29.886,29.978,30.056,30.106,30.162,30.204,30.226,30.219,30.219,30.240,30.268,30.268,30.240,30.226,30.219,30.212,30.204,30.197,30.183,30.169,30.155,30.155,30.148,30.141,30.141,30.134,30.134,30.141,30.141,30.148,30.155,30.162,30.155,30.141,30.141,30.141,30.162,30.197,30.219,30.240,30.240,30.233,30.226,30.226,30.226,30.219,30.219,30.212,30.233,30.310,30.409,30.494,30.515,30.529,30.388,30.042,29.446,28.696,28.301,28.438,29.325,30.508,31.601,32.442,32.822,32.801,32.732,32.704,32.691,32.573,32.324,31.956,31.545,31.182,30.838,30.501,30.106,29.744,29.460,29.247,29.118,29.004,28.904,28.839,28.854,29.011,29.197,29.332,29.268,29.111,28.925,28.696,28.352,27.884,27.341,26.737,26.078,25.422,24.799,24.232,23.753,23.414,23.195,23.067,23.006,22.968,22.938,22.893,22.840,22.802,22.787,22.779,22.749,22.718,22.696,22.688,22.726,22.718,22.711,22.711,22.749,22.809,22.855,22.862,22.809,22.733,22.665,22.620,22.627,22.658,22.688,22.703,22.696,22.680,22.665,22.658,22.665,22.665,22.673,22.665,22.658,22.650,22.635,22.620,22.612,22.612,22.612,22.597,22.589,22.574,22.559,22.551,22.536,22.528,22.521,22.506,22.490,22.475,22.460,22.437,22.429,22.429,22.422,22.399,22.369,22.338,22.315,22.285,22.277,22.277,22.270,22.262,22.254,22.239,22.231,22.216,22.193,22.170,22.147,22.132,22.140,22.147,22.163,22.163,22.163,22.163,22.155,22.140,22.132,22.117,22.102,22.086,22.079,22.079,22.079,22.079,22.071,22.063,22.063,22.056,22.056,22.056,22.048,22.041,22.033,22.033,22.033,22.033,22.025,22.025,22.025,22.018,22.010,22.002,21.995,21.987,21.979,21.972,21.964,21.956,21.949,21.941,21.926,21.918,21.903,21.895,21.880,21.865,21.849,21.842,21.826,21.819,21.811,21.803,21.796,21.788,21.788,21.788,21.788,21.780,21.773,21.765,21.757,21.742,21.727,21.711,21.696,21.673,21.650,21.635,21.612,21.589,21.566,21.543,21.527,21.497,21.466,21.450,21.427,21.397,21.374,21.358,21.343,21.320,21.289,21.274,21.250,21.235,21.212,21.204,21.204,21.197,21.181,21.166,21.158,21.158,21.150,21.143,21.143,21.143,21.150,21.150,21.158,21.158,21.158,21.158,21.166,21.166,21.158,21.158,21.158,21.158,21.173,21.197,21.212,21.220,21.197,21.166,21.150,21.143,21.166,21.204,21.243,21.266,21.274,21.266,21.258,21.258,21.266,21.266,21.274,21.274,21.274,21.274,21.266,21.266,21.258,21.258,21.250,21.250,21.250,21.250,21.258,21.258,21.258,21.266,21.274,21.274,21.281,21.281,21.289,21.297,21.304,21.304,21.312,21.320,21.327,21.327,21.335,21.343,21.358,21.366,21.374,21.389,21.404,21.412,21.427,21.443,21.466,21.474,21.489,21.512,21.535,21.558,21.573,21.581,21.581,21.581
,23.082,23.067,23.044,23.006,22.968,22.931,22.915,22.900,22.885,22.870,22.840,22.824,22.802,22.779,22.756,22.733,22.711,22.688,22.673,22.665,22.650,22.635,22.612,22.597,22.566,22.536,22.506,22.490,22.460,22.429,22.391,22.369,22.338,22.308,22.277,22.254,22.239,22.224,22.209,22.201,22.201,22.201,22.201,22.201,22.201,22.201,22.201,22.201,22.209,22.209,22.224,22.231,22.247,22.262,22.277,22.285,22.308,22.330,22.361,22.399,22.437,22.483,22.521,22.559,22.589,22.604,22.597,22.642,22.711,22.779,22.779,22.749,22.718,22.718,22.764,22.809,22.840,22.855,22.900,22.931,22.961,23.021,23.135,23.271,23.482,23.768,24.105,24.583,25.170,25.879,26.707,27.341,27.667,27.631,27.203,26.977,27.006,27.275,27.623,27.855,28.064,28.287,28.560,28.839,29.154,29.524,30.028,30.642,31.189,31.601,31.831,32.088,32.179,31.998,31.357,30.635,29.999,29.560,29.496,29.581,29.688,29.794,29.929,30.014,30.077,30.120,30.169,30.212,30.240,30.247,30.233,30.261,30.282,30.296,30.275,30.261,30.254,30.240,30.233,30.219,30.204,30.190,30.176,30.169,30.162,30.155,30.148,30.148,30.148,30.148,30.155,30.169,30.183,30.183,30.176,30.162,30.155,30.162,30.183,30.212,30.233,30.254,30.261,30.254,30.254,30.247,30.254,30.247,30.240,30.240,30.240,30.303,30.388,30.480,30.522,30.543,30.395,30.042,29.439,28.711,28.345,28.524,29.481,30.705,31.782,32.580,32.946,32.925,32.877,32.863,32.836,32.725,32.476,32.102,31.664,31.280,30.930,30.599,30.204,29.836,29.567,29.389,29.318,29.211,29.111,29.047,29.054,29.182,29.325,29.417,29.289,29.075,28.832,28.553,28.158,27.638,27.065,26.452,25.769,25.118,24.516,23.993,23.587,23.286,23.097,23.014,23.006,22.953,22.900,22.855,22.809,22.787,22.771,22.749,22.718,22.673,22.635,22.635,22.688,22.703,22.703,22.703,22.733,22.794,22.824,22.832,22.787,22.718,22.658,22.612,22.620,22.650,22.673,22.688,22.673,22.665,22.658,22.650,22.650,22.658,22.658,22.658,22.650,22.642,22.635,22.627,22.620,22.620,22.620,22.612,22.604,22.589,22.574,22.559,22.551,22.544,22.536,22.521,22.506,22.483,22.460,22.445,22.437,22.429,22.422,22.407,22.376,22.346,22.315,22.292,22.277,22.285,22.277,22.270,22.254,22.239,22.224,22.209,22.186,22.163,22.140,22.125,22.125,22.140,22.147,22.155,22.155,22.147,22.140,22.132,22.117,22.109,22.094,22.079,22.071,22.063,22.063,22.056,22.056,22.048,22.048,22.048,22.041,22.041,22.033,22.033,22.025,22.025,22.018,22.010,22.002,22.002,21.995,21.987,21.979,21.972,21.964,21.956,21.949,21.941,21.934,21.926,21.918,21.911,21.895,21.880,21.872,21.857,21.842,21.826,21.819,21.803,21.796,21.780,21.773,21.773,21.765,21.765,21.765,21.765,21.765,21.757,21.750,21.734,21.727,21.711,21.696,21.681,21.673,21.650,21.627,21.612,21.589,21.558,21.535,21.520,21.497,21.466,21.435,21.420,21.397,21.366,21.343,21.327,21.312,21.289,21.266,21.243,21.227,21.212,21.189,21.181,21.173,21.166,21.150,21.135,21.127,21.119,21.112,21.104,21.104,21.104,21.112,21.112,21.112,21.119,21.119,21.119,21.119,21.119,21.119,21.112,21.104,21.112,21.127,21.150,21.166,21.173,21.143,21.104,21.081,21.073,21.104,21.158,21.212,21.243,21.243,21.227,21.212,21.204,21.212,21.220,21.227,21.235,21.235,21.235,21.235,21.235,21.227,21.227,21.220,21.220,21.220,21.220,21.227,21.235,21.235,21.235,21.243,21.250,21.258,21.258,21.274,21.281,21.289,21.289,21.297,21.304,21.312,21.312,21.327,21.335,21.351,21.358,21.366,21.381,21.397,21.404,21.420,21.443,21.458,21.466,21.481,21.497,21.527,21.550,21.566,21.573,21.573,21.573
,23.074,23.059,23.037,22.999,22.961,22.923,22.900,22.893,22.878,22.855,22.832,22.809,22.794,22.771,22.749,22.726,22.703,22.680,22.665,22.658,22.642,22.627,22.604,22.582,22.551,22.528,22.498,22.475,22.452,22.422,22.384,22.361,22.338,22.308,22.270,22.247,22.231,22.209,22.201,22.193,22.193,22.193,22.186,22.186,22.193,22.193,22.193,22.193,22.201,22.209,22.216,22.224,22.239,22.254,22.270,22.285,22.300,22.330,22.361,22.391,22.422,22.468,22.506,22.544,22.582,22.597,22.589,22.627,22.680,22.741,22.794,22.764,22.733,22.718,22.756,22.802,22.832,22.847,22.900,22.923,22.946,22.984,23.112,23.248,23.429,23.670,23.978,24.419,24.977,25.666,26.496,27.174,27.565,27.623,27.254,27.057,27.086,27.333,27.667,27.891,28.100,28.330,28.632,28.911,29.218,29.588,30.127,30.796,31.343,31.706,31.859,32.109,32.192,32.012,31.329,30.585,29.964,29.545,29.496,29.581,29.702,29.815,29.971,30.049,30.098,30.141,30.183,30.233,30.268,30.275,30.254,30.275,30.296,30.324,30.317,30.303,30.289,30.275,30.254,30.247,30.233,30.212,30.197,30.190,30.176,30.169,30.162,30.155,30.155,30.162,30.176,30.190,30.204,30.212,30.197,30.183,30.176,30.183,30.204,30.226,30.247,30.268,30.268,30.275,30.268,30.268,30.268,30.261,30.254,30.247,30.247,30.289,30.367,30.473,30.529,30.550,30.402,30.042,29.439,28.725,28.366,28.531,29.503,30.726,31.789,32.559,32.939,32.953,32.946,32.967,32.932,32.836,32.601,32.213,31.761,31.378,31.035,30.705,30.296,29.922,29.652,29.503,29.460,29.353,29.247,29.182,29.182,29.296,29.410,29.453,29.268,29.011,28.718,28.381,27.941,27.377,26.766,26.136,25.466,24.829,24.247,23.745,23.422,23.210,23.052,22.953,22.984,22.946,22.885,22.817,22.794,22.787,22.764,22.726,22.688,22.642,22.612,22.612,22.673,22.696,22.703,22.703,22.733,22.779,22.809,22.817,22.779,22.711,22.658,22.620,22.627,22.650,22.673,22.680,22.673,22.665,22.658,22.650,22.658,22.658,22.658,22.658,22.650,22.642,22.642,22.635,22.635,22.635,22.627,22.627,22.612,22.604,22.589,22.574,22.566,22.559,22.551,22.536,22.513,22.490,22.468,22.452,22.445,22.437,22.429,22.414,22.376,22.353,22.323,22.300,22.285,22.285,22.285,22.270,22.254,22.239,22.224,22.201,22.178,22.155,22.140,22.132,22.125,22.132,22.140,22.147,22.147,22.147,22.140,22.125,22.117,22.102,22.086,22.071,22.063,22.056,22.048,22.041,22.041,22.033,22.033,22.033,22.025,22.025,22.025,22.018,22.010,22.010,22.002,21.987,21.979,21.979,21.972,21.964,21.956,21.949,21.941,21.926,21.918,21.918,21.918,21.903,21.895,21.880,21.865,21.849,21.834,21.826,21.811,21.796,21.780,21.773,21.757,21.750,21.742,21.734,21.734,21.734,21.734,21.742,21.742,21.734,21.719,21.711,21.696,21.681,21.665,21.658,21.642,21.627,21.604,21.581,21.558,21.535,21.512,21.489,21.466,21.443,21.412,21.389,21.366,21.343,21.320,21.304,21.289,21.266,21.243,21.220,21.204,21.189,21.173,21.166,21.150,21.143,21.119,21.112,21.096,21.089,21.073,21.073,21.073,21.065,21.073,21.073,21.073,21.081,21.081,21.081,21.081,21.081,21.073,21.065,21.058,21.065,21.081,21.112,21.127,21.127,21.104,21.050,21.019,21.019,21.058,21.127,21.181,21.220,21.212,21.189,21.173,21.158,21.173,21.181,21.197,21.204,21.204,21.204,21.204,21.204,21.197,21.197,21.197,21.189,21.189,21.197,21.204,21.204,21.204,21.212,21.220,21.220,21.227,21.235,21.250,21.258,21.266,21.274,21.281,21.289,21.297,21.304,21.312,21.327,21.335,21.351,21.358,21.381,21.389,21.404,21.412,21.435,21.450,21.458,21.466,21.489,21.520,21.535,21.550,21.558,21.558,21.558
,23.074,23.059,23.029,22.991,22.946,22.900,22.878,22.870,22.862,22.840,22.817,22.802,22.779,22.756,22.733,22.718,22.696,22.673,22.658,22.650,22.635,22.612,22.582,22.566,22.544,22.506,22.483,22.468,22.445,22.414,22.376,22.361,22.330,22.300,22.262,22.239,22.216,22.201,22.186,22.186,22.186,22.186,22.178,22.178,22.178,22.186,22.186,22.186,22.193,22.201,22.209,22.216,22.231,22.247,22.254,22.277,22.308,22.346,22.361,22.384,22.414,22.460,22.490,22.536,22.574,22.589,22.589,22.612,22.665,22.733,22.802,22.787,22.756,22.726,22.749,22.802,22.847,22.870,22.900,22.923,22.953,22.991,23.074,23.203,23.392,23.625,23.880,24.277,24.807,25.474,26.298,26.999,27.457,27.609,27.341,27.159,27.181,27.406,27.696,27.927,28.165,28.424,28.739,29.018,29.318,29.695,30.317,31.000,31.490,31.755,31.887,32.137,32.227,32.026,31.294,30.543,29.936,29.560,29.524,29.609,29.723,29.844,29.999,30.077,30.120,30.155,30.197,30.254,30.289,30.296,30.275,30.282,30.303,30.332,30.346,30.339,30.317,30.296,30.275,30.268,30.254,30.233,30.212,30.197,30.190,30.176,30.169,30.162,30.169,30.176,30.183,30.197,30.212,30.226,30.226,30.212,30.204,30.204,30.226,30.240,30.254,30.268,30.268,30.275,30.268,30.268,30.261,30.254,30.247,30.247,30.247,30.275,30.353,30.458,30.536,30.550,30.402,30.042,29.425,28.739,28.388,28.553,29.503,30.712,31.741,32.483,32.898,32.973,33.022,33.097,33.104,33.035,32.801,32.407,31.970,31.594,31.266,30.944,30.529,30.127,29.829,29.666,29.631,29.517,29.396,29.304,29.296,29.389,29.453,29.432,29.182,28.897,28.553,28.129,27.660,27.101,26.474,25.806,25.148,24.568,24.038,23.572,23.248,23.097,23.006,22.953,22.908,22.878,22.840,22.794,22.771,22.764,22.749,22.711,22.658,22.620,22.612,22.627,22.696,22.711,22.711,22.718,22.749,22.787,22.817,22.824,22.787,22.726,22.673,22.642,22.658,22.680,22.703,22.711,22.703,22.688,22.680,22.673,22.673,22.673,22.673,22.673,22.665,22.665,22.658,22.650,22.650,22.650,22.642,22.635,22.627,22.612,22.597,22.589,22.574,22.574,22.559,22.544,22.521,22.498,22.483,22.460,22.452,22.445,22.437,22.422,22.391,22.361,22.330,22.308,22.300,22.292,22.292,22.277,22.254,22.239,22.224,22.201,22.178,22.163,22.147,22.132,22.132,22.140,22.140,22.147,22.147,22.147,22.140,22.125,22.117,22.102,22.086,22.071,22.063,22.056,22.048,22.041,22.033,22.033,22.025,22.025,22.025,22.018,22.018,22.010,22.002,21.995,21.987,21.979,21.972,21.964,21.956,21.956,21.941,21.934,21.926,21.918,21.911,21.911,21.903,21.895,21.880,21.872,21.857,21.834,21.819,21.811,21.796,21.780,21.757,21.750,21.742,21.734,21.719,21.711,21.711,21.711,21.711,21.719,21.727,21.719,21.704,21.696,21.673,21.658,21.642,21.635,21.619,21.604,21.581,21.558,21.535,21.512,21.489,21.466,21.443,21.420,21.397,21.381,21.358,21.327,21.304,21.289,21.266,21.243,21.220,21.204,21.189,21.173,21.150,21.143,21.135,21.119,21.096,21.081,21.065,21.058,21.042,21.042,21.042,21.042,21.042,21.050,21.050,21.050,21.050,21.050,21.050,21.050,21.042,21.035,21.027,21.035,21.058,21.081,21.104,21.104,21.081,21.027,20.996,20.988,21.035,21.104,21.158,21.189,21.189,21.166,21.143,21.127,21.150,21.166,21.181,21.197,21.197,21.189,21.189,21.181,21.181,21.181,21.181,21.181,21.181,21.181,21.181,21.189,21.189,21.197,21.197,21.204,21.212,21.220,21.235,21.243,21.258,21.258,21.274,21.281,21.289,21.297,21.304,21.320,21.327,21.343,21.351,21.366,21.381,21.389,21.404,21.420,21.435,21.443,21.458,21.474,21.497,21.520,21.535,21.543,21.543,21.543
,23.074,23.059,23.029,22.984,22.938,22.893,22.870,22.862,22.855,22.832,22.809,22.787,22.771,22.749,22.726,22.711,22.696,22.673,22.658,22.642,22.627,22.604,22.574,22.559,22.528,22.498,22.475,22.460,22.445,22.414,22.384,22.361,22.330,22.300,22.262,22.231,22.209,22.186,22.178,22.170,22.170,22.170,22.170,22.163,22.170,22.170,22.178,22.186,22.186,22.201,22.209,22.216,22.224,22.239,22.254,22.270,22.292,22.330,22.361,22.384,22.407,22.445,22.483,22.528,22.566,22.589,22.589,22.612,22.658,22.718,22.794,22.794,22.764,22.726,22.733,22.787,22.832,22.870,22.900,22.915,22.946,22.984,23.059,23.165,23.339,23.565,23.813,24.173,24.673,25.311,26.100,26.817,27.333,27.587,27.428,27.297,27.312,27.500,27.746,27.992,28.258,28.560,28.890,29.168,29.474,29.886,30.550,31.217,31.650,31.831,31.928,32.199,32.296,32.074,31.301,30.543,29.964,29.624,29.588,29.645,29.737,29.858,30.021,30.098,30.141,30.169,30.212,30.268,30.303,30.310,30.289,30.289,30.310,30.346,30.367,30.360,30.339,30.317,30.296,30.282,30.261,30.240,30.219,30.197,30.190,30.176,30.169,30.169,30.169,30.176,30.183,30.204,30.219,30.233,30.240,30.233,30.226,30.226,30.240,30.254,30.268,30.275,30.275,30.268,30.268,30.261,30.254,30.247,30.247,30.247,30.247,30.275,30.346,30.451,30.536,30.536,30.374,30.021,29.425,28.775,28.452,28.625,29.574,30.782,31.789,32.490,32.925,33.056,33.166,33.297,33.345,33.290,33.070,32.684,32.234,31.880,31.573,31.280,30.845,30.402,30.084,29.907,29.851,29.723,29.588,29.460,29.417,29.460,29.481,29.396,29.097,28.761,28.366,27.905,27.384,26.795,26.166,25.503,24.866,24.322,23.850,23.452,23.188,23.044,22.976,22.953,22.893,22.847,22.802,22.779,22.779,22.764,22.733,22.696,22.635,22.620,22.642,22.680,22.718,22.718,22.718,22.726,22.756,22.802,22.832,22.840,22.809,22.756,22.703,22.680,22.688,22.711,22.733,22.749,22.733,22.718,22.703,22.696,22.696,22.696,22.696,22.696,22.688,22.680,22.673,22.665,22.665,22.658,22.650,22.642,22.627,22.620,22.604,22.597,22.582,22.574,22.559,22.544,22.521,22.506,22.483,22.460,22.452,22.445,22.437,22.422,22.399,22.369,22.346,22.315,22.300,22.300,22.292,22.277,22.254,22.239,22.224,22.209,22.186,22.163,22.147,22.140,22.140,22.140,22.147,22.147,22.147,22.147,22.140,22.132,22.117,22.109,22.094,22.079,22.063,22.063,22.048,22.041,22.033,22.025,22.025,22.018,22.010,22.010,22.010,22.010,21.995,21.987,21.979,21.972,21.964,21.956,21.956,21.949,21.934,21.926,21.918,21.911,21.911,21.903,21.895,21.888,21.872,21.865,21.849,21.834,21.811,21.803,21.788,21.773,21.757,21.742,21.734,21.727,21.719,21.704,21.704,21.696,21.704,21.711,21.711,21.704,21.696,21.681,21.665,21.650,21.635,21.619,21.604,21.581,21.566,21.543,21.527,21.497,21.474,21.458,21.435,21.412,21.389,21.374,21.351,21.327,21.304,21.289,21.266,21.243,21.212,21.197,21.181,21.158,21.143,21.135,21.119,21.104,21.081,21.065,21.050,21.035,21.027,21.027,21.027,21.027,21.027,21.035,21.035,21.042,21.035,21.035,21.035,21.035,21.027,21.019,21.011,21.019,21.042,21.073,21.096,21.096,21.073,21.027,20.996,20.996,21.035,21.089,21.143,21.173,21.173,21.150,21.127,21.119,21.143,21.166,21.181,21.197,21.197,21.181,21.181,21.173,21.173,21.173,21.173,21.181,21.181,21.181,21.181,21.181,21.181,21.189,21.189,21.197,21.204,21.212,21.220,21.235,21.250,21.258,21.266,21.281,21.289,21.297,21.304,21.312,21.327,21.335,21.351,21.358,21.374,21.381,21.389,21.404,21.420,21.435,21.450,21.466,21.489,21.504,21.512,21.527,21.527,21.527
,23.082,23.067,23.037,22.984,22.931,22.885,22.862,22.855,22.847,22.832,22.802,22.787,22.764,22.741,22.726,22.703,22.688,22.673,22.658,22.642,22.620,22.597,22.566,22.544,22.521,22.490,22.468,22.460,22.437,22.414,22.384,22.361,22.330,22.292,22.254,22.224,22.201,22.178,22.163,22.163,22.163,22.163,22.155,22.155,22.155,22.163,22.170,22.178,22.186,22.193,22.201,22.209,22.216,22.231,22.247,22.254,22.277,22.323,22.353,22.376,22.399,22.437,22.475,22.521,22.559,22.582,22.597,22.604,22.635,22.696,22.764,22.787,22.771,22.726,22.718,22.764,22.817,22.855,22.893,22.908,22.931,22.968,23.052,23.150,23.293,23.489,23.738,24.083,24.546,25.141,25.901,26.620,27.195,27.565,27.536,27.450,27.457,27.594,27.804,28.057,28.352,28.675,29.018,29.289,29.624,30.084,30.775,31.406,31.782,31.901,31.970,32.248,32.359,32.144,31.329,30.571,30.014,29.709,29.673,29.695,29.758,29.865,30.035,30.113,30.155,30.183,30.219,30.275,30.317,30.332,30.303,30.296,30.324,30.367,30.395,30.388,30.367,30.339,30.317,30.296,30.275,30.254,30.226,30.204,30.190,30.176,30.169,30.169,30.169,30.176,30.190,30.212,30.226,30.240,30.247,30.247,30.247,30.247,30.254,30.268,30.275,30.282,30.275,30.275,30.268,30.268,30.254,30.254,30.247,30.247,30.254,30.282,30.346,30.444,30.529,30.508,30.339,29.999,29.432,28.847,28.546,28.703,29.652,30.866,31.852,32.518,32.980,33.139,33.303,33.496,33.564,33.502,33.283,32.911,32.449,32.102,31.817,31.538,31.105,30.635,30.296,30.127,30.070,29.936,29.773,29.617,29.517,29.524,29.481,29.346,28.997,28.610,28.172,27.681,27.130,26.517,25.872,25.222,24.613,24.113,23.678,23.324,23.135,23.021,22.953,22.908,22.862,22.809,22.771,22.756,22.771,22.756,22.718,22.673,22.627,22.627,22.658,22.718,22.726,22.718,22.718,22.726,22.756,22.802,22.832,22.847,22.817,22.771,22.726,22.703,22.718,22.741,22.764,22.779,22.764,22.741,22.726,22.711,22.711,22.711,22.711,22.711,22.696,22.696,22.688,22.680,22.673,22.665,22.658,22.642,22.635,22.627,22.612,22.604,22.589,22.574,22.559,22.544,22.521,22.506,22.483,22.468,22.452,22.452,22.437,22.422,22.399,22.376,22.353,22.330,22.308,22.300,22.292,22.277,22.254,22.239,22.224,22.209,22.186,22.170,22.163,22.147,22.147,22.147,22.147,22.147,22.147,22.147,22.140,22.132,22.117,22.109,22.102,22.086,22.071,22.063,22.048,22.041,22.025,22.018,22.010,22.010,22.002,22.002,22.002,22.002,21.987,21.979,21.972,21.964,21.956,21.949,21.941,21.934,21.926,21.918,21.911,21.903,21.895,21.895,21.888,21.880,21.865,21.857,21.842,21.819,21.803,21.788,21.773,21.757,21.750,21.734,21.727,21.719,21.711,21.696,21.688,21.681,21.688,21.696,21.696,21.688,21.681,21.665,21.650,21.635,21.612,21.604,21.589,21.566,21.543,21.527,21.504,21.481,21.458,21.443,21.427,21.404,21.381,21.366,21.343,21.320,21.297,21.281,21.258,21.235,21.204,21.189,21.166,21.150,21.127,21.119,21.104,21.089,21.065,21.042,21.027,21.019,21.011,21.011,21.011,21.011,21.011,21.019,21.027,21.027,21.019,21.019,21.019,21.011,21.004,20.996,20.996,21.004,21.027,21.058,21.081,21.089,21.073,21.035,21.004,21.004,21.035,21.081,21.119,21.150,21.150,21.127,21.112,21.112,21.135,21.158,21.181,21.189,21.189,21.181,21.166,21.158,21.166,21.166,21.173,21.173,21.173,21.173,21.173,21.173,21.181,21.181,21.189,21.189,21.197,21.204,21.212,21.220,21.235,21.250,21.266,21.274,21.289,21.297,21.304,21.304,21.320,21.327,21.343,21.351,21.366,21.366,21.381,21.389,21.404,21.427,21.443,21.458,21.474,21.489,21.504,21.512,21.512,21.512
,23.089,23.082,23.044,22.991,22.931,22.885,22.855,22.855,22.847,22.824,22.802,22.787,22.764,22.741,22.718,22.711,22.696,22.673,22.650,22.635,22.612,22.589,22.559,22.536,22.513,22.483,22.460,22.445,22.429,22.407,22.376,22.353,22.323,22.285,22.247,22.216,22.193,22.163,22.155,22.147,22.147,22.147,22.140,22.140,22.147,22.147,22.155,22.170,22.178,22.193,22.193,22.201,22.209,22.224,22.231,22.247,22.270,22.308,22.346,22.369,22.391,22.422,22.460,22.506,22.544,22.582,22.597,22.597,22.620,22.665,22.711,22.771,22.771,22.733,22.711,22.749,22.794,22.832,22.878,22.908,22.931,22.961,23.044,23.150,23.271,23.422,23.678,24.000,24.419,24.955,25.695,26.415,27.057,27.536,27.652,27.609,27.602,27.696,27.862,28.122,28.424,28.754,29.111,29.375,29.737,30.247,30.965,31.545,31.859,31.935,31.998,32.283,32.407,32.199,31.364,30.613,30.084,29.808,29.766,29.758,29.787,29.872,30.049,30.134,30.176,30.197,30.233,30.296,30.339,30.346,30.317,30.317,30.346,30.388,30.416,30.416,30.395,30.360,30.339,30.317,30.296,30.268,30.240,30.212,30.197,30.176,30.169,30.169,30.169,30.183,30.197,30.219,30.233,30.254,30.261,30.261,30.261,30.268,30.275,30.282,30.289,30.289,30.289,30.282,30.275,30.275,30.268,30.261,30.261,30.261,30.268,30.296,30.353,30.444,30.522,30.473,30.303,29.985,29.460,28.932,28.653,28.775,29.702,30.923,31.894,32.539,33.035,33.214,33.406,33.646,33.728,33.653,33.427,33.063,32.587,32.248,31.970,31.685,31.259,30.775,30.430,30.261,30.247,30.106,29.929,29.737,29.588,29.553,29.460,29.268,28.868,28.438,27.970,27.457,26.890,26.254,25.607,24.963,24.382,23.933,23.527,23.188,23.059,23.006,22.938,22.847,22.809,22.764,22.733,22.726,22.749,22.733,22.703,22.650,22.620,22.627,22.665,22.718,22.726,22.711,22.711,22.718,22.756,22.794,22.832,22.847,22.824,22.779,22.741,22.718,22.733,22.764,22.787,22.794,22.787,22.756,22.733,22.718,22.718,22.718,22.718,22.711,22.711,22.703,22.696,22.680,22.680,22.665,22.658,22.650,22.642,22.635,22.627,22.612,22.597,22.582,22.566,22.544,22.521,22.513,22.490,22.475,22.460,22.452,22.437,22.422,22.399,22.376,22.353,22.330,22.315,22.300,22.292,22.277,22.254,22.239,22.231,22.209,22.193,22.178,22.170,22.163,22.155,22.155,22.155,22.147,22.147,22.140,22.140,22.125,22.117,22.109,22.094,22.079,22.063,22.056,22.048,22.033,22.018,22.010,22.002,21.995,21.995,21.987,21.987,21.987,21.979,21.972,21.964,21.949,21.941,21.941,21.926,21.918,21.911,21.911,21.895,21.888,21.880,21.880,21.872,21.865,21.849,21.842,21.826,21.811,21.788,21.773,21.757,21.742,21.727,21.719,21.711,21.704,21.688,21.681,21.673,21.665,21.665,21.673,21.673,21.665,21.658,21.650,21.635,21.612,21.596,21.581,21.566,21.543,21.520,21.504,21.489,21.466,21.443,21.427,21.412,21.397,21.374,21.351,21.335,21.312,21.289,21.266,21.250,21.227,21.197,21.173,21.158,21.135,21.112,21.096,21.081,21.065,21.042,21.019,21.004,20.996,20.988,20.988,20.988,20.988,20.996,21.004,21.004,21.004,20.996,20.996,20.996,20.988,20.981,20.973,20.981,20.988,21.011,21.042,21.065,21.081,21.065,21.035,21.011,21.004,21.035,21.073,21.104,21.127,21.127,21.112,21.096,21.104,21.127,21.150,21.166,21.181,21.173,21.166,21.158,21.143,21.150,21.158,21.166,21.166,21.166,21.166,21.166,21.173,21.173,21.173,21.181,21.189,21.189,21.197,21.204,21.220,21.227,21.243,21.258,21.274,21.281,21.289,21.297,21.304,21.312,21.320,21.327,21.343,21.351,21.358,21.374,21.389,21.397,21.412,21.427,21.450,21.466,21.481,21.497,21.504,21.504,21.504
,23.105,23.089,23.052,22.999,22.946,22.900,22.878,22.870,22.855,22.847,22.817,22.794,22.779,22.756,22.733,22.718,22.703,22.680,22.650,22.635,22.612,22.589,22.551,22.536,22.513,22.483,22.460,22.445,22.422,22.399,22.361,22.338,22.315,22.277,22.239,22.216,22.186,22.155,22.140,22.140,22.147,22.140,22.132,22.132,22.132,22.140,22.147,22.155,22.170,22.186,22.193,22.193,22.201,22.209,22.224,22.239,22.262,22.300,22.338,22.361,22.391,22.414,22.452,22.490,22.528,22.566,22.589,22.597,22.612,22.642,22.688,22.764,22.787,22.749,22.726,22.749,22.794,22.840,22.878,22.908,22.938,22.976,23.044,23.135,23.248,23.399,23.617,23.918,24.300,24.799,25.496,26.210,26.883,27.450,27.717,27.739,27.746,27.790,27.912,28.179,28.488,28.804,29.147,29.410,29.794,30.346,31.077,31.594,31.845,31.880,31.970,32.269,32.393,32.179,31.357,30.627,30.141,29.907,29.865,29.829,29.836,29.900,30.084,30.162,30.204,30.226,30.261,30.317,30.360,30.367,30.346,30.353,30.374,30.416,30.444,30.437,30.416,30.381,30.360,30.339,30.317,30.282,30.254,30.226,30.204,30.190,30.176,30.169,30.176,30.190,30.204,30.226,30.247,30.261,30.268,30.268,30.275,30.275,30.282,30.289,30.289,30.289,30.289,30.282,30.282,30.282,30.282,30.289,30.289,30.289,30.296,30.317,30.367,30.437,30.508,30.458,30.289,29.992,29.517,29.040,28.746,28.797,29.638,30.838,31.831,32.504,33.015,33.242,33.468,33.722,33.804,33.715,33.482,33.111,32.628,32.296,32.012,31.727,31.287,30.789,30.437,30.282,30.296,30.162,29.971,29.744,29.574,29.510,29.375,29.125,28.696,28.251,27.746,27.181,26.613,25.975,25.341,24.725,24.188,23.768,23.422,23.158,23.021,22.984,22.931,22.855,22.771,22.741,22.726,22.741,22.749,22.733,22.688,22.635,22.612,22.650,22.688,22.718,22.711,22.703,22.696,22.711,22.749,22.787,22.817,22.824,22.809,22.771,22.741,22.726,22.733,22.764,22.787,22.794,22.779,22.756,22.733,22.718,22.718,22.718,22.718,22.711,22.711,22.703,22.696,22.688,22.680,22.673,22.665,22.650,22.650,22.642,22.635,22.627,22.612,22.589,22.574,22.551,22.536,22.521,22.506,22.490,22.475,22.460,22.445,22.422,22.399,22.376,22.353,22.330,22.315,22.308,22.292,22.277,22.262,22.247,22.231,22.216,22.201,22.186,22.178,22.163,22.163,22.155,22.155,22.147,22.147,22.140,22.132,22.117,22.109,22.094,22.086,22.063,22.048,22.041,22.033,22.018,22.010,22.002,21.995,21.995,21.987,21.987,21.979,21.979,21.972,21.956,21.949,21.941,21.926,21.918,21.911,21.911,21.895,21.888,21.880,21.880,21.872,21.865,21.857,21.849,21.834,21.826,21.811,21.788,21.765,21.757,21.742,21.727,21.704,21.696,21.688,21.681,21.665,21.658,21.650,21.642,21.642,21.650,21.650,21.642,21.635,21.627,21.612,21.596,21.573,21.558,21.543,21.520,21.497,21.481,21.466,21.443,21.420,21.412,21.397,21.374,21.351,21.335,21.312,21.289,21.266,21.250,21.227,21.204,21.181,21.158,21.135,21.112,21.089,21.081,21.065,21.042,21.019,21.004,20.988,20.981,20.965,20.965,20.965,20.965,20.965,20.973,20.973,20.981,20.981,20.973,20.973,20.965,20.957,20.957,20.957,20.965,20.988,21.027,21.050,21.065,21.058,21.027,21.011,21.011,21.035,21.065,21.089,21.112,21.112,21.096,21.089,21.089,21.104,21.135,21.158,21.173,21.166,21.158,21.143,21.135,21.143,21.143,21.150,21.158,21.166,21.166,21.166,21.166,21.173,21.173,21.173,21.181,21.189,21.189,21.197,21.212,21.220,21.235,21.250,21.266,21.274,21.281,21.289,21.304,21.304,21.312,21.320,21.335,21.343,21.358,21.366,21.381,21.397,21.404,21.420,21.435,21.458,21.481,21.489,21.504,21.504,21.504
,23.112,23.105,23.067,23.014,22.961,22.915,22.893,22.885,22.878,22.862,22.840,22.817,22.794,22.771,22.749,22.733,22.711,22.688,22.658,22.635,22.612,22.589,22.559,22.536,22.513,22.483,22.460,22.429,22.407,22.391,22.353,22.330,22.300,22.270,22.239,22.209,22.186,22.155,22.140,22.140,22.140,22.132,22.125,22.125,22.125,22.132,22.140,22.147,22.163,22.170,22.178,22.186,22.193,22.209,22.224,22.231,22.254,22.292,22.330,22.353,22.376,22.407,22.437,22.475,22.513,22.551,22.582,22.589,22.597,22.620,22.673,22.756,22.787,22.756,22.726,22.749,22.794,22.840,22.885,22.908,22.938,22.984,23.037,23.097,23.195,23.331,23.527,23.798,24.143,24.606,25.274,25.982,26.686,27.326,27.739,27.855,27.884,27.905,27.977,28.251,28.567,28.875,29.189,29.460,29.879,30.473,31.168,31.622,31.824,31.838,31.942,32.241,32.366,32.144,31.350,30.656,30.204,30.006,29.971,29.922,29.900,29.943,30.113,30.190,30.233,30.254,30.289,30.339,30.374,30.388,30.374,30.381,30.402,30.430,30.458,30.451,30.430,30.402,30.374,30.360,30.332,30.303,30.268,30.240,30.212,30.197,30.183,30.183,30.190,30.197,30.212,30.233,30.247,30.268,30.275,30.275,30.275,30.282,30.282,30.289,30.289,30.289,30.289,30.296,30.296,30.296,30.303,30.310,30.324,30.332,30.346,30.353,30.395,30.466,30.529,30.466,30.303,30.042,29.617,29.175,28.847,28.789,29.510,30.670,31.678,32.421,32.994,33.276,33.537,33.810,33.899,33.804,33.571,33.228,32.760,32.435,32.144,31.831,31.378,30.859,30.480,30.303,30.289,30.148,29.943,29.709,29.517,29.417,29.261,28.982,28.531,28.057,27.529,26.934,26.327,25.710,25.096,24.509,24.023,23.625,23.309,23.097,23.014,22.946,22.885,22.824,22.749,22.718,22.711,22.733,22.749,22.718,22.673,22.627,22.612,22.642,22.680,22.703,22.696,22.688,22.688,22.711,22.741,22.771,22.802,22.809,22.794,22.764,22.733,22.718,22.733,22.756,22.771,22.779,22.764,22.741,22.726,22.711,22.703,22.703,22.703,22.703,22.696,22.696,22.688,22.688,22.680,22.673,22.665,22.658,22.658,22.658,22.650,22.635,22.620,22.597,22.574,22.551,22.536,22.528,22.521,22.498,22.483,22.468,22.445,22.422,22.391,22.369,22.346,22.330,22.308,22.300,22.292,22.277,22.262,22.254,22.239,22.224,22.209,22.193,22.178,22.170,22.163,22.163,22.163,22.155,22.147,22.132,22.125,22.117,22.102,22.086,22.071,22.056,22.041,22.025,22.018,22.010,22.002,21.995,21.995,21.987,21.987,21.987,21.979,21.972,21.964,21.956,21.941,21.934,21.918,21.911,21.903,21.895,21.888,21.880,21.872,21.865,21.857,21.849,21.842,21.826,21.819,21.803,21.796,21.780,21.757,21.742,21.727,21.711,21.696,21.681,21.673,21.658,21.650,21.642,21.635,21.627,21.627,21.627,21.627,21.627,21.619,21.604,21.596,21.581,21.566,21.543,21.527,21.497,21.481,21.466,21.450,21.435,21.412,21.404,21.389,21.366,21.343,21.320,21.297,21.274,21.250,21.235,21.212,21.189,21.166,21.143,21.127,21.104,21.081,21.065,21.050,21.035,21.011,20.996,20.981,20.965,20.957,20.950,20.950,20.950,20.950,20.957,20.965,20.965,20.965,20.957,20.950,20.950,20.950,20.942,20.950,20.957,20.981,21.019,21.042,21.065,21.058,21.035,21.019,21.019,21.042,21.065,21.089,21.104,21.104,21.089,21.089,21.089,21.104,21.127,21.150,21.158,21.158,21.150,21.135,21.135,21.135,21.143,21.150,21.158,21.158,21.158,21.166,21.166,21.166,21.173,21.181,21.181,21.189,21.197,21.204,21.212,21.220,21.235,21.243,21.258,21.274,21.281,21.289,21.304,21.304,21.312,21.320,21.335,21.343,21.358,21.366,21.381,21.397,21.404,21.412,21.427,21.458,21.481,21.497,21.512,21.520,21.520
,23.120,23.105,23.074,23.021,22.976,22.931,22.908,22.900,22.893,22.870,22.847,22.832,22.809,22.779,22.756,22.733,22.711,22.688,22.658,22.635,22.612,22.589,22.559,22.536,22.513,22.483,22.452,22.422,22.391,22.376,22.338,22.315,22.285,22.254,22.224,22.201,22.178,22.147,22.132,22.132,22.125,22.125,22.117,22.117,22.117,22.125,22.132,22.140,22.147,22.163,22.170,22.178,22.186,22.201,22.216,22.224,22.239,22.277,22.315,22.338,22.369,22.391,22.422,22.460,22.498,22.536,22.566,22.582,22.589,22.604,22.650,22.718,22.756,22.756,22.726,22.749,22.787,22.832,22.878,22.908,22.938,22.976,23.029,23.067,23.142,23.256,23.444,23.693,24.008,24.427,25.074,25.769,26.488,27.195,27.732,27.941,28.013,28.021,28.057,28.330,28.653,28.961,29.254,29.524,29.971,30.592,31.245,31.629,31.796,31.810,31.928,32.213,32.317,32.109,31.357,30.698,30.282,30.120,30.084,30.014,29.971,29.985,30.141,30.212,30.254,30.275,30.310,30.360,30.388,30.402,30.395,30.402,30.416,30.444,30.466,30.458,30.444,30.416,30.395,30.374,30.346,30.317,30.282,30.247,30.226,30.204,30.190,30.190,30.197,30.212,30.219,30.240,30.254,30.268,30.282,30.282,30.282,30.282,30.289,30.289,30.289,30.289,30.296,30.303,30.317,30.324,30.332,30.346,30.367,30.381,30.388,30.395,30.430,30.494,30.550,30.480,30.324,30.084,29.730,29.318,28.961,28.811,29.403,30.494,31.510,32.331,32.994,33.324,33.626,33.899,33.974,33.872,33.660,33.352,32.898,32.580,32.283,31.942,31.469,30.930,30.529,30.303,30.240,30.084,29.872,29.645,29.453,29.332,29.154,28.861,28.388,27.876,27.312,26.693,26.048,25.444,24.859,24.300,23.865,23.497,23.210,23.021,22.984,22.923,22.847,22.779,22.718,22.696,22.696,22.718,22.726,22.696,22.658,22.612,22.597,22.627,22.658,22.680,22.673,22.673,22.680,22.696,22.718,22.749,22.771,22.779,22.771,22.741,22.718,22.703,22.718,22.741,22.756,22.756,22.749,22.726,22.703,22.696,22.688,22.688,22.688,22.688,22.688,22.680,22.680,22.680,22.673,22.673,22.665,22.658,22.658,22.665,22.658,22.650,22.627,22.604,22.582,22.551,22.544,22.536,22.528,22.506,22.483,22.468,22.452,22.422,22.391,22.369,22.346,22.323,22.308,22.300,22.292,22.277,22.262,22.254,22.239,22.224,22.209,22.193,22.186,22.170,22.163,22.163,22.163,22.155,22.140,22.132,22.117,22.102,22.086,22.071,22.056,22.041,22.025,22.010,22.002,21.995,21.987,21.987,21.987,21.979,21.979,21.979,21.972,21.964,21.956,21.941,21.934,21.918,21.911,21.903,21.888,21.880,21.872,21.865,21.865,21.849,21.842,21.834,21.819,21.811,21.796,21.788,21.773,21.757,21.734,21.727,21.711,21.696,21.673,21.658,21.650,21.635,21.627,21.619,21.612,21.612,21.604,21.604,21.604,21.604,21.596,21.589,21.573,21.558,21.543,21.527,21.504,21.481,21.458,21.450,21.435,21.420,21.397,21.389,21.374,21.351,21.327,21.304,21.281,21.258,21.235,21.212,21.197,21.173,21.150,21.135,21.112,21.089,21.065,21.050,21.035,21.019,20.996,20.981,20.965,20.950,20.942,20.934,20.926,20.926,20.934,20.934,20.942,20.950,20.942,20.934,20.934,20.934,20.934,20.934,20.942,20.950,20.973,21.004,21.035,21.050,21.058,21.042,21.027,21.027,21.042,21.065,21.081,21.089,21.089,21.081,21.073,21.081,21.096,21.119,21.135,21.143,21.143,21.135,21.127,21.127,21.135,21.135,21.143,21.150,21.150,21.150,21.158,21.158,21.166,21.166,21.173,21.181,21.189,21.197,21.204,21.212,21.220,21.227,21.243,21.250,21.266,21.274,21.289,21.297,21.304,21.312,21.320,21.327,21.343,21.351,21.366,21.381,21.397,21.404,21.412,21.427,21.458,21.481,21.504,21.520,21.520,21.527
,23.112,23.105,23.074,23.029,22.984,22.938,22.915,22.908,22.893,22.878,22.847,22.824,22.809,22.779,22.756,22.733,22.703,22.673,22.650,22.627,22.604,22.574,22.551,22.528,22.506,22.475,22.437,22.407,22.384,22.353,22.330,22.292,22.270,22.239,22.216,22.193,22.163,22.140,22.125,22.117,22.117,22.109,22.102,22.102,22.109,22.109,22.117,22.125,22.132,22.147,22.155,22.170,22.186,22.201,22.209,22.209,22.231,22.262,22.300,22.338,22.361,22.384,22.414,22.445,22.483,22.521,22.559,22.582,22.589,22.597,22.627,22.673,22.711,22.741,22.718,22.741,22.771,22.817,22.862,22.900,22.938,22.976,23.014,23.052,23.105,23.195,23.369,23.610,23.903,24.285,24.903,25.570,26.305,27.065,27.681,27.999,28.129,28.136,28.150,28.424,28.746,29.061,29.325,29.602,30.063,30.691,31.301,31.629,31.768,31.789,31.915,32.165,32.262,32.074,31.378,30.768,30.388,30.233,30.204,30.120,30.049,30.028,30.155,30.233,30.275,30.296,30.324,30.367,30.402,30.416,30.409,30.409,30.430,30.451,30.473,30.473,30.458,30.430,30.409,30.388,30.367,30.332,30.289,30.261,30.233,30.204,30.197,30.197,30.204,30.219,30.233,30.247,30.261,30.282,30.282,30.289,30.289,30.289,30.289,30.296,30.296,30.303,30.317,30.332,30.346,30.360,30.367,30.381,30.402,30.430,30.430,30.430,30.458,30.515,30.564,30.501,30.353,30.141,29.851,29.481,29.111,28.904,29.368,30.367,31.378,32.262,32.994,33.379,33.694,33.954,34.015,33.892,33.694,33.427,32.994,32.698,32.393,32.026,31.531,30.986,30.557,30.289,30.169,29.992,29.787,29.567,29.375,29.247,29.047,28.725,28.251,27.696,27.086,26.437,25.776,25.185,24.628,24.113,23.708,23.399,23.142,22.953,22.938,22.900,22.824,22.733,22.696,22.680,22.688,22.703,22.703,22.673,22.642,22.604,22.582,22.612,22.635,22.650,22.650,22.650,22.658,22.680,22.703,22.726,22.741,22.756,22.741,22.726,22.703,22.696,22.703,22.726,22.741,22.741,22.733,22.711,22.696,22.680,22.673,22.673,22.673,22.673,22.673,22.673,22.673,22.673,22.673,22.665,22.658,22.658,22.658,22.665,22.665,22.658,22.635,22.604,22.582,22.551,22.544,22.536,22.528,22.513,22.490,22.475,22.452,22.422,22.384,22.361,22.338,22.315,22.300,22.292,22.292,22.277,22.262,22.254,22.239,22.224,22.209,22.193,22.186,22.170,22.163,22.155,22.155,22.147,22.132,22.125,22.109,22.094,22.071,22.056,22.041,22.018,22.002,21.995,21.987,21.979,21.972,21.972,21.972,21.964,21.964,21.956,21.956,21.949,21.934,21.926,21.911,21.903,21.888,21.880,21.865,21.857,21.849,21.849,21.842,21.834,21.819,21.811,21.796,21.788,21.765,21.757,21.750,21.727,21.711,21.704,21.688,21.665,21.642,21.635,21.619,21.612,21.596,21.589,21.589,21.581,21.581,21.581,21.581,21.573,21.566,21.558,21.550,21.527,21.512,21.497,21.474,21.458,21.435,21.427,21.412,21.397,21.374,21.366,21.343,21.320,21.297,21.274,21.258,21.235,21.212,21.197,21.181,21.158,21.135,21.112,21.096,21.073,21.050,21.035,21.019,21.004,20.981,20.965,20.950,20.942,20.919,20.911,20.911,20.903,20.903,20.911,20.919,20.926,20.919,20.911,20.911,20.919,20.911,20.919,20.926,20.942,20.965,20.988,21.011,21.035,21.042,21.035,21.027,21.027,21.042,21.050,21.065,21.073,21.065,21.058,21.058,21.058,21.081,21.096,21.104,21.119,21.119,21.112,21.112,21.112,21.119,21.127,21.127,21.135,21.135,21.143,21.143,21.150,21.150,21.158,21.166,21.173,21.181,21.189,21.197,21.197,21.212,21.220,21.227,21.235,21.250,21.258,21.274,21.281,21.297,21.304,21.312,21.327,21.335,21.351,21.358,21.381,21.389,21.397,21.404,21.420,21.458,21.481,21.504,21.520,21.520,21.527
,23.097,23.082,23.059,23.029,22.984,22.946,22.915,22.900,22.885,22.855,22.832,22.809,22.787,22.756,22.733,22.711,22.680,22.650,22.627,22.604,22.574,22.551,22.528,22.506,22.483,22.452,22.414,22.384,22.361,22.330,22.308,22.277,22.247,22.216,22.193,22.170,22.147,22.117,22.117,22.109,22.109,22.102,22.094,22.094,22.102,22.109,22.109,22.109,22.125,22.132,22.147,22.163,22.178,22.193,22.201,22.201,22.216,22.254,22.300,22.330,22.353,22.376,22.407,22.437,22.475,22.513,22.559,22.574,22.589,22.597,22.612,22.658,22.696,22.718,22.718,22.741,22.771,22.817,22.862,22.893,22.938,22.976,22.999,23.029,23.082,23.180,23.309,23.542,23.828,24.180,24.717,25.355,26.085,26.868,27.573,28.006,28.215,28.251,28.280,28.546,28.868,29.168,29.410,29.688,30.134,30.740,31.294,31.587,31.713,31.748,31.873,32.102,32.185,32.026,31.413,30.859,30.515,30.381,30.346,30.254,30.162,30.106,30.190,30.254,30.296,30.317,30.339,30.381,30.409,30.416,30.416,30.423,30.437,30.458,30.487,30.494,30.480,30.451,30.430,30.409,30.381,30.339,30.296,30.261,30.233,30.204,30.197,30.204,30.212,30.233,30.240,30.254,30.268,30.282,30.282,30.289,30.289,30.289,30.296,30.296,30.303,30.317,30.339,30.374,30.388,30.395,30.388,30.402,30.423,30.451,30.444,30.444,30.466,30.515,30.557,30.515,30.402,30.233,30.014,29.709,29.382,29.168,29.517,30.388,31.343,32.241,32.953,33.352,33.646,33.851,33.899,33.749,33.550,33.331,32.967,32.704,32.393,31.991,31.504,30.979,30.557,30.275,30.113,29.907,29.688,29.460,29.268,29.111,28.868,28.517,28.035,27.464,26.846,26.188,25.555,24.963,24.442,23.993,23.610,23.331,23.120,22.976,22.931,22.878,22.809,22.726,22.665,22.642,22.642,22.658,22.665,22.658,22.627,22.589,22.566,22.597,22.620,22.627,22.627,22.627,22.635,22.658,22.680,22.703,22.718,22.726,22.726,22.711,22.696,22.696,22.703,22.718,22.733,22.733,22.718,22.703,22.688,22.673,22.665,22.665,22.665,22.665,22.665,22.665,22.673,22.673,22.665,22.658,22.650,22.650,22.658,22.665,22.665,22.658,22.635,22.604,22.582,22.551,22.544,22.536,22.528,22.513,22.483,22.468,22.445,22.414,22.376,22.361,22.338,22.315,22.300,22.292,22.285,22.270,22.254,22.247,22.239,22.216,22.201,22.186,22.178,22.163,22.155,22.147,22.140,22.132,22.117,22.109,22.094,22.071,22.056,22.041,22.025,22.002,21.987,21.979,21.972,21.964,21.956,21.949,21.949,21.941,21.934,21.934,21.934,21.926,21.911,21.903,21.888,21.872,21.857,21.849,21.849,21.842,21.826,21.819,21.819,21.811,21.796,21.788,21.773,21.757,21.742,21.727,21.711,21.696,21.681,21.673,21.658,21.642,21.619,21.612,21.596,21.581,21.566,21.566,21.558,21.550,21.543,21.550,21.550,21.543,21.535,21.527,21.512,21.497,21.481,21.466,21.450,21.427,21.412,21.397,21.381,21.366,21.351,21.327,21.312,21.297,21.274,21.250,21.235,21.212,21.189,21.181,21.166,21.143,21.112,21.096,21.073,21.050,21.027,21.011,20.996,20.981,20.957,20.942,20.926,20.911,20.896,20.888,20.880,20.872,20.872,20.880,20.888,20.888,20.888,20.888,20.888,20.888,20.896,20.903,20.911,20.919,20.942,20.965,20.981,20.996,21.011,21.019,21.019,21.019,21.027,21.035,21.035,21.035,21.035,21.035,21.035,21.035,21.050,21.058,21.073,21.073,21.081,21.089,21.089,21.089,21.096,21.104,21.104,21.112,21.112,21.119,21.119,21.127,21.135,21.143,21.150,21.158,21.166,21.173,21.173,21.181,21.197,21.204,21.212,21.220,21.235,21.243,21.258,21.266,21.281,21.289,21.304,21.312,21.327,21.335,21.351,21.366,21.381,21.389,21.404,21.420,21.450,21.481,21.504,21.520,21.520,21.527
,23.074,23.067,23.044,23.014,22.976,22.938,22.915,22.893,22.870,22.840,22.809,22.787,22.764,22.733,22.703,22.680,22.658,22.627,22.597,22.574,22.551,22.521,22.498,22.483,22.460,22.437,22.399,22.376,22.353,22.323,22.292,22.262,22.231,22.209,22.186,22.155,22.132,22.102,22.102,22.102,22.102,22.102,22.086,22.094,22.094,22.102,22.102,22.102,22.109,22.125,22.140,22.155,22.170,22.193,22.201,22.193,22.209,22.239,22.285,22.315,22.338,22.369,22.399,22.429,22.460,22.498,22.544,22.566,22.582,22.589,22.612,22.658,22.696,22.718,22.718,22.741,22.779,22.824,22.862,22.900,22.938,22.976,22.991,23.014,23.067,23.150,23.256,23.474,23.730,24.045,24.494,25.096,25.798,26.576,27.362,27.941,28.258,28.359,28.402,28.668,28.975,29.268,29.503,29.766,30.190,30.754,31.252,31.524,31.650,31.685,31.810,32.005,32.095,31.970,31.448,30.951,30.649,30.543,30.508,30.409,30.296,30.212,30.247,30.289,30.324,30.339,30.353,30.381,30.409,30.437,30.437,30.451,30.466,30.487,30.508,30.508,30.494,30.466,30.437,30.416,30.381,30.339,30.296,30.254,30.226,30.204,30.197,30.204,30.219,30.233,30.247,30.261,30.275,30.289,30.289,30.282,30.282,30.289,30.296,30.303,30.317,30.324,30.346,30.381,30.402,30.402,30.402,30.416,30.437,30.466,30.466,30.466,30.487,30.522,30.564,30.529,30.444,30.339,30.212,29.985,29.730,29.574,29.872,30.642,31.497,32.310,32.925,33.262,33.482,33.605,33.612,33.434,33.255,33.097,32.822,32.608,32.303,31.894,31.427,30.937,30.536,30.247,30.049,29.822,29.574,29.332,29.104,28.904,28.632,28.273,27.775,27.195,26.583,25.953,25.333,24.769,24.277,23.865,23.512,23.256,23.082,22.991,22.931,22.862,22.794,22.726,22.673,22.650,22.642,22.650,22.658,22.650,22.620,22.589,22.566,22.589,22.604,22.612,22.612,22.604,22.612,22.627,22.650,22.673,22.696,22.711,22.711,22.703,22.696,22.688,22.703,22.718,22.726,22.726,22.711,22.696,22.673,22.665,22.658,22.658,22.658,22.658,22.658,22.665,22.665,22.665,22.658,22.650,22.642,22.642,22.650,22.665,22.665,22.658,22.635,22.604,22.574,22.551,22.536,22.528,22.521,22.506,22.475,22.460,22.429,22.407,22.376,22.353,22.338,22.315,22.292,22.285,22.277,22.270,22.247,22.239,22.231,22.216,22.193,22.186,22.170,22.155,22.140,22.132,22.125,22.109,22.102,22.094,22.079,22.063,22.048,22.033,22.018,22.002,21.979,21.972,21.964,21.949,21.941,21.934,21.926,21.918,21.911,21.911,21.911,21.903,21.888,21.872,21.857,21.849,21.842,21.834,21.826,21.819,21.811,21.803,21.796,21.788,21.773,21.765,21.750,21.734,21.711,21.696,21.681,21.658,21.650,21.642,21.627,21.619,21.596,21.589,21.573,21.558,21.543,21.535,21.527,21.520,21.520,21.527,21.527,21.520,21.512,21.504,21.489,21.474,21.458,21.443,21.427,21.404,21.389,21.374,21.358,21.343,21.320,21.304,21.281,21.266,21.243,21.227,21.212,21.197,21.181,21.166,21.150,21.135,21.104,21.081,21.058,21.035,21.011,20.996,20.981,20.957,20.934,20.919,20.903,20.888,20.872,20.865,20.857,20.849,20.849,20.857,20.857,20.865,20.865,20.865,20.865,20.865,20.872,20.888,20.896,20.911,20.919,20.934,20.950,20.965,20.981,20.988,20.996,21.004,21.011,21.004,21.004,21.004,21.004,21.011,21.011,21.019,21.019,21.027,21.035,21.042,21.050,21.058,21.065,21.073,21.081,21.081,21.081,21.089,21.089,21.089,21.096,21.104,21.112,21.119,21.127,21.143,21.150,21.150,21.158,21.166,21.173,21.189,21.197,21.212,21.220,21.227,21.235,21.250,21.266,21.281,21.289,21.304,21.320,21.327,21.335,21.358,21.374,21.381,21.397,21.420,21.450,21.481,21.497,21.512,21.520,21.520
,23.044,23.044,23.021,22.999,22.968,22.931,22.900,22.878,22.847,22.817,22.779,22.756,22.733,22.703,22.673,22.650,22.627,22.597,22.566,22.551,22.528,22.498,22.475,22.460,22.445,22.422,22.391,22.361,22.338,22.315,22.277,22.247,22.224,22.201,22.178,22.147,22.117,22.086,22.094,22.094,22.094,22.086,22.079,22.079,22.086,22.086,22.086,22.086,22.094,22.109,22.125,22.140,22.163,22.186,22.201,22.186,22.201,22.231,22.270,22.300,22.330,22.361,22.384,22.414,22.445,22.483,22.521,22.559,22.574,22.589,22.604,22.650,22.688,22.711,22.718,22.749,22.779,22.824,22.862,22.900,22.931,22.961,22.991,23.006,23.044,23.105,23.210,23.392,23.610,23.880,24.285,24.836,25.511,26.276,27.116,27.819,28.258,28.438,28.503,28.761,29.061,29.353,29.588,29.844,30.233,30.747,31.196,31.462,31.587,31.636,31.734,31.901,31.991,31.908,31.469,31.035,30.768,30.684,30.649,30.550,30.430,30.317,30.317,30.346,30.367,30.374,30.381,30.402,30.430,30.466,30.480,30.487,30.501,30.515,30.529,30.522,30.501,30.473,30.451,30.423,30.388,30.346,30.296,30.261,30.233,30.219,30.204,30.212,30.226,30.247,30.254,30.268,30.282,30.289,30.289,30.282,30.282,30.289,30.303,30.317,30.332,30.339,30.360,30.395,30.416,30.416,30.423,30.437,30.466,30.494,30.494,30.501,30.515,30.543,30.571,30.550,30.501,30.451,30.416,30.275,30.113,30.028,30.324,31.000,31.741,32.421,32.884,33.132,33.269,33.324,33.269,33.063,32.918,32.842,32.649,32.483,32.199,31.782,31.329,30.873,30.501,30.219,29.985,29.730,29.474,29.211,28.947,28.703,28.416,28.042,27.529,26.941,26.327,25.710,25.104,24.583,24.128,23.730,23.414,23.180,23.037,22.961,22.923,22.840,22.771,22.711,22.673,22.650,22.650,22.658,22.665,22.650,22.620,22.582,22.574,22.582,22.589,22.597,22.589,22.582,22.589,22.604,22.620,22.650,22.673,22.688,22.696,22.688,22.680,22.680,22.688,22.703,22.711,22.711,22.696,22.680,22.665,22.650,22.650,22.642,22.650,22.650,22.650,22.650,22.658,22.658,22.650,22.642,22.635,22.635,22.642,22.658,22.665,22.658,22.635,22.604,22.574,22.544,22.528,22.528,22.513,22.490,22.468,22.445,22.422,22.399,22.376,22.353,22.330,22.315,22.292,22.285,22.270,22.262,22.247,22.239,22.224,22.209,22.193,22.178,22.163,22.140,22.125,22.117,22.102,22.094,22.086,22.079,22.063,22.048,22.033,22.025,22.010,21.987,21.972,21.964,21.949,21.934,21.926,21.918,21.903,21.895,21.888,21.888,21.880,21.872,21.865,21.849,21.834,21.826,21.819,21.811,21.803,21.796,21.788,21.780,21.773,21.757,21.750,21.734,21.727,21.704,21.688,21.665,21.650,21.627,21.619,21.612,21.604,21.589,21.573,21.558,21.550,21.527,21.520,21.512,21.504,21.497,21.497,21.497,21.497,21.489,21.481,21.474,21.458,21.443,21.427,21.412,21.404,21.381,21.366,21.351,21.335,21.312,21.289,21.266,21.250,21.235,21.212,21.204,21.189,21.181,21.166,21.150,21.135,21.119,21.089,21.065,21.042,21.019,20.996,20.973,20.957,20.942,20.919,20.903,20.880,20.865,20.849,20.841,20.834,20.826,20.826,20.834,20.834,20.841,20.841,20.834,20.834,20.841,20.857,20.865,20.888,20.896,20.903,20.903,20.911,20.919,20.942,20.965,20.981,20.996,20.988,20.981,20.973,20.965,20.973,20.981,20.988,20.996,20.996,20.996,20.996,21.004,21.019,21.027,21.035,21.050,21.058,21.058,21.058,21.065,21.065,21.065,21.065,21.073,21.089,21.096,21.112,21.127,21.127,21.127,21.135,21.143,21.158,21.173,21.181,21.197,21.204,21.212,21.220,21.235,21.250,21.266,21.281,21.297,21.312,21.320,21.327,21.343,21.358,21.374,21.397,21.420,21.450,21.474,21.497,21.504,21.512,21.512
,23.021,23.021,23.006,22.976,22.946,22.908,22.885,22.855,22.824,22.794,22.756,22.733,22.711,22.680,22.650,22.627,22.597,22.574,22.544,22.521,22.498,22.475,22.452,22.437,22.422,22.407,22.384,22.353,22.323,22.292,22.262,22.231,22.209,22.193,22.170,22.132,22.094,22.071,22.079,22.079,22.079,22.071,22.063,22.063,22.063,22.071,22.071,22.071,22.079,22.094,22.109,22.132,22.155,22.178,22.193,22.186,22.193,22.224,22.262,22.292,22.323,22.353,22.376,22.407,22.437,22.468,22.506,22.544,22.566,22.589,22.612,22.642,22.673,22.696,22.718,22.741,22.779,22.809,22.855,22.893,22.915,22.938,22.976,22.991,23.014,23.052,23.158,23.309,23.489,23.715,24.098,24.613,25.252,26.012,26.868,27.667,28.208,28.474,28.560,28.818,29.111,29.410,29.659,29.907,30.261,30.712,31.119,31.385,31.524,31.573,31.650,31.789,31.880,31.845,31.483,31.105,30.866,30.782,30.761,30.670,30.543,30.416,30.402,30.416,30.423,30.423,30.430,30.444,30.473,30.508,30.522,30.529,30.543,30.550,30.550,30.536,30.508,30.480,30.451,30.430,30.395,30.360,30.310,30.282,30.261,30.240,30.233,30.240,30.247,30.261,30.275,30.282,30.296,30.303,30.303,30.296,30.289,30.296,30.317,30.332,30.346,30.360,30.381,30.416,30.437,30.444,30.458,30.473,30.501,30.536,30.536,30.543,30.550,30.571,30.585,30.578,30.564,30.571,30.613,30.550,30.480,30.473,30.796,31.399,32.019,32.539,32.808,32.953,33.022,33.028,32.918,32.698,32.587,32.587,32.469,32.352,32.088,31.671,31.224,30.803,30.451,30.169,29.929,29.652,29.382,29.118,28.818,28.546,28.230,27.833,27.304,26.707,26.085,25.466,24.873,24.397,23.978,23.595,23.316,23.120,22.984,22.908,22.885,22.809,22.733,22.680,22.658,22.650,22.650,22.665,22.665,22.642,22.612,22.582,22.574,22.574,22.574,22.574,22.559,22.559,22.566,22.574,22.597,22.612,22.635,22.658,22.665,22.658,22.658,22.658,22.673,22.680,22.688,22.688,22.673,22.658,22.650,22.635,22.627,22.627,22.635,22.635,22.635,22.642,22.650,22.650,22.650,22.635,22.627,22.627,22.635,22.650,22.650,22.650,22.627,22.597,22.574,22.544,22.528,22.521,22.506,22.483,22.460,22.445,22.422,22.399,22.369,22.353,22.330,22.308,22.292,22.277,22.270,22.254,22.239,22.231,22.216,22.201,22.186,22.170,22.155,22.132,22.117,22.102,22.094,22.079,22.071,22.063,22.056,22.041,22.025,22.010,21.995,21.979,21.964,21.949,21.941,21.926,21.911,21.895,21.880,21.872,21.857,21.857,21.857,21.849,21.834,21.819,21.803,21.796,21.788,21.780,21.780,21.773,21.765,21.757,21.742,21.734,21.719,21.711,21.696,21.673,21.650,21.635,21.619,21.596,21.581,21.581,21.573,21.566,21.543,21.535,21.520,21.504,21.489,21.481,21.474,21.466,21.466,21.466,21.466,21.466,21.450,21.435,21.420,21.404,21.389,21.381,21.374,21.358,21.335,21.327,21.304,21.281,21.258,21.235,21.220,21.204,21.181,21.173,21.166,21.158,21.143,21.135,21.119,21.104,21.073,21.050,21.019,20.996,20.973,20.957,20.942,20.926,20.903,20.880,20.865,20.849,20.834,20.826,20.818,20.811,20.803,20.811,20.811,20.811,20.811,20.803,20.803,20.811,20.834,20.849,20.865,20.880,20.880,20.872,20.872,20.880,20.903,20.934,20.965,20.981,20.973,20.950,20.934,20.926,20.934,20.950,20.965,20.973,20.965,20.957,20.957,20.965,20.981,20.996,21.011,21.019,21.035,21.035,21.042,21.042,21.042,21.042,21.050,21.050,21.065,21.073,21.089,21.104,21.112,21.112,21.119,21.127,21.143,21.150,21.166,21.173,21.189,21.197,21.204,21.220,21.243,21.258,21.274,21.297,21.304,21.304,21.312,21.327,21.351,21.366,21.389,21.420,21.450,21.466,21.481,21.489,21.497,21.497
,23.014,23.006,22.984,22.953,22.923,22.885,22.855,22.832,22.809,22.779,22.749,22.726,22.703,22.673,22.642,22.620,22.589,22.559,22.528,22.513,22.490,22.460,22.437,22.429,22.414,22.399,22.369,22.346,22.308,22.270,22.247,22.224,22.201,22.178,22.147,22.117,22.086,22.056,22.063,22.063,22.063,22.056,22.041,22.041,22.041,22.048,22.048,22.056,22.063,22.071,22.094,22.109,22.132,22.155,22.178,22.178,22.193,22.216,22.254,22.285,22.308,22.338,22.369,22.399,22.429,22.460,22.490,22.528,22.566,22.589,22.597,22.620,22.650,22.680,22.711,22.733,22.771,22.809,22.840,22.870,22.900,22.931,22.961,22.968,22.999,23.052,23.135,23.248,23.422,23.670,24.000,24.471,25.059,25.769,26.634,27.479,28.086,28.431,28.546,28.782,29.082,29.403,29.695,29.936,30.247,30.627,30.993,31.273,31.434,31.497,31.545,31.671,31.768,31.768,31.490,31.161,30.944,30.852,30.824,30.740,30.620,30.508,30.480,30.480,30.487,30.487,30.480,30.494,30.522,30.550,30.557,30.557,30.557,30.550,30.550,30.543,30.515,30.480,30.451,30.437,30.416,30.388,30.346,30.324,30.303,30.289,30.282,30.268,30.261,30.275,30.282,30.296,30.310,30.317,30.310,30.303,30.303,30.310,30.332,30.346,30.367,30.381,30.402,30.444,30.473,30.494,30.515,30.536,30.557,30.578,30.585,30.585,30.592,30.606,30.620,30.613,30.620,30.656,30.740,30.733,30.705,30.740,31.084,31.622,32.116,32.490,32.635,32.711,32.753,32.746,32.628,32.393,32.303,32.345,32.303,32.220,31.970,31.559,31.126,30.733,30.395,30.120,29.865,29.588,29.311,29.025,28.718,28.409,28.049,27.616,27.086,26.474,25.850,25.237,24.658,24.195,23.813,23.497,23.226,23.059,22.961,22.900,22.855,22.787,22.711,22.658,22.635,22.627,22.635,22.658,22.665,22.635,22.604,22.582,22.559,22.551,22.551,22.544,22.536,22.536,22.544,22.551,22.574,22.589,22.612,22.627,22.635,22.635,22.627,22.635,22.650,22.658,22.658,22.665,22.658,22.650,22.635,22.627,22.627,22.627,22.627,22.627,22.635,22.642,22.650,22.650,22.642,22.627,22.620,22.620,22.627,22.635,22.635,22.635,22.620,22.597,22.574,22.544,22.528,22.513,22.490,22.468,22.452,22.437,22.422,22.399,22.376,22.353,22.330,22.308,22.292,22.285,22.270,22.254,22.239,22.224,22.216,22.201,22.186,22.170,22.147,22.132,22.117,22.102,22.086,22.071,22.063,22.056,22.048,22.025,22.010,22.002,21.987,21.964,21.949,21.941,21.926,21.911,21.895,21.888,21.872,21.857,21.849,21.842,21.834,21.826,21.811,21.796,21.780,21.773,21.757,21.757,21.757,21.750,21.734,21.727,21.719,21.711,21.688,21.681,21.665,21.650,21.627,21.612,21.596,21.573,21.558,21.550,21.543,21.535,21.520,21.512,21.497,21.481,21.466,21.458,21.450,21.443,21.435,21.435,21.435,21.435,21.420,21.404,21.389,21.374,21.358,21.358,21.343,21.335,21.312,21.297,21.281,21.258,21.235,21.212,21.197,21.173,21.158,21.158,21.150,21.143,21.127,21.119,21.104,21.081,21.058,21.027,21.004,20.973,20.950,20.942,20.926,20.903,20.880,20.872,20.849,20.834,20.818,20.811,20.803,20.803,20.787,20.787,20.787,20.780,20.772,20.772,20.780,20.787,20.803,20.826,20.841,20.865,20.857,20.841,20.834,20.841,20.880,20.919,20.957,20.973,20.957,20.926,20.896,20.880,20.896,20.919,20.942,20.957,20.950,20.942,20.934,20.942,20.957,20.973,20.988,20.996,21.011,21.019,21.019,21.027,21.027,21.027,21.027,21.035,21.050,21.058,21.073,21.081,21.096,21.096,21.104,21.112,21.127,21.135,21.150,21.158,21.173,21.181,21.197,21.212,21.227,21.250,21.266,21.289,21.297,21.297,21.304,21.320,21.343,21.366,21.389,21.412,21.435,21.450,21.466,21.474,21.474,21.474
,23.014,22.999,22.976,22.938,22.893,22.847,22.824,22.809,22.794,22.771,22.741,22.726,22.703,22.673,22.642,22.620,22.589,22.559,22.528,22.513,22.490,22.460,22.437,22.422,22.407,22.391,22.353,22.323,22.292,22.262,22.231,22.209,22.186,22.163,22.140,22.102,22.071,22.041,22.048,22.048,22.041,22.033,22.018,22.018,22.018,22.025,22.033,22.033,22.048,22.063,22.071,22.094,22.109,22.140,22.163,22.170,22.186,22.209,22.247,22.270,22.292,22.323,22.361,22.384,22.414,22.445,22.475,22.513,22.551,22.582,22.597,22.604,22.627,22.665,22.696,22.726,22.764,22.794,22.817,22.855,22.893,22.915,22.931,22.953,22.991,23.037,23.089,23.188,23.354,23.587,23.895,24.330,24.866,25.525,26.356,27.195,27.862,28.294,28.488,28.754,29.054,29.389,29.695,29.929,30.190,30.508,30.845,31.147,31.336,31.399,31.427,31.538,31.650,31.685,31.483,31.210,31.021,30.937,30.902,30.817,30.712,30.599,30.564,30.557,30.543,30.536,30.522,30.529,30.543,30.564,30.564,30.557,30.557,30.550,30.550,30.550,30.522,30.487,30.466,30.451,30.437,30.416,30.381,30.353,30.332,30.324,30.310,30.289,30.275,30.275,30.289,30.310,30.324,30.332,30.324,30.317,30.310,30.317,30.346,30.360,30.381,30.402,30.430,30.473,30.515,30.536,30.550,30.571,30.592,30.613,30.620,30.627,30.635,30.642,30.663,30.656,30.677,30.726,30.831,30.873,30.902,30.965,31.252,31.657,32.005,32.234,32.248,32.255,32.269,32.276,32.206,32.047,31.998,32.067,32.067,32.012,31.796,31.420,31.007,30.642,30.317,30.049,29.780,29.510,29.225,28.940,28.603,28.273,27.884,27.413,26.853,26.217,25.584,24.985,24.427,24.008,23.670,23.384,23.135,23.021,22.946,22.893,22.832,22.764,22.711,22.665,22.650,22.635,22.635,22.642,22.658,22.627,22.604,22.582,22.551,22.544,22.536,22.528,22.521,22.521,22.528,22.544,22.551,22.574,22.589,22.604,22.612,22.612,22.612,22.612,22.620,22.627,22.635,22.642,22.635,22.635,22.627,22.620,22.620,22.620,22.620,22.627,22.627,22.635,22.642,22.642,22.642,22.627,22.620,22.612,22.620,22.627,22.627,22.620,22.612,22.597,22.574,22.551,22.528,22.506,22.483,22.468,22.445,22.437,22.422,22.407,22.384,22.361,22.330,22.308,22.292,22.285,22.277,22.262,22.247,22.231,22.216,22.201,22.186,22.170,22.147,22.132,22.117,22.109,22.094,22.079,22.063,22.056,22.041,22.025,22.010,21.995,21.979,21.964,21.941,21.934,21.918,21.911,21.888,21.880,21.865,21.849,21.842,21.834,21.826,21.811,21.796,21.780,21.773,21.757,21.750,21.742,21.734,21.727,21.719,21.719,21.704,21.688,21.681,21.665,21.650,21.627,21.612,21.596,21.581,21.566,21.550,21.543,21.535,21.520,21.504,21.497,21.481,21.474,21.458,21.443,21.435,21.427,21.420,21.420,21.420,21.412,21.397,21.381,21.374,21.351,21.343,21.343,21.335,21.320,21.297,21.281,21.258,21.235,21.212,21.197,21.173,21.158,21.150,21.143,21.143,21.127,21.119,21.104,21.096,21.073,21.042,21.019,20.996,20.965,20.942,20.934,20.919,20.896,20.880,20.865,20.849,20.826,20.818,20.811,20.803,20.795,20.780,20.772,20.772,20.764,20.756,20.749,20.749,20.756,20.780,20.811,20.834,20.849,20.841,20.818,20.811,20.818,20.865,20.911,20.950,20.973,20.950,20.903,20.865,20.841,20.865,20.896,20.926,20.942,20.942,20.934,20.926,20.934,20.942,20.957,20.973,20.988,20.996,21.004,21.011,21.011,21.019,21.011,21.019,21.019,21.027,21.042,21.058,21.073,21.081,21.089,21.096,21.104,21.119,21.127,21.135,21.150,21.166,21.173,21.189,21.204,21.227,21.243,21.258,21.281,21.289,21.297,21.304,21.320,21.343,21.366,21.381,21.404,21.427,21.435,21.443,21.450,21.450,21.450
,23.006,22.991,22.961,22.915,22.870,22.824,22.802,22.787,22.779,22.756,22.733,22.726,22.703,22.673,22.642,22.620,22.589,22.559,22.528,22.506,22.483,22.452,22.429,22.422,22.399,22.376,22.338,22.308,22.277,22.247,22.209,22.193,22.170,22.147,22.125,22.086,22.056,22.025,22.025,22.025,22.018,22.010,22.002,21.995,21.995,22.002,22.010,22.018,22.033,22.048,22.063,22.071,22.094,22.117,22.140,22.155,22.178,22.201,22.231,22.254,22.285,22.315,22.346,22.376,22.407,22.437,22.468,22.498,22.536,22.574,22.589,22.589,22.604,22.642,22.680,22.718,22.749,22.771,22.794,22.840,22.870,22.893,22.915,22.946,22.976,23.014,23.059,23.150,23.286,23.467,23.768,24.173,24.665,25.259,26.041,26.853,27.551,28.086,28.373,28.682,29.011,29.360,29.673,29.900,30.134,30.388,30.705,31.035,31.238,31.315,31.315,31.413,31.531,31.608,31.483,31.252,31.098,31.028,30.986,30.909,30.803,30.691,30.649,30.620,30.599,30.578,30.557,30.550,30.550,30.564,30.564,30.557,30.550,30.550,30.557,30.557,30.536,30.508,30.487,30.466,30.451,30.437,30.409,30.381,30.360,30.346,30.324,30.296,30.282,30.275,30.303,30.324,30.339,30.346,30.339,30.332,30.324,30.339,30.360,30.381,30.402,30.423,30.458,30.501,30.536,30.557,30.571,30.592,30.613,30.635,30.649,30.656,30.663,30.677,30.691,30.698,30.726,30.789,30.909,30.993,31.063,31.147,31.357,31.629,31.831,31.915,31.824,31.768,31.755,31.761,31.748,31.685,31.692,31.775,31.796,31.782,31.601,31.259,30.881,30.536,30.233,29.964,29.688,29.410,29.132,28.825,28.467,28.107,27.688,27.188,26.605,25.967,25.333,24.747,24.240,23.865,23.550,23.286,23.074,22.984,22.923,22.870,22.794,22.741,22.696,22.665,22.650,22.642,22.635,22.635,22.642,22.620,22.597,22.574,22.544,22.528,22.513,22.506,22.506,22.506,22.513,22.528,22.536,22.551,22.566,22.582,22.589,22.589,22.589,22.589,22.597,22.604,22.612,22.620,22.612,22.612,22.612,22.612,22.612,22.612,22.612,22.620,22.627,22.635,22.635,22.642,22.635,22.627,22.612,22.604,22.612,22.612,22.612,22.604,22.597,22.589,22.574,22.551,22.528,22.498,22.475,22.452,22.437,22.437,22.429,22.407,22.384,22.361,22.338,22.308,22.292,22.285,22.277,22.262,22.247,22.231,22.216,22.201,22.186,22.163,22.147,22.132,22.125,22.109,22.102,22.086,22.071,22.056,22.041,22.025,22.010,21.987,21.972,21.956,21.941,21.926,21.911,21.895,21.880,21.872,21.857,21.849,21.834,21.826,21.811,21.796,21.780,21.765,21.757,21.742,21.734,21.727,21.719,21.711,21.704,21.696,21.688,21.673,21.658,21.642,21.627,21.612,21.589,21.581,21.566,21.550,21.527,21.520,21.512,21.497,21.481,21.474,21.466,21.458,21.435,21.427,21.412,21.412,21.404,21.404,21.397,21.381,21.374,21.358,21.343,21.335,21.327,21.320,21.312,21.297,21.274,21.258,21.243,21.220,21.197,21.173,21.158,21.143,21.135,21.135,21.127,21.112,21.104,21.096,21.081,21.058,21.035,21.011,20.988,20.957,20.934,20.926,20.911,20.896,20.872,20.857,20.841,20.826,20.811,20.811,20.803,20.787,20.772,20.764,20.756,20.749,20.741,20.733,20.733,20.741,20.764,20.787,20.811,20.826,20.818,20.795,20.787,20.795,20.841,20.896,20.942,20.965,20.934,20.880,20.834,20.811,20.834,20.872,20.911,20.926,20.926,20.919,20.911,20.919,20.926,20.942,20.957,20.973,20.981,20.988,20.996,21.004,21.011,21.004,21.004,21.011,21.019,21.027,21.042,21.058,21.073,21.081,21.089,21.096,21.112,21.119,21.127,21.143,21.158,21.173,21.189,21.204,21.227,21.235,21.250,21.266,21.281,21.297,21.304,21.320,21.343,21.358,21.374,21.389,21.412,21.420,21.427,21.427,21.427,21.427
,22.991,22.968,22.938,22.893,22.847,22.802,22.779,22.771,22.756,22.741,22.718,22.711,22.688,22.658,22.635,22.604,22.582,22.551,22.521,22.498,22.468,22.445,22.422,22.407,22.384,22.353,22.330,22.292,22.254,22.231,22.201,22.178,22.163,22.140,22.117,22.079,22.041,22.010,22.010,22.010,22.002,21.995,21.979,21.979,21.979,21.979,21.987,21.995,22.018,22.033,22.048,22.056,22.071,22.094,22.117,22.140,22.163,22.186,22.216,22.247,22.277,22.308,22.338,22.361,22.399,22.429,22.460,22.490,22.528,22.566,22.589,22.582,22.589,22.620,22.673,22.703,22.726,22.741,22.779,22.817,22.847,22.870,22.908,22.931,22.953,22.976,23.052,23.127,23.210,23.324,23.632,24.008,24.449,24.985,25.702,26.466,27.188,27.826,28.208,28.574,28.940,29.311,29.645,29.879,30.077,30.289,30.585,30.930,31.161,31.245,31.210,31.294,31.420,31.531,31.469,31.294,31.161,31.105,31.070,30.993,30.895,30.782,30.719,30.677,30.642,30.613,30.578,30.564,30.557,30.557,30.557,30.550,30.550,30.550,30.571,30.571,30.557,30.522,30.501,30.487,30.466,30.444,30.423,30.402,30.381,30.360,30.339,30.310,30.282,30.275,30.317,30.346,30.360,30.367,30.360,30.353,30.346,30.360,30.381,30.402,30.423,30.451,30.480,30.522,30.550,30.564,30.578,30.606,30.635,30.656,30.670,30.677,30.691,30.698,30.712,30.733,30.775,30.852,30.979,31.098,31.203,31.294,31.413,31.573,31.657,31.629,31.448,31.343,31.294,31.301,31.343,31.371,31.427,31.504,31.545,31.552,31.406,31.105,30.761,30.444,30.148,29.872,29.588,29.311,29.018,28.689,28.301,27.905,27.457,26.941,26.349,25.717,25.104,24.539,24.105,23.753,23.452,23.203,23.044,22.953,22.885,22.824,22.764,22.703,22.665,22.658,22.635,22.627,22.620,22.620,22.627,22.612,22.589,22.559,22.528,22.506,22.498,22.490,22.483,22.490,22.498,22.506,22.521,22.536,22.551,22.559,22.566,22.559,22.559,22.559,22.566,22.574,22.582,22.589,22.597,22.597,22.597,22.597,22.604,22.604,22.604,22.612,22.620,22.627,22.627,22.627,22.627,22.620,22.612,22.597,22.597,22.597,22.597,22.589,22.582,22.582,22.566,22.551,22.521,22.490,22.460,22.437,22.429,22.429,22.429,22.414,22.384,22.361,22.338,22.308,22.300,22.285,22.277,22.262,22.247,22.231,22.216,22.193,22.178,22.163,22.147,22.132,22.125,22.109,22.102,22.086,22.071,22.056,22.041,22.018,22.002,21.987,21.964,21.949,21.934,21.918,21.903,21.888,21.872,21.865,21.849,21.842,21.826,21.811,21.796,21.780,21.765,21.750,21.734,21.727,21.711,21.704,21.696,21.688,21.681,21.673,21.665,21.658,21.635,21.619,21.604,21.589,21.566,21.558,21.543,21.527,21.504,21.497,21.489,21.474,21.458,21.450,21.443,21.435,21.412,21.404,21.389,21.381,21.374,21.374,21.366,21.358,21.343,21.327,21.312,21.304,21.297,21.289,21.281,21.274,21.250,21.235,21.220,21.197,21.173,21.150,21.135,21.127,21.112,21.112,21.104,21.096,21.081,21.073,21.058,21.042,21.019,20.996,20.973,20.950,20.926,20.919,20.903,20.888,20.865,20.849,20.834,20.818,20.811,20.803,20.795,20.787,20.772,20.756,20.749,20.733,20.725,20.718,20.718,20.725,20.741,20.764,20.795,20.811,20.795,20.772,20.756,20.772,20.818,20.880,20.926,20.942,20.911,20.849,20.803,20.787,20.811,20.849,20.888,20.911,20.911,20.903,20.896,20.896,20.911,20.926,20.942,20.957,20.973,20.981,20.988,20.996,20.996,20.996,20.996,21.004,21.004,21.019,21.035,21.050,21.058,21.073,21.081,21.096,21.104,21.112,21.119,21.135,21.150,21.173,21.189,21.204,21.220,21.235,21.243,21.258,21.274,21.289,21.304,21.320,21.335,21.343,21.358,21.374,21.397,21.412,21.412,21.420,21.420,21.420
,22.961,22.946,22.923,22.893,22.847,22.809,22.779,22.764,22.741,22.718,22.696,22.673,22.658,22.635,22.604,22.582,22.559,22.528,22.506,22.475,22.452,22.422,22.399,22.391,22.369,22.338,22.308,22.277,22.247,22.216,22.193,22.170,22.147,22.125,22.094,22.063,22.033,22.010,22.002,21.995,21.987,21.979,21.964,21.956,21.956,21.964,21.972,21.979,21.995,22.018,22.033,22.033,22.048,22.071,22.102,22.125,22.140,22.155,22.193,22.231,22.262,22.292,22.323,22.353,22.391,22.414,22.445,22.483,22.521,22.559,22.582,22.582,22.589,22.612,22.642,22.673,22.703,22.733,22.756,22.779,22.824,22.870,22.900,22.908,22.931,22.991,23.044,23.067,23.127,23.271,23.535,23.843,24.225,24.717,25.355,26.100,26.846,27.529,27.999,28.424,28.832,29.225,29.602,29.865,30.063,30.247,30.508,30.859,31.105,31.196,31.147,31.210,31.329,31.462,31.441,31.315,31.203,31.140,31.105,31.042,30.958,30.852,30.782,30.733,30.698,30.663,30.620,30.599,30.585,30.578,30.571,30.571,30.564,30.571,30.585,30.585,30.564,30.543,30.522,30.501,30.487,30.458,30.423,30.409,30.388,30.374,30.353,30.324,30.303,30.296,30.346,30.374,30.388,30.395,30.374,30.367,30.367,30.381,30.402,30.423,30.451,30.473,30.501,30.529,30.550,30.564,30.585,30.613,30.642,30.670,30.684,30.691,30.698,30.712,30.733,30.754,30.803,30.895,31.042,31.175,31.294,31.392,31.490,31.587,31.601,31.504,31.280,31.147,31.091,31.105,31.168,31.224,31.301,31.371,31.399,31.413,31.294,31.028,30.698,30.395,30.106,29.815,29.510,29.204,28.882,28.517,28.129,27.688,27.203,26.678,26.100,25.481,24.896,24.374,23.970,23.632,23.354,23.150,23.021,22.938,22.870,22.809,22.741,22.688,22.650,22.642,22.627,22.597,22.582,22.582,22.604,22.612,22.589,22.551,22.513,22.498,22.483,22.475,22.468,22.475,22.483,22.490,22.498,22.513,22.528,22.536,22.536,22.536,22.536,22.536,22.544,22.551,22.566,22.574,22.582,22.582,22.582,22.589,22.597,22.597,22.597,22.597,22.612,22.612,22.620,22.627,22.620,22.612,22.604,22.597,22.597,22.597,22.589,22.582,22.582,22.582,22.574,22.559,22.521,22.490,22.452,22.429,22.422,22.422,22.422,22.414,22.391,22.361,22.338,22.315,22.292,22.285,22.270,22.254,22.239,22.224,22.209,22.193,22.178,22.163,22.147,22.132,22.117,22.109,22.094,22.079,22.063,22.048,22.033,22.018,21.995,21.979,21.964,21.941,21.926,21.911,21.903,21.880,21.865,21.849,21.842,21.826,21.803,21.796,21.780,21.765,21.742,21.734,21.719,21.711,21.688,21.681,21.673,21.665,21.650,21.650,21.642,21.635,21.612,21.596,21.581,21.566,21.543,21.535,21.520,21.504,21.481,21.474,21.458,21.450,21.435,21.427,21.420,21.404,21.389,21.374,21.358,21.343,21.335,21.335,21.335,21.320,21.312,21.289,21.274,21.258,21.258,21.258,21.250,21.243,21.227,21.212,21.197,21.173,21.150,21.127,21.112,21.096,21.081,21.081,21.081,21.073,21.058,21.050,21.042,21.019,20.996,20.973,20.950,20.926,20.911,20.903,20.888,20.865,20.849,20.841,20.826,20.811,20.803,20.795,20.787,20.780,20.764,20.749,20.741,20.725,20.710,20.702,20.702,20.710,20.725,20.749,20.772,20.787,20.772,20.749,20.741,20.749,20.795,20.857,20.903,20.919,20.888,20.834,20.787,20.764,20.787,20.826,20.865,20.888,20.896,20.888,20.880,20.880,20.896,20.911,20.926,20.942,20.957,20.965,20.981,20.988,20.996,20.996,20.996,20.996,21.004,21.011,21.027,21.042,21.050,21.065,21.073,21.089,21.096,21.112,21.119,21.135,21.158,21.173,21.197,21.212,21.220,21.227,21.235,21.243,21.258,21.281,21.297,21.312,21.320,21.327,21.335,21.351,21.374,21.397,21.412,21.420,21.427,21.427
,22.938,22.931,22.923,22.900,22.862,22.824,22.794,22.764,22.733,22.696,22.665,22.650,22.627,22.604,22.574,22.559,22.536,22.513,22.483,22.460,22.437,22.414,22.391,22.376,22.353,22.323,22.285,22.254,22.231,22.201,22.178,22.155,22.132,22.109,22.079,22.048,22.025,22.010,21.995,21.987,21.979,21.972,21.956,21.949,21.949,21.949,21.956,21.972,21.987,22.002,22.010,22.010,22.010,22.033,22.086,22.109,22.125,22.140,22.178,22.216,22.247,22.277,22.308,22.338,22.376,22.399,22.429,22.460,22.498,22.544,22.574,22.559,22.566,22.582,22.620,22.658,22.688,22.718,22.726,22.764,22.809,22.855,22.870,22.900,22.946,22.991,23.014,23.044,23.112,23.218,23.414,23.685,24.038,24.479,25.052,25.783,26.539,27.261,27.804,28.273,28.718,29.147,29.560,29.851,30.063,30.226,30.458,30.810,31.063,31.161,31.084,31.140,31.266,31.406,31.413,31.308,31.203,31.140,31.112,31.056,30.979,30.895,30.831,30.782,30.747,30.712,30.677,30.649,30.627,30.613,30.606,30.592,30.585,30.585,30.599,30.592,30.578,30.564,30.543,30.522,30.508,30.480,30.444,30.416,30.402,30.388,30.367,30.339,30.324,30.324,30.374,30.395,30.409,30.402,30.388,30.388,30.388,30.402,30.423,30.451,30.473,30.487,30.508,30.529,30.550,30.564,30.592,30.620,30.649,30.677,30.691,30.698,30.712,30.726,30.747,30.775,30.831,30.923,31.077,31.224,31.350,31.448,31.531,31.587,31.552,31.427,31.196,31.077,31.028,31.049,31.126,31.203,31.259,31.301,31.308,31.308,31.196,30.958,30.649,30.360,30.063,29.758,29.439,29.125,28.768,28.373,27.963,27.493,26.977,26.422,25.835,25.237,24.688,24.210,23.813,23.512,23.263,23.074,22.976,22.915,22.855,22.787,22.726,22.680,22.650,22.642,22.627,22.589,22.559,22.551,22.597,22.604,22.582,22.551,22.513,22.490,22.475,22.460,22.452,22.460,22.468,22.475,22.490,22.498,22.513,22.521,22.521,22.521,22.521,22.521,22.528,22.544,22.551,22.559,22.566,22.574,22.574,22.582,22.589,22.589,22.589,22.589,22.597,22.604,22.612,22.612,22.612,22.612,22.604,22.597,22.597,22.589,22.582,22.582,22.582,22.582,22.574,22.559,22.521,22.483,22.452,22.422,22.414,22.422,22.422,22.414,22.391,22.369,22.338,22.315,22.292,22.277,22.270,22.254,22.231,22.224,22.209,22.193,22.178,22.163,22.147,22.132,22.117,22.109,22.094,22.079,22.063,22.048,22.033,22.018,21.995,21.979,21.964,21.941,21.918,21.911,21.895,21.880,21.857,21.849,21.834,21.811,21.796,21.780,21.765,21.742,21.734,21.719,21.711,21.704,21.681,21.673,21.665,21.650,21.642,21.635,21.627,21.612,21.596,21.581,21.566,21.550,21.527,21.512,21.504,21.481,21.466,21.450,21.443,21.427,21.420,21.412,21.404,21.381,21.366,21.351,21.335,21.320,21.312,21.312,21.304,21.297,21.281,21.266,21.243,21.235,21.227,21.235,21.227,21.220,21.212,21.197,21.181,21.158,21.135,21.112,21.089,21.073,21.065,21.065,21.058,21.050,21.042,21.035,21.027,21.011,20.988,20.965,20.942,20.919,20.903,20.888,20.872,20.865,20.841,20.834,20.818,20.811,20.803,20.795,20.787,20.780,20.764,20.749,20.741,20.725,20.710,20.710,20.702,20.710,20.725,20.741,20.756,20.764,20.756,20.741,20.733,20.741,20.780,20.841,20.880,20.896,20.872,20.818,20.780,20.756,20.772,20.811,20.849,20.872,20.880,20.872,20.872,20.880,20.896,20.903,20.919,20.934,20.957,20.965,20.973,20.988,20.988,20.996,20.996,20.996,21.011,21.019,21.027,21.042,21.050,21.065,21.073,21.089,21.104,21.112,21.127,21.143,21.166,21.189,21.204,21.220,21.227,21.227,21.227,21.235,21.258,21.274,21.297,21.312,21.312,21.312,21.312,21.327,21.366,21.397,21.420,21.443,21.443,21.443
,22.915,22.915,22.915,22.893,22.870,22.832,22.802,22.764,22.726,22.680,22.642,22.620,22.597,22.574,22.551,22.536,22.521,22.498,22.468,22.445,22.422,22.399,22.376,22.361,22.330,22.292,22.262,22.231,22.209,22.186,22.163,22.140,22.117,22.086,22.063,22.041,22.018,21.995,21.979,21.979,21.972,21.964,21.949,21.941,21.941,21.941,21.949,21.956,21.972,21.995,22.002,21.995,21.995,22.018,22.079,22.102,22.117,22.132,22.178,22.216,22.247,22.262,22.292,22.330,22.361,22.384,22.414,22.445,22.483,22.521,22.559,22.551,22.551,22.574,22.604,22.642,22.673,22.703,22.718,22.749,22.787,22.824,22.862,22.900,22.931,22.961,22.991,23.037,23.082,23.142,23.293,23.550,23.865,24.232,24.762,25.488,26.246,26.992,27.594,28.100,28.574,29.040,29.489,29.815,30.049,30.212,30.423,30.775,31.042,31.140,31.042,31.105,31.231,31.371,31.392,31.301,31.210,31.140,31.112,31.063,31.000,30.937,30.881,30.838,30.796,30.761,30.726,30.698,30.670,30.656,30.642,30.620,30.613,30.606,30.606,30.599,30.592,30.578,30.564,30.550,30.529,30.501,30.466,30.437,30.416,30.402,30.388,30.360,30.346,30.346,30.395,30.409,30.416,30.409,30.395,30.395,30.409,30.423,30.451,30.473,30.480,30.494,30.508,30.529,30.550,30.571,30.599,30.627,30.656,30.684,30.698,30.705,30.726,30.747,30.768,30.803,30.866,30.958,31.105,31.266,31.399,31.497,31.545,31.545,31.476,31.343,31.140,31.042,31.021,31.049,31.140,31.210,31.252,31.259,31.231,31.210,31.105,30.888,30.606,30.317,30.021,29.709,29.368,29.040,28.668,28.244,27.804,27.312,26.766,26.180,25.599,25.015,24.494,24.038,23.678,23.407,23.180,23.014,22.938,22.893,22.840,22.756,22.703,22.673,22.650,22.635,22.612,22.574,22.551,22.551,22.597,22.604,22.582,22.544,22.506,22.483,22.468,22.452,22.445,22.445,22.460,22.468,22.475,22.490,22.498,22.506,22.506,22.506,22.506,22.513,22.521,22.528,22.544,22.551,22.559,22.559,22.566,22.574,22.574,22.582,22.582,22.582,22.589,22.589,22.597,22.604,22.604,22.604,22.604,22.597,22.597,22.589,22.582,22.574,22.574,22.574,22.566,22.551,22.521,22.483,22.445,22.414,22.407,22.414,22.422,22.414,22.391,22.369,22.346,22.315,22.292,22.277,22.262,22.239,22.224,22.224,22.209,22.193,22.178,22.163,22.140,22.125,22.109,22.109,22.094,22.079,22.063,22.048,22.033,22.018,21.995,21.979,21.964,21.941,21.918,21.903,21.888,21.872,21.857,21.842,21.826,21.803,21.780,21.765,21.750,21.734,21.719,21.711,21.704,21.688,21.673,21.658,21.650,21.635,21.627,21.619,21.604,21.596,21.581,21.566,21.550,21.535,21.512,21.497,21.481,21.466,21.443,21.435,21.420,21.412,21.397,21.389,21.381,21.366,21.343,21.327,21.312,21.297,21.289,21.289,21.281,21.274,21.258,21.235,21.220,21.204,21.204,21.204,21.204,21.197,21.189,21.181,21.166,21.143,21.119,21.096,21.073,21.050,21.042,21.042,21.042,21.035,21.027,21.019,21.011,20.996,20.973,20.957,20.934,20.911,20.888,20.880,20.865,20.849,20.834,20.826,20.811,20.803,20.795,20.795,20.787,20.780,20.764,20.749,20.741,20.725,20.718,20.710,20.710,20.710,20.718,20.733,20.749,20.756,20.749,20.733,20.725,20.733,20.772,20.818,20.857,20.872,20.849,20.811,20.772,20.756,20.772,20.803,20.834,20.857,20.865,20.865,20.865,20.872,20.880,20.896,20.911,20.926,20.942,20.957,20.973,20.981,20.988,20.996,20.996,21.004,21.011,21.019,21.027,21.042,21.050,21.065,21.073,21.089,21.104,21.119,21.135,21.150,21.173,21.197,21.212,21.227,21.227,21.227,21.227,21.235,21.250,21.274,21.289,21.304,21.304,21.297,21.297,21.312,21.351,21.389,21.427,21.450,21.458,21.458
,22.900,22.900,22.893,22.878,22.855,22.824,22.787,22.749,22.711,22.673,22.627,22.604,22.582,22.551,22.536,22.521,22.506,22.483,22.460,22.445,22.422,22.391,22.369,22.346,22.308,22.270,22.239,22.209,22.186,22.170,22.147,22.125,22.094,22.071,22.048,22.025,22.010,21.987,21.979,21.972,21.964,21.949,21.941,21.934,21.926,21.926,21.934,21.949,21.964,21.987,21.987,21.979,21.987,22.025,22.079,22.102,22.117,22.140,22.186,22.224,22.247,22.247,22.285,22.323,22.353,22.376,22.399,22.429,22.460,22.498,22.536,22.544,22.559,22.582,22.597,22.627,22.665,22.688,22.718,22.733,22.756,22.794,22.862,22.893,22.908,22.923,22.984,23.021,23.044,23.059,23.195,23.437,23.693,23.993,24.501,25.200,25.945,26.686,27.341,27.884,28.402,28.911,29.382,29.751,30.014,30.190,30.402,30.761,31.035,31.140,31.028,31.098,31.224,31.357,31.378,31.301,31.217,31.154,31.119,31.077,31.021,30.972,30.930,30.888,30.838,30.803,30.768,30.740,30.712,30.691,30.677,30.656,30.642,30.635,30.620,30.613,30.599,30.599,30.585,30.571,30.550,30.522,30.494,30.458,30.437,30.416,30.402,30.388,30.367,30.367,30.416,30.423,30.423,30.416,30.395,30.409,30.430,30.451,30.473,30.487,30.494,30.501,30.515,30.536,30.557,30.585,30.613,30.642,30.663,30.684,30.698,30.719,30.740,30.768,30.803,30.838,30.902,30.993,31.140,31.322,31.455,31.531,31.524,31.476,31.378,31.252,31.105,31.042,31.042,31.091,31.182,31.245,31.259,31.224,31.161,31.119,31.007,30.810,30.550,30.268,29.964,29.638,29.296,28.954,28.567,28.129,27.667,27.137,26.569,25.967,25.392,24.821,24.315,23.888,23.580,23.316,23.112,22.976,22.915,22.870,22.809,22.733,22.680,22.658,22.642,22.627,22.597,22.559,22.544,22.559,22.604,22.604,22.574,22.528,22.498,22.475,22.460,22.445,22.437,22.437,22.445,22.452,22.460,22.468,22.483,22.490,22.490,22.490,22.490,22.498,22.506,22.513,22.528,22.536,22.544,22.551,22.559,22.559,22.559,22.566,22.566,22.566,22.574,22.582,22.589,22.589,22.589,22.597,22.597,22.589,22.582,22.582,22.566,22.559,22.559,22.566,22.566,22.551,22.513,22.475,22.437,22.407,22.407,22.414,22.414,22.407,22.384,22.369,22.346,22.315,22.292,22.277,22.254,22.231,22.224,22.216,22.209,22.193,22.178,22.163,22.140,22.125,22.109,22.102,22.086,22.071,22.063,22.048,22.033,22.018,21.995,21.979,21.956,21.934,21.918,21.903,21.888,21.865,21.849,21.834,21.811,21.796,21.773,21.757,21.742,21.719,21.711,21.704,21.688,21.673,21.658,21.642,21.627,21.619,21.604,21.596,21.589,21.573,21.558,21.550,21.535,21.512,21.489,21.474,21.458,21.443,21.420,21.412,21.404,21.389,21.374,21.366,21.358,21.335,21.312,21.297,21.281,21.266,21.258,21.258,21.258,21.250,21.227,21.204,21.189,21.173,21.173,21.173,21.173,21.173,21.158,21.150,21.143,21.127,21.104,21.073,21.050,21.027,21.019,21.019,21.019,21.011,21.004,21.004,20.988,20.981,20.965,20.942,20.926,20.903,20.880,20.872,20.857,20.841,20.826,20.818,20.811,20.795,20.795,20.787,20.780,20.772,20.764,20.749,20.741,20.725,20.718,20.710,20.710,20.710,20.710,20.725,20.741,20.741,20.741,20.725,20.718,20.725,20.756,20.795,20.826,20.841,20.818,20.787,20.764,20.756,20.764,20.787,20.818,20.834,20.841,20.841,20.841,20.849,20.872,20.880,20.896,20.919,20.934,20.950,20.965,20.973,20.988,20.988,20.996,21.004,21.011,21.019,21.027,21.042,21.050,21.058,21.073,21.089,21.104,21.119,21.135,21.158,21.181,21.197,21.212,21.220,21.227,21.220,21.220,21.227,21.243,21.266,21.281,21.289,21.289,21.281,21.281,21.289,21.335,21.381,21.420,21.450,21.458,21.458
,22.900,22.893,22.870,22.847,22.809,22.771,22.749,22.733,22.703,22.673,22.635,22.604,22.582,22.551,22.528,22.513,22.498,22.475,22.452,22.437,22.422,22.391,22.369,22.346,22.308,22.254,22.224,22.193,22.178,22.155,22.125,22.109,22.086,22.056,22.025,22.018,22.002,21.979,21.964,21.956,21.949,21.941,21.926,21.918,21.918,21.926,21.926,21.941,21.956,21.979,21.987,21.979,21.995,22.033,22.094,22.109,22.117,22.140,22.216,22.239,22.247,22.239,22.270,22.315,22.353,22.369,22.384,22.399,22.429,22.468,22.506,22.528,22.551,22.574,22.574,22.604,22.642,22.680,22.696,22.703,22.733,22.787,22.840,22.855,22.885,22.946,22.984,22.976,22.999,23.067,23.180,23.324,23.535,23.843,24.307,24.918,25.592,26.305,26.977,27.573,28.150,28.718,29.239,29.666,29.964,30.162,30.388,30.768,31.049,31.161,31.049,31.140,31.273,31.392,31.399,31.329,31.252,31.196,31.147,31.098,31.049,31.000,30.958,30.916,30.881,30.845,30.803,30.775,30.747,30.719,30.698,30.684,30.663,30.642,30.635,30.620,30.613,30.606,30.599,30.585,30.571,30.550,30.522,30.494,30.466,30.444,30.423,30.409,30.388,30.388,30.423,30.416,30.402,30.402,30.416,30.437,30.458,30.473,30.494,30.501,30.508,30.515,30.522,30.543,30.571,30.606,30.627,30.656,30.677,30.698,30.712,30.740,30.768,30.810,30.845,30.888,30.951,31.056,31.203,31.371,31.490,31.531,31.510,31.434,31.336,31.231,31.119,31.098,31.119,31.175,31.259,31.287,31.266,31.196,31.105,31.042,30.923,30.733,30.473,30.197,29.886,29.545,29.211,28.832,28.431,27.992,27.500,26.941,26.371,25.798,25.207,24.658,24.188,23.798,23.497,23.248,23.082,22.984,22.908,22.847,22.787,22.726,22.673,22.650,22.635,22.627,22.589,22.551,22.536,22.559,22.604,22.597,22.566,22.521,22.483,22.460,22.452,22.437,22.429,22.429,22.437,22.445,22.452,22.452,22.468,22.475,22.483,22.475,22.475,22.483,22.498,22.498,22.513,22.521,22.528,22.536,22.536,22.544,22.551,22.551,22.559,22.559,22.566,22.566,22.566,22.574,22.582,22.582,22.582,22.582,22.574,22.566,22.551,22.544,22.551,22.551,22.551,22.536,22.506,22.468,22.437,22.407,22.407,22.407,22.407,22.399,22.384,22.361,22.338,22.315,22.292,22.277,22.254,22.231,22.216,22.216,22.209,22.193,22.170,22.155,22.140,22.117,22.109,22.102,22.086,22.071,22.056,22.048,22.033,22.010,21.987,21.972,21.949,21.926,21.911,21.895,21.880,21.857,21.842,21.826,21.803,21.780,21.765,21.750,21.734,21.711,21.696,21.688,21.673,21.658,21.642,21.635,21.619,21.604,21.589,21.581,21.566,21.558,21.535,21.527,21.512,21.489,21.466,21.450,21.435,21.420,21.397,21.389,21.374,21.366,21.343,21.343,21.327,21.312,21.289,21.266,21.250,21.235,21.227,21.227,21.227,21.220,21.204,21.181,21.158,21.150,21.143,21.143,21.143,21.135,21.135,21.127,21.119,21.104,21.081,21.050,21.027,21.011,20.996,21.004,21.004,20.996,20.988,20.981,20.973,20.965,20.942,20.926,20.911,20.888,20.872,20.857,20.849,20.834,20.818,20.811,20.803,20.795,20.787,20.780,20.772,20.764,20.756,20.749,20.741,20.733,20.725,20.718,20.710,20.710,20.710,20.725,20.733,20.741,20.733,20.718,20.718,20.718,20.741,20.772,20.795,20.803,20.795,20.772,20.756,20.749,20.756,20.780,20.803,20.811,20.818,20.818,20.818,20.826,20.849,20.857,20.872,20.896,20.919,20.934,20.950,20.957,20.973,20.973,20.981,20.988,21.004,21.011,21.019,21.035,21.042,21.050,21.065,21.081,21.096,21.112,21.127,21.143,21.166,21.181,21.197,21.204,21.212,21.204,21.204,21.204,21.227,21.243,21.258,21.274,21.274,21.266,21.266,21.281,21.320,21.366,21.404,21.427,21.443,21.443
,22.908,22.893,22.855,22.809,22.756,22.711,22.703,22.703,22.703,22.680,22.650,22.620,22.589,22.559,22.536,22.521,22.506,22.483,22.460,22.445,22.422,22.399,22.376,22.353,22.315,22.277,22.239,22.216,22.193,22.170,22.132,22.109,22.086,22.056,22.033,22.010,21.995,21.979,21.956,21.949,21.941,21.934,21.918,21.918,21.918,21.918,21.918,21.934,21.956,21.979,21.987,21.979,21.987,22.025,22.079,22.102,22.109,22.132,22.201,22.239,22.247,22.231,22.262,22.315,22.353,22.369,22.384,22.391,22.414,22.452,22.490,22.521,22.536,22.551,22.566,22.597,22.627,22.665,22.680,22.688,22.711,22.756,22.802,22.847,22.893,22.931,22.938,22.961,23.006,23.059,23.097,23.218,23.422,23.708,24.068,24.606,25.230,25.916,26.591,27.232,27.862,28.488,29.082,29.574,29.914,30.134,30.388,30.782,31.077,31.196,31.084,31.189,31.322,31.427,31.427,31.364,31.301,31.252,31.189,31.133,31.084,31.035,30.993,30.951,30.909,30.881,30.845,30.810,30.782,30.754,30.726,30.705,30.691,30.670,30.649,30.642,30.627,30.620,30.613,30.599,30.585,30.571,30.543,30.522,30.494,30.480,30.458,30.430,30.416,30.409,30.444,30.430,30.416,30.416,30.437,30.466,30.487,30.494,30.508,30.508,30.522,30.529,30.543,30.564,30.592,30.620,30.642,30.663,30.684,30.712,30.733,30.768,30.803,30.845,30.881,30.923,30.993,31.091,31.231,31.385,31.497,31.531,31.504,31.434,31.357,31.273,31.196,31.189,31.217,31.266,31.329,31.336,31.280,31.182,31.070,30.993,30.866,30.684,30.437,30.162,29.836,29.481,29.125,28.725,28.287,27.819,27.312,26.729,26.151,25.584,24.992,24.486,24.045,23.678,23.392,23.173,23.029,22.946,22.885,22.817,22.756,22.703,22.665,22.642,22.627,22.620,22.589,22.551,22.536,22.551,22.597,22.589,22.551,22.506,22.475,22.460,22.445,22.429,22.429,22.429,22.429,22.437,22.445,22.452,22.460,22.468,22.475,22.475,22.475,22.475,22.490,22.498,22.498,22.506,22.513,22.521,22.528,22.528,22.536,22.544,22.544,22.551,22.559,22.559,22.559,22.559,22.566,22.566,22.566,22.566,22.559,22.551,22.544,22.528,22.536,22.544,22.544,22.528,22.498,22.468,22.437,22.407,22.407,22.407,22.407,22.399,22.376,22.361,22.338,22.308,22.285,22.270,22.254,22.231,22.216,22.209,22.201,22.186,22.170,22.155,22.140,22.117,22.109,22.094,22.086,22.071,22.056,22.048,22.033,22.010,21.987,21.972,21.949,21.926,21.903,21.895,21.880,21.857,21.834,21.819,21.803,21.780,21.765,21.750,21.734,21.711,21.696,21.681,21.665,21.650,21.635,21.619,21.612,21.596,21.581,21.566,21.550,21.535,21.520,21.504,21.489,21.474,21.450,21.435,21.420,21.397,21.381,21.374,21.358,21.343,21.327,21.320,21.304,21.289,21.266,21.243,21.227,21.220,21.212,21.212,21.212,21.204,21.189,21.166,21.143,21.135,21.127,21.127,21.119,21.119,21.112,21.112,21.104,21.089,21.065,21.035,21.011,20.988,20.981,20.988,20.988,20.988,20.973,20.973,20.965,20.950,20.934,20.919,20.903,20.888,20.865,20.857,20.849,20.834,20.818,20.803,20.795,20.787,20.780,20.772,20.772,20.764,20.756,20.749,20.741,20.733,20.725,20.718,20.710,20.710,20.718,20.725,20.741,20.741,20.733,20.725,20.718,20.718,20.733,20.756,20.772,20.780,20.780,20.764,20.756,20.749,20.756,20.772,20.787,20.795,20.803,20.795,20.795,20.803,20.826,20.841,20.857,20.880,20.896,20.919,20.926,20.942,20.957,20.957,20.965,20.981,20.988,21.004,21.011,21.027,21.035,21.042,21.058,21.073,21.089,21.104,21.112,21.135,21.150,21.158,21.173,21.181,21.189,21.189,21.189,21.197,21.204,21.227,21.243,21.258,21.258,21.250,21.250,21.274,21.304,21.343,21.381,21.404,21.412,21.412
,22.915,22.893,22.840,22.771,22.711,22.658,22.658,22.680,22.688,22.688,22.658,22.635,22.597,22.559,22.536,22.521,22.506,22.483,22.460,22.445,22.429,22.407,22.376,22.353,22.323,22.292,22.262,22.231,22.209,22.178,22.140,22.117,22.086,22.056,22.033,22.010,21.995,21.979,21.956,21.949,21.934,21.926,21.911,21.911,21.911,21.911,21.918,21.926,21.949,21.972,21.979,21.964,21.979,22.010,22.063,22.086,22.102,22.117,22.178,22.231,22.247,22.231,22.254,22.323,22.369,22.369,22.376,22.391,22.414,22.445,22.483,22.506,22.528,22.536,22.551,22.574,22.604,22.642,22.665,22.680,22.696,22.718,22.779,22.840,22.885,22.900,22.915,22.961,22.999,23.021,23.052,23.150,23.316,23.535,23.835,24.300,24.851,25.466,26.144,26.817,27.500,28.208,28.875,29.446,29.851,30.113,30.395,30.803,31.105,31.231,31.126,31.238,31.371,31.462,31.455,31.399,31.350,31.315,31.245,31.182,31.126,31.077,31.035,30.986,30.944,30.916,30.881,30.845,30.810,30.782,30.754,30.733,30.712,30.698,30.670,30.656,30.642,30.627,30.620,30.613,30.599,30.585,30.564,30.543,30.522,30.508,30.487,30.458,30.437,30.430,30.458,30.451,30.444,30.444,30.458,30.487,30.501,30.508,30.515,30.522,30.536,30.550,30.564,30.585,30.613,30.635,30.656,30.677,30.705,30.726,30.754,30.796,30.831,30.873,30.916,30.965,31.028,31.119,31.259,31.399,31.497,31.538,31.510,31.455,31.399,31.343,31.287,31.287,31.315,31.350,31.385,31.371,31.294,31.175,31.056,30.958,30.824,30.642,30.416,30.141,29.815,29.446,29.068,28.639,28.172,27.674,27.130,26.532,25.945,25.378,24.799,24.307,23.888,23.535,23.286,23.105,22.984,22.908,22.862,22.787,22.726,22.673,22.650,22.635,22.620,22.597,22.566,22.544,22.536,22.544,22.582,22.574,22.536,22.490,22.460,22.452,22.445,22.429,22.422,22.422,22.429,22.429,22.437,22.445,22.452,22.460,22.468,22.468,22.468,22.468,22.483,22.483,22.490,22.498,22.506,22.506,22.513,22.521,22.528,22.528,22.536,22.544,22.551,22.551,22.551,22.551,22.551,22.559,22.559,22.551,22.551,22.536,22.528,22.521,22.521,22.528,22.528,22.513,22.490,22.460,22.429,22.407,22.399,22.399,22.399,22.384,22.369,22.353,22.330,22.308,22.285,22.262,22.247,22.231,22.216,22.209,22.193,22.186,22.170,22.147,22.132,22.117,22.102,22.094,22.079,22.071,22.056,22.048,22.033,22.010,21.987,21.964,21.941,21.918,21.895,21.888,21.872,21.857,21.834,21.819,21.803,21.780,21.765,21.750,21.734,21.711,21.696,21.673,21.650,21.635,21.619,21.612,21.604,21.589,21.573,21.558,21.543,21.520,21.504,21.489,21.474,21.458,21.435,21.420,21.404,21.381,21.366,21.358,21.343,21.327,21.312,21.297,21.281,21.258,21.235,21.220,21.212,21.197,21.197,21.197,21.197,21.189,21.166,21.150,21.135,21.119,21.112,21.104,21.104,21.096,21.089,21.089,21.089,21.073,21.050,21.019,20.996,20.981,20.973,20.973,20.981,20.981,20.965,20.957,20.950,20.934,20.919,20.911,20.896,20.872,20.857,20.857,20.841,20.834,20.818,20.803,20.787,20.780,20.772,20.772,20.764,20.756,20.756,20.749,20.749,20.741,20.733,20.718,20.718,20.718,20.718,20.733,20.741,20.741,20.741,20.725,20.718,20.718,20.725,20.733,20.749,20.756,20.756,20.749,20.749,20.749,20.756,20.764,20.780,20.780,20.780,20.780,20.780,20.787,20.803,20.818,20.841,20.865,20.880,20.896,20.911,20.926,20.942,20.950,20.957,20.965,20.981,20.988,21.004,21.011,21.027,21.035,21.050,21.065,21.081,21.089,21.104,21.119,21.135,21.143,21.150,21.166,21.173,21.173,21.181,21.189,21.197,21.212,21.227,21.235,21.243,21.243,21.250,21.274,21.304,21.335,21.358,21.374,21.381,21.381
,22.908,22.885,22.824,22.749,22.673,22.620,22.620,22.658,22.680,22.688,22.665,22.627,22.597,22.566,22.536,22.521,22.506,22.483,22.460,22.445,22.429,22.407,22.376,22.353,22.323,22.292,22.262,22.239,22.209,22.178,22.140,22.109,22.086,22.056,22.025,22.010,21.987,21.972,21.949,21.941,21.934,21.918,21.911,21.903,21.903,21.903,21.911,21.918,21.941,21.964,21.972,21.956,21.964,21.995,22.048,22.079,22.094,22.102,22.163,22.231,22.254,22.231,22.247,22.338,22.384,22.376,22.376,22.391,22.422,22.452,22.483,22.498,22.521,22.536,22.528,22.551,22.582,22.620,22.650,22.665,22.680,22.696,22.764,22.817,22.847,22.870,22.923,22.961,22.968,22.976,23.044,23.127,23.218,23.346,23.640,24.023,24.464,24.985,25.666,26.349,27.094,27.884,28.632,29.289,29.773,30.091,30.395,30.817,31.126,31.266,31.175,31.287,31.413,31.497,31.483,31.434,31.399,31.378,31.315,31.238,31.175,31.126,31.077,31.021,30.979,30.944,30.916,30.888,30.852,30.810,30.789,30.761,30.740,30.726,30.705,30.677,30.656,30.649,30.635,30.627,30.613,30.606,30.585,30.564,30.550,30.522,30.501,30.480,30.466,30.451,30.480,30.480,30.473,30.480,30.494,30.515,30.522,30.522,30.536,30.543,30.557,30.571,30.585,30.613,30.642,30.656,30.677,30.698,30.719,30.740,30.782,30.824,30.859,30.909,30.958,31.000,31.063,31.161,31.294,31.420,31.510,31.552,31.531,31.490,31.448,31.413,31.378,31.385,31.406,31.434,31.448,31.406,31.308,31.175,31.056,30.937,30.796,30.613,30.402,30.134,29.808,29.425,29.032,28.589,28.093,27.551,26.963,26.364,25.769,25.193,24.621,24.150,23.738,23.399,23.195,23.059,22.961,22.893,22.840,22.771,22.703,22.642,22.627,22.620,22.604,22.582,22.544,22.528,22.528,22.536,22.574,22.559,22.521,22.483,22.452,22.445,22.437,22.429,22.422,22.414,22.422,22.429,22.429,22.437,22.445,22.452,22.460,22.460,22.460,22.460,22.468,22.475,22.483,22.490,22.490,22.498,22.506,22.506,22.513,22.521,22.528,22.528,22.536,22.536,22.536,22.536,22.536,22.544,22.544,22.536,22.528,22.528,22.521,22.506,22.506,22.513,22.513,22.506,22.483,22.452,22.429,22.407,22.399,22.391,22.391,22.376,22.361,22.338,22.323,22.300,22.277,22.262,22.239,22.224,22.209,22.201,22.193,22.178,22.163,22.140,22.125,22.109,22.102,22.086,22.079,22.063,22.048,22.041,22.025,22.002,21.979,21.956,21.934,21.911,21.888,21.880,21.865,21.849,21.826,21.811,21.796,21.773,21.757,21.742,21.727,21.711,21.688,21.665,21.642,21.619,21.612,21.604,21.589,21.581,21.566,21.543,21.527,21.512,21.497,21.474,21.458,21.443,21.420,21.404,21.389,21.374,21.358,21.343,21.327,21.312,21.289,21.274,21.258,21.235,21.212,21.204,21.197,21.181,21.173,21.173,21.173,21.166,21.143,21.135,21.119,21.104,21.096,21.089,21.081,21.073,21.073,21.073,21.065,21.058,21.035,21.011,20.988,20.965,20.957,20.965,20.965,20.965,20.957,20.950,20.934,20.919,20.911,20.896,20.880,20.865,20.857,20.849,20.841,20.826,20.811,20.795,20.787,20.772,20.764,20.764,20.756,20.749,20.749,20.749,20.749,20.741,20.733,20.725,20.718,20.718,20.718,20.733,20.741,20.741,20.741,20.725,20.718,20.718,20.718,20.725,20.733,20.733,20.733,20.733,20.741,20.741,20.749,20.764,20.764,20.764,20.764,20.764,20.764,20.780,20.787,20.811,20.826,20.849,20.872,20.888,20.903,20.919,20.926,20.934,20.942,20.957,20.973,20.981,20.996,21.011,21.019,21.035,21.050,21.065,21.073,21.089,21.096,21.112,21.119,21.127,21.135,21.150,21.158,21.173,21.181,21.189,21.204,21.204,21.212,21.227,21.235,21.250,21.266,21.289,21.312,21.327,21.343,21.358,21.358,21.358
,22.893,22.870,22.817,22.741,22.673,22.620,22.620,22.642,22.665,22.665,22.642,22.612,22.582,22.544,22.528,22.513,22.498,22.475,22.452,22.437,22.414,22.384,22.361,22.338,22.315,22.285,22.254,22.231,22.201,22.170,22.132,22.109,22.079,22.048,22.018,22.002,21.987,21.964,21.949,21.934,21.926,21.911,21.903,21.895,21.895,21.895,21.895,21.911,21.926,21.949,21.964,21.941,21.949,21.987,22.041,22.071,22.086,22.094,22.147,22.224,22.254,22.239,22.239,22.330,22.384,22.376,22.376,22.391,22.414,22.452,22.483,22.498,22.521,22.544,22.559,22.566,22.589,22.604,22.635,22.650,22.665,22.688,22.733,22.779,22.824,22.878,22.908,22.908,22.938,22.999,23.059,23.074,23.135,23.278,23.550,23.835,24.203,24.688,25.341,26.012,26.759,27.587,28.402,29.140,29.688,30.049,30.388,30.810,31.133,31.294,31.238,31.350,31.462,31.531,31.524,31.476,31.448,31.434,31.371,31.301,31.231,31.175,31.126,31.070,31.021,30.979,30.944,30.923,30.895,30.852,30.817,30.796,30.775,30.747,30.733,30.712,30.684,30.663,30.656,30.642,30.627,30.620,30.606,30.585,30.571,30.543,30.508,30.480,30.466,30.466,30.480,30.494,30.501,30.508,30.522,30.536,30.543,30.550,30.557,30.564,30.578,30.599,30.620,30.642,30.663,30.677,30.698,30.712,30.740,30.775,30.810,30.845,30.895,30.951,30.993,31.042,31.119,31.231,31.350,31.462,31.545,31.573,31.559,31.524,31.504,31.483,31.469,31.483,31.510,31.538,31.538,31.469,31.350,31.210,31.077,30.944,30.775,30.578,30.395,30.134,29.801,29.410,29.025,28.574,28.057,27.479,26.853,26.246,25.673,25.111,24.501,24.030,23.655,23.354,23.135,23.029,22.961,22.908,22.832,22.764,22.703,22.658,22.627,22.604,22.589,22.566,22.536,22.513,22.513,22.528,22.559,22.551,22.521,22.483,22.452,22.437,22.429,22.422,22.414,22.414,22.414,22.422,22.429,22.429,22.437,22.445,22.452,22.452,22.452,22.452,22.460,22.460,22.468,22.483,22.490,22.490,22.490,22.498,22.506,22.513,22.521,22.528,22.528,22.528,22.528,22.528,22.528,22.528,22.528,22.528,22.521,22.513,22.506,22.498,22.498,22.498,22.498,22.483,22.468,22.445,22.422,22.399,22.391,22.391,22.384,22.361,22.346,22.330,22.315,22.292,22.270,22.254,22.239,22.216,22.201,22.193,22.186,22.163,22.147,22.132,22.125,22.102,22.086,22.079,22.071,22.048,22.033,22.025,22.018,21.995,21.964,21.949,21.926,21.895,21.880,21.865,21.857,21.834,21.819,21.803,21.788,21.773,21.750,21.734,21.719,21.696,21.673,21.650,21.627,21.612,21.596,21.589,21.581,21.566,21.543,21.535,21.520,21.497,21.474,21.466,21.443,21.420,21.397,21.389,21.374,21.358,21.335,21.327,21.312,21.289,21.266,21.250,21.235,21.212,21.189,21.189,21.181,21.173,21.158,21.150,21.143,21.135,21.127,21.119,21.104,21.096,21.081,21.073,21.065,21.058,21.058,21.058,21.050,21.035,21.011,20.996,20.973,20.957,20.957,20.957,20.957,20.957,20.942,20.934,20.926,20.911,20.896,20.888,20.872,20.857,20.841,20.834,20.826,20.811,20.803,20.787,20.780,20.764,20.756,20.749,20.749,20.749,20.749,20.749,20.749,20.749,20.741,20.725,20.718,20.710,20.718,20.725,20.733,20.741,20.741,20.725,20.718,20.718,20.718,20.718,20.725,20.725,20.725,20.725,20.725,20.733,20.741,20.749,20.756,20.764,20.764,20.764,20.772,20.780,20.795,20.811,20.834,20.849,20.865,20.880,20.896,20.911,20.919,20.934,20.950,20.965,20.973,20.981,20.996,21.011,21.019,21.035,21.050,21.065,21.081,21.096,21.104,21.119,21.127,21.135,21.143,21.158,21.173,21.197,21.212,21.220,21.227,21.220,21.220,21.227,21.250,21.274,21.297,21.320,21.335,21.343,21.351,21.358,21.358,21.358
,22.870,22.862,22.817,22.749,22.688,22.642,22.627,22.642,22.650,22.642,22.620,22.589,22.559,22.536,22.521,22.506,22.490,22.468,22.445,22.422,22.399,22.376,22.353,22.330,22.308,22.277,22.254,22.231,22.201,22.170,22.132,22.102,22.071,22.041,22.018,22.002,21.987,21.964,21.949,21.934,21.926,21.911,21.895,21.888,21.880,21.880,21.880,21.895,21.918,21.941,21.949,21.934,21.941,21.979,22.041,22.079,22.094,22.094,22.140,22.224,22.254,22.239,22.239,22.315,22.369,22.376,22.361,22.384,22.414,22.452,22.475,22.498,22.521,22.551,22.566,22.566,22.566,22.582,22.612,22.635,22.658,22.665,22.696,22.749,22.802,22.847,22.862,22.893,22.938,22.984,22.999,23.044,23.120,23.241,23.422,23.685,24.023,24.471,25.067,25.725,26.496,27.348,28.208,29.011,29.617,30.021,30.381,30.803,31.133,31.315,31.308,31.434,31.538,31.587,31.580,31.545,31.531,31.510,31.455,31.378,31.308,31.252,31.189,31.126,31.070,31.021,30.986,30.951,30.923,30.895,30.852,30.824,30.803,30.789,30.761,30.740,30.712,30.691,30.670,30.663,30.649,30.635,30.613,30.599,30.585,30.564,30.529,30.501,30.487,30.494,30.508,30.522,30.529,30.529,30.543,30.564,30.571,30.578,30.585,30.592,30.606,30.635,30.649,30.670,30.684,30.705,30.719,30.733,30.761,30.796,30.831,30.873,30.930,30.979,31.021,31.098,31.203,31.315,31.413,31.517,31.580,31.608,31.601,31.580,31.573,31.573,31.559,31.580,31.615,31.643,31.622,31.524,31.385,31.231,31.098,30.937,30.754,30.557,30.388,30.134,29.794,29.396,29.004,28.546,28.013,27.406,26.751,26.144,25.555,24.985,24.404,23.955,23.580,23.271,23.082,22.991,22.931,22.878,22.809,22.741,22.688,22.650,22.620,22.597,22.574,22.551,22.528,22.513,22.506,22.521,22.551,22.544,22.513,22.483,22.452,22.437,22.422,22.414,22.407,22.407,22.414,22.422,22.422,22.429,22.429,22.445,22.445,22.437,22.437,22.445,22.452,22.460,22.468,22.475,22.483,22.483,22.490,22.498,22.506,22.513,22.513,22.521,22.521,22.528,22.528,22.528,22.528,22.528,22.528,22.521,22.521,22.506,22.498,22.490,22.490,22.490,22.490,22.483,22.460,22.437,22.414,22.399,22.384,22.384,22.376,22.361,22.338,22.330,22.308,22.285,22.262,22.247,22.231,22.209,22.193,22.186,22.170,22.163,22.140,22.132,22.117,22.102,22.079,22.071,22.056,22.041,22.025,22.018,22.002,21.987,21.956,21.941,21.918,21.888,21.872,21.857,21.842,21.826,21.811,21.796,21.788,21.765,21.750,21.734,21.711,21.688,21.665,21.650,21.627,21.604,21.589,21.581,21.566,21.558,21.535,21.527,21.512,21.489,21.466,21.450,21.435,21.412,21.389,21.374,21.358,21.343,21.327,21.312,21.304,21.281,21.258,21.235,21.212,21.189,21.181,21.181,21.173,21.166,21.150,21.143,21.135,21.119,21.112,21.104,21.096,21.089,21.081,21.073,21.065,21.050,21.042,21.042,21.042,21.027,21.004,20.988,20.973,20.950,20.950,20.957,20.957,20.950,20.942,20.926,20.919,20.903,20.888,20.872,20.857,20.849,20.834,20.826,20.818,20.811,20.795,20.780,20.764,20.756,20.749,20.741,20.741,20.741,20.741,20.749,20.756,20.749,20.741,20.725,20.718,20.710,20.710,20.718,20.725,20.733,20.733,20.725,20.725,20.725,20.725,20.725,20.725,20.718,20.718,20.710,20.710,20.718,20.725,20.741,20.749,20.764,20.772,20.780,20.780,20.795,20.811,20.826,20.841,20.857,20.872,20.880,20.896,20.911,20.926,20.934,20.950,20.965,20.981,20.988,20.996,21.011,21.027,21.035,21.050,21.073,21.089,21.104,21.119,21.135,21.143,21.143,21.158,21.166,21.189,21.220,21.243,21.258,21.258,21.243,21.235,21.235,21.266,21.297,21.327,21.358,21.366,21.366,21.358,21.358,21.358,21.358
,22.847,22.840,22.809,22.756,22.703,22.658,22.635,22.635,22.635,22.612,22.589,22.566,22.544,22.521,22.506,22.498,22.483,22.460,22.437,22.414,22.391,22.361,22.338,22.323,22.300,22.277,22.247,22.224,22.201,22.170,22.125,22.102,22.071,22.041,22.010,21.995,21.979,21.964,21.949,21.934,21.926,21.911,21.895,21.880,21.872,21.872,21.872,21.888,21.903,21.926,21.941,21.926,21.934,21.979,22.041,22.079,22.094,22.094,22.147,22.224,22.262,22.247,22.239,22.315,22.361,22.369,22.361,22.384,22.422,22.452,22.475,22.498,22.521,22.551,22.574,22.574,22.566,22.574,22.604,22.627,22.642,22.658,22.673,22.718,22.771,22.817,22.847,22.885,22.915,22.938,22.968,23.021,23.089,23.165,23.301,23.542,23.843,24.225,24.777,25.444,26.224,27.108,27.999,28.868,29.531,29.985,30.367,30.789,31.126,31.343,31.385,31.517,31.622,31.664,31.650,31.629,31.615,31.601,31.538,31.462,31.385,31.322,31.259,31.182,31.119,31.070,31.035,30.993,30.951,30.923,30.888,30.859,30.838,30.817,30.796,30.775,30.747,30.719,30.698,30.684,30.670,30.656,30.635,30.613,30.599,30.578,30.550,30.529,30.515,30.529,30.543,30.550,30.557,30.557,30.571,30.585,30.599,30.606,30.606,30.620,30.635,30.663,30.677,30.698,30.712,30.726,30.740,30.761,30.789,30.824,30.859,30.916,30.958,31.000,31.063,31.168,31.273,31.385,31.469,31.559,31.615,31.643,31.643,31.650,31.657,31.664,31.650,31.678,31.713,31.741,31.706,31.587,31.434,31.266,31.119,30.937,30.740,30.543,30.395,30.141,29.794,29.375,28.975,28.503,27.956,27.326,26.642,26.026,25.429,24.851,24.315,23.888,23.520,23.203,23.052,22.961,22.900,22.855,22.787,22.718,22.665,22.627,22.604,22.582,22.559,22.528,22.521,22.513,22.521,22.528,22.544,22.536,22.513,22.483,22.452,22.429,22.414,22.407,22.399,22.407,22.414,22.422,22.422,22.422,22.429,22.437,22.437,22.437,22.437,22.437,22.445,22.452,22.460,22.468,22.475,22.483,22.490,22.490,22.498,22.506,22.513,22.513,22.521,22.521,22.521,22.521,22.521,22.521,22.521,22.513,22.513,22.506,22.498,22.490,22.483,22.483,22.483,22.468,22.452,22.429,22.407,22.391,22.384,22.376,22.369,22.346,22.330,22.323,22.300,22.285,22.262,22.239,22.224,22.201,22.178,22.170,22.163,22.147,22.132,22.125,22.109,22.086,22.071,22.063,22.048,22.033,22.018,22.010,21.995,21.972,21.949,21.926,21.903,21.880,21.865,21.849,21.834,21.819,21.803,21.796,21.780,21.765,21.750,21.727,21.711,21.688,21.665,21.642,21.627,21.604,21.589,21.573,21.566,21.550,21.535,21.520,21.504,21.489,21.466,21.450,21.427,21.412,21.389,21.366,21.351,21.335,21.320,21.312,21.297,21.281,21.258,21.227,21.204,21.181,21.173,21.173,21.173,21.166,21.150,21.135,21.119,21.104,21.096,21.096,21.096,21.096,21.089,21.073,21.058,21.050,21.035,21.035,21.027,21.019,20.996,20.981,20.965,20.950,20.942,20.950,20.950,20.950,20.934,20.926,20.911,20.896,20.880,20.865,20.857,20.841,20.826,20.818,20.811,20.795,20.780,20.772,20.764,20.749,20.741,20.741,20.741,20.741,20.741,20.749,20.756,20.749,20.741,20.725,20.718,20.702,20.702,20.710,20.718,20.725,20.725,20.725,20.733,20.733,20.733,20.733,20.733,20.725,20.718,20.710,20.702,20.702,20.718,20.725,20.741,20.764,20.772,20.780,20.787,20.803,20.826,20.834,20.849,20.865,20.872,20.880,20.888,20.911,20.926,20.942,20.957,20.973,20.981,20.988,20.996,21.011,21.027,21.042,21.058,21.081,21.096,21.112,21.127,21.143,21.150,21.158,21.166,21.181,21.212,21.243,21.266,21.289,21.281,21.258,21.243,21.250,21.289,21.327,21.358,21.389,21.397,21.389,21.374,21.366,21.366,21.366
,22.824,22.817,22.794,22.756,22.711,22.673,22.642,22.635,22.620,22.597,22.566,22.551,22.528,22.513,22.498,22.490,22.475,22.452,22.429,22.407,22.384,22.353,22.330,22.315,22.300,22.270,22.239,22.224,22.201,22.170,22.125,22.094,22.063,22.033,22.002,21.987,21.972,21.956,21.941,21.934,21.918,21.903,21.888,21.872,21.872,21.865,21.865,21.880,21.895,21.918,21.926,21.918,21.934,21.972,22.041,22.079,22.094,22.094,22.147,22.224,22.262,22.247,22.247,22.315,22.361,22.376,22.376,22.407,22.437,22.460,22.475,22.498,22.521,22.559,22.582,22.589,22.582,22.582,22.597,22.612,22.627,22.650,22.665,22.688,22.726,22.787,22.847,22.870,22.878,22.893,22.961,23.014,23.029,23.052,23.195,23.407,23.648,23.933,24.449,25.126,25.938,26.853,27.782,28.711,29.439,29.943,30.353,30.768,31.119,31.371,31.462,31.601,31.699,31.734,31.734,31.713,31.699,31.685,31.615,31.538,31.462,31.385,31.329,31.245,31.168,31.112,31.077,31.035,30.986,30.944,30.916,30.895,30.866,30.838,30.831,30.803,30.775,30.754,30.733,30.712,30.691,30.684,30.663,30.627,30.606,30.585,30.564,30.550,30.550,30.564,30.578,30.585,30.585,30.585,30.599,30.613,30.627,30.635,30.635,30.649,30.670,30.691,30.712,30.733,30.740,30.747,30.768,30.796,30.824,30.852,30.916,30.965,31.000,31.035,31.133,31.231,31.336,31.427,31.510,31.587,31.643,31.685,31.692,31.713,31.741,31.761,31.755,31.775,31.810,31.838,31.796,31.657,31.490,31.315,31.161,30.951,30.740,30.543,30.416,30.155,29.794,29.360,28.947,28.452,27.884,27.239,26.525,25.901,25.296,24.717,24.217,23.820,23.467,23.158,23.044,22.953,22.893,22.840,22.779,22.711,22.650,22.612,22.597,22.574,22.544,22.513,22.513,22.528,22.536,22.544,22.536,22.528,22.506,22.483,22.452,22.429,22.414,22.399,22.391,22.399,22.407,22.422,22.422,22.422,22.429,22.429,22.429,22.429,22.429,22.437,22.437,22.445,22.452,22.460,22.468,22.475,22.483,22.490,22.498,22.506,22.506,22.513,22.513,22.521,22.521,22.521,22.521,22.513,22.513,22.506,22.506,22.498,22.490,22.483,22.483,22.475,22.475,22.460,22.445,22.422,22.399,22.384,22.384,22.376,22.361,22.338,22.323,22.308,22.292,22.277,22.254,22.239,22.216,22.193,22.170,22.163,22.147,22.132,22.117,22.109,22.094,22.079,22.071,22.056,22.041,22.025,22.010,22.002,21.987,21.964,21.941,21.918,21.895,21.872,21.857,21.834,21.826,21.811,21.796,21.788,21.780,21.765,21.742,21.727,21.704,21.681,21.658,21.642,21.619,21.604,21.581,21.573,21.558,21.543,21.527,21.512,21.497,21.481,21.466,21.450,21.427,21.404,21.381,21.366,21.351,21.327,21.320,21.312,21.297,21.281,21.250,21.220,21.197,21.173,21.166,21.173,21.181,21.173,21.150,21.127,21.104,21.081,21.081,21.089,21.096,21.096,21.089,21.073,21.058,21.042,21.035,21.027,21.027,21.011,20.988,20.973,20.957,20.942,20.942,20.942,20.942,20.934,20.926,20.919,20.903,20.888,20.880,20.865,20.849,20.834,20.818,20.811,20.803,20.787,20.780,20.764,20.756,20.749,20.741,20.741,20.741,20.741,20.741,20.749,20.749,20.749,20.741,20.725,20.718,20.702,20.702,20.702,20.710,20.710,20.718,20.725,20.725,20.733,20.733,20.741,20.733,20.725,20.718,20.702,20.694,20.694,20.702,20.718,20.741,20.764,20.772,20.780,20.787,20.811,20.826,20.834,20.849,20.865,20.872,20.872,20.880,20.903,20.919,20.934,20.950,20.973,20.981,20.988,20.996,21.011,21.027,21.035,21.050,21.065,21.089,21.104,21.119,21.143,21.158,21.166,21.181,21.204,21.235,21.258,21.281,21.297,21.289,21.266,21.250,21.258,21.304,21.343,21.381,21.412,21.412,21.404,21.389,21.374,21.374,21.374
,22.809,22.794,22.771,22.741,22.703,22.665,22.635,22.620,22.604,22.582,22.559,22.544,22.528,22.506,22.498,22.483,22.468,22.452,22.422,22.407,22.384,22.353,22.330,22.315,22.292,22.270,22.239,22.224,22.193,22.163,22.125,22.094,22.063,22.033,22.002,21.987,21.972,21.949,21.934,21.926,21.918,21.903,21.888,21.872,21.872,21.865,21.865,21.872,21.888,21.911,21.918,21.911,21.918,21.956,22.025,22.063,22.086,22.094,22.132,22.209,22.254,22.254,22.247,22.308,22.361,22.384,22.384,22.452,22.483,22.475,22.490,22.506,22.528,22.559,22.589,22.597,22.582,22.559,22.582,22.597,22.620,22.642,22.650,22.673,22.711,22.771,22.832,22.840,22.870,22.915,22.946,22.946,22.976,23.052,23.150,23.278,23.429,23.655,24.075,24.717,25.562,26.554,27.529,28.546,29.353,29.922,30.367,30.768,31.112,31.385,31.524,31.636,31.713,31.748,31.761,31.761,31.748,31.734,31.671,31.594,31.517,31.441,31.364,31.287,31.217,31.168,31.112,31.070,31.028,30.979,30.937,30.923,30.902,30.873,30.845,30.831,30.810,30.775,30.754,30.740,30.719,30.705,30.684,30.649,30.620,30.599,30.585,30.592,30.599,30.606,30.613,30.613,30.613,30.620,30.627,30.642,30.656,30.670,30.677,30.691,30.705,30.726,30.754,30.761,30.775,30.789,30.810,30.824,30.859,30.916,30.979,31.000,31.049,31.119,31.210,31.294,31.392,31.490,31.559,31.629,31.685,31.713,31.748,31.782,31.824,31.852,31.852,31.873,31.901,31.922,31.880,31.734,31.559,31.378,31.231,30.993,30.761,30.564,30.451,30.190,29.808,29.346,28.911,28.395,27.811,27.152,26.408,25.791,25.200,24.643,24.120,23.768,23.452,23.165,23.037,22.976,22.915,22.855,22.779,22.711,22.658,22.620,22.589,22.566,22.536,22.513,22.513,22.521,22.536,22.536,22.528,22.521,22.498,22.475,22.452,22.422,22.407,22.391,22.391,22.399,22.407,22.422,22.422,22.422,22.422,22.429,22.429,22.429,22.429,22.429,22.437,22.437,22.437,22.445,22.460,22.468,22.483,22.498,22.498,22.506,22.506,22.513,22.513,22.521,22.521,22.521,22.521,22.513,22.513,22.506,22.506,22.490,22.483,22.483,22.475,22.468,22.460,22.445,22.429,22.414,22.399,22.384,22.376,22.384,22.369,22.330,22.315,22.315,22.300,22.262,22.239,22.239,22.216,22.186,22.163,22.147,22.140,22.117,22.102,22.094,22.079,22.071,22.056,22.048,22.041,22.018,22.010,21.995,21.979,21.956,21.934,21.911,21.888,21.865,21.842,21.826,21.819,21.803,21.796,21.788,21.773,21.757,21.734,21.719,21.696,21.673,21.650,21.635,21.619,21.596,21.581,21.566,21.558,21.535,21.527,21.512,21.497,21.481,21.458,21.443,21.420,21.397,21.374,21.358,21.343,21.327,21.320,21.312,21.297,21.281,21.243,21.220,21.189,21.166,21.166,21.173,21.181,21.181,21.143,21.112,21.081,21.065,21.065,21.081,21.089,21.089,21.081,21.065,21.050,21.035,21.027,21.019,21.011,20.996,20.981,20.965,20.957,20.942,20.934,20.934,20.926,20.926,20.919,20.911,20.903,20.888,20.872,20.857,20.849,20.826,20.811,20.803,20.795,20.780,20.764,20.756,20.749,20.741,20.741,20.741,20.741,20.741,20.741,20.741,20.741,20.741,20.733,20.718,20.710,20.702,20.694,20.694,20.694,20.694,20.702,20.710,20.718,20.733,20.733,20.741,20.733,20.725,20.718,20.702,20.694,20.687,20.694,20.718,20.733,20.749,20.764,20.764,20.780,20.787,20.811,20.826,20.841,20.857,20.865,20.865,20.872,20.880,20.903,20.926,20.942,20.957,20.973,20.981,20.988,21.004,21.011,21.019,21.035,21.042,21.065,21.081,21.104,21.127,21.150,21.173,21.197,21.220,21.235,21.250,21.258,21.266,21.266,21.258,21.250,21.258,21.304,21.343,21.381,21.412,21.412,21.397,21.381,21.374,21.374,21.374
,22.787,22.779,22.764,22.733,22.696,22.658,22.627,22.620,22.604,22.582,22.559,22.544,22.528,22.506,22.498,22.483,22.468,22.445,22.422,22.407,22.384,22.353,22.330,22.315,22.292,22.262,22.239,22.224,22.193,22.163,22.125,22.094,22.063,22.025,22.002,21.979,21.964,21.949,21.926,21.918,21.911,21.903,21.888,21.880,21.872,21.872,21.865,21.872,21.888,21.903,21.911,21.895,21.911,21.949,22.002,22.056,22.079,22.094,22.117,22.193,22.247,22.254,22.247,22.308,22.361,22.391,22.391,22.468,22.506,22.498,22.506,22.513,22.536,22.566,22.597,22.604,22.604,22.589,22.582,22.597,22.612,22.635,22.650,22.665,22.696,22.733,22.794,22.832,22.862,22.893,22.908,22.931,22.968,23.029,23.089,23.210,23.331,23.489,23.843,24.457,25.304,26.320,27.333,28.438,29.325,29.950,30.402,30.782,31.119,31.406,31.587,31.685,31.734,31.755,31.782,31.803,31.803,31.775,31.713,31.636,31.559,31.483,31.413,31.329,31.266,31.217,31.168,31.112,31.063,31.021,30.979,30.944,30.916,30.895,30.866,30.845,30.824,30.803,30.775,30.761,30.740,30.719,30.691,30.670,30.649,30.613,30.592,30.606,30.620,30.627,30.635,30.635,30.635,30.642,30.649,30.670,30.684,30.698,30.705,30.719,30.740,30.761,30.789,30.796,30.810,30.824,30.838,30.873,30.923,30.979,31.014,31.063,31.119,31.196,31.273,31.371,31.469,31.552,31.615,31.685,31.734,31.775,31.817,31.866,31.922,31.977,31.977,31.984,32.012,32.040,31.984,31.824,31.636,31.455,31.308,31.056,30.803,30.599,30.501,30.233,29.836,29.346,28.911,28.373,27.754,27.072,26.312,25.688,25.096,24.531,24.030,23.693,23.384,23.120,23.006,22.953,22.908,22.847,22.764,22.696,22.650,22.620,22.589,22.559,22.528,22.506,22.506,22.521,22.528,22.521,22.513,22.506,22.490,22.468,22.445,22.422,22.399,22.391,22.391,22.399,22.407,22.422,22.422,22.414,22.414,22.422,22.422,22.422,22.429,22.429,22.429,22.429,22.429,22.437,22.452,22.468,22.483,22.498,22.506,22.506,22.506,22.513,22.513,22.513,22.521,22.521,22.521,22.513,22.506,22.506,22.498,22.490,22.483,22.475,22.468,22.460,22.452,22.445,22.429,22.414,22.399,22.384,22.384,22.376,22.353,22.323,22.315,22.300,22.277,22.254,22.231,22.216,22.201,22.178,22.155,22.140,22.132,22.109,22.094,22.079,22.071,22.056,22.048,22.041,22.033,22.025,22.010,21.995,21.979,21.956,21.926,21.903,21.880,21.857,21.842,21.826,21.819,21.803,21.788,21.780,21.773,21.757,21.734,21.711,21.688,21.665,21.642,21.635,21.619,21.604,21.589,21.573,21.558,21.543,21.527,21.512,21.497,21.481,21.458,21.443,21.420,21.397,21.381,21.366,21.351,21.335,21.320,21.320,21.304,21.281,21.250,21.220,21.189,21.166,21.166,21.181,21.197,21.181,21.150,21.112,21.073,21.050,21.050,21.073,21.089,21.096,21.081,21.065,21.042,21.027,21.019,21.019,21.011,20.996,20.981,20.965,20.957,20.942,20.934,20.926,20.919,20.911,20.903,20.903,20.896,20.888,20.872,20.857,20.841,20.826,20.811,20.795,20.787,20.772,20.756,20.756,20.749,20.741,20.741,20.741,20.741,20.741,20.741,20.733,20.733,20.725,20.718,20.710,20.710,20.702,20.694,20.687,20.679,20.679,20.687,20.702,20.710,20.725,20.733,20.733,20.733,20.733,20.718,20.710,20.694,20.687,20.694,20.710,20.725,20.741,20.749,20.749,20.756,20.772,20.795,20.811,20.834,20.849,20.857,20.857,20.865,20.872,20.896,20.911,20.926,20.950,20.965,20.973,20.981,20.996,21.004,21.004,21.011,21.019,21.042,21.058,21.081,21.112,21.143,21.173,21.204,21.227,21.235,21.235,21.227,21.227,21.227,21.227,21.235,21.258,21.297,21.335,21.366,21.389,21.397,21.389,21.374,21.366,21.366,21.366
,22.771,22.764,22.749,22.718,22.680,22.642,22.620,22.612,22.597,22.582,22.559,22.544,22.528,22.506,22.490,22.483,22.468,22.445,22.422,22.399,22.376,22.353,22.330,22.308,22.285,22.262,22.239,22.216,22.193,22.155,22.125,22.094,22.063,22.025,21.995,21.972,21.956,21.941,21.926,21.918,21.911,21.903,21.888,21.880,21.880,21.872,21.865,21.872,21.880,21.895,21.903,21.888,21.895,21.934,21.995,22.048,22.079,22.094,22.109,22.178,22.231,22.254,22.247,22.300,22.346,22.384,22.391,22.452,22.498,22.506,22.513,22.521,22.536,22.566,22.597,22.612,22.620,22.612,22.582,22.582,22.597,22.627,22.642,22.650,22.673,22.703,22.764,22.809,22.840,22.855,22.885,22.923,22.953,23.006,23.082,23.203,23.309,23.422,23.738,24.315,25.133,26.136,27.181,28.359,29.318,29.992,30.458,30.810,31.133,31.434,31.664,31.741,31.775,31.789,31.817,31.859,31.873,31.852,31.775,31.699,31.622,31.552,31.476,31.392,31.322,31.273,31.224,31.168,31.112,31.056,31.014,30.979,30.944,30.909,30.888,30.859,30.838,30.824,30.796,30.775,30.754,30.733,30.705,30.691,30.670,30.642,30.613,30.620,30.635,30.642,30.642,30.649,30.649,30.656,30.677,30.698,30.712,30.726,30.733,30.747,30.775,30.796,30.817,30.831,30.845,30.852,30.888,30.937,30.986,31.028,31.070,31.133,31.196,31.259,31.350,31.455,31.545,31.622,31.678,31.748,31.803,31.859,31.908,31.970,32.040,32.102,32.095,32.102,32.123,32.151,32.109,31.928,31.727,31.531,31.392,31.119,30.852,30.635,30.550,30.275,29.865,29.360,28.904,28.337,27.696,26.985,26.210,25.577,24.977,24.404,23.940,23.610,23.316,23.059,22.968,22.923,22.885,22.832,22.749,22.680,22.642,22.612,22.589,22.559,22.521,22.490,22.506,22.513,22.513,22.506,22.498,22.490,22.483,22.468,22.445,22.422,22.399,22.384,22.384,22.399,22.407,22.414,22.414,22.414,22.414,22.414,22.414,22.422,22.422,22.422,22.422,22.422,22.422,22.429,22.445,22.460,22.483,22.498,22.506,22.506,22.506,22.506,22.506,22.513,22.521,22.513,22.513,22.513,22.506,22.498,22.490,22.490,22.475,22.468,22.460,22.460,22.445,22.437,22.422,22.407,22.399,22.391,22.376,22.353,22.330,22.315,22.300,22.277,22.262,22.239,22.216,22.201,22.178,22.155,22.140,22.132,22.117,22.102,22.079,22.063,22.056,22.041,22.033,22.033,22.033,22.025,22.010,21.995,21.979,21.956,21.926,21.903,21.880,21.857,21.842,21.826,21.819,21.803,21.788,21.780,21.773,21.757,21.734,21.711,21.688,21.665,21.642,21.635,21.627,21.612,21.589,21.581,21.566,21.550,21.527,21.520,21.504,21.481,21.458,21.443,21.420,21.404,21.381,21.374,21.358,21.343,21.327,21.320,21.312,21.289,21.258,21.220,21.189,21.166,21.173,21.189,21.204,21.189,21.150,21.104,21.065,21.042,21.042,21.073,21.089,21.096,21.081,21.065,21.042,21.027,21.019,21.019,21.011,20.996,20.981,20.965,20.950,20.934,20.926,20.919,20.911,20.903,20.896,20.896,20.896,20.880,20.872,20.857,20.841,20.826,20.811,20.795,20.780,20.764,20.756,20.756,20.749,20.749,20.749,20.749,20.749,20.749,20.741,20.733,20.725,20.718,20.710,20.710,20.702,20.694,20.687,20.679,20.671,20.663,20.679,20.694,20.710,20.725,20.733,20.733,20.733,20.733,20.725,20.710,20.702,20.694,20.702,20.710,20.718,20.733,20.741,20.741,20.749,20.756,20.780,20.803,20.826,20.841,20.849,20.849,20.857,20.865,20.880,20.896,20.911,20.934,20.950,20.957,20.973,20.988,20.996,20.988,20.988,21.004,21.019,21.035,21.065,21.096,21.143,21.173,21.204,21.235,21.235,21.220,21.204,21.197,21.204,21.212,21.235,21.258,21.297,21.327,21.351,21.366,21.381,21.381,21.374,21.374,21.374,21.374
,22.764,22.756,22.733,22.696,22.665,22.635,22.612,22.604,22.589,22.574,22.551,22.536,22.521,22.506,22.490,22.475,22.460,22.437,22.414,22.391,22.369,22.346,22.323,22.308,22.285,22.262,22.231,22.209,22.178,22.147,22.109,22.086,22.056,22.025,21.987,21.972,21.949,21.934,21.918,21.911,21.903,21.895,21.888,21.880,21.872,21.872,21.865,21.865,21.872,21.880,21.888,21.872,21.880,21.926,21.979,22.041,22.071,22.086,22.102,22.163,22.216,22.262,22.262,22.285,22.330,22.376,22.391,22.422,22.468,22.498,22.506,22.513,22.536,22.566,22.589,22.604,22.612,22.612,22.574,22.566,22.582,22.627,22.635,22.635,22.642,22.673,22.733,22.771,22.787,22.809,22.885,22.900,22.923,22.976,23.120,23.233,23.324,23.429,23.723,24.262,25.029,25.990,27.065,28.301,29.325,30.042,30.529,30.845,31.154,31.476,31.755,31.824,31.831,31.838,31.873,31.922,31.956,31.956,31.873,31.789,31.713,31.643,31.559,31.469,31.385,31.329,31.280,31.231,31.168,31.098,31.056,31.021,30.972,30.923,30.902,30.881,30.859,30.831,30.810,30.789,30.761,30.740,30.719,30.712,30.691,30.663,30.635,30.635,30.635,30.649,30.663,30.670,30.677,30.684,30.698,30.719,30.733,30.754,30.761,30.782,30.803,30.831,30.845,30.859,30.873,30.895,30.951,31.000,31.042,31.077,31.147,31.210,31.266,31.329,31.448,31.545,31.629,31.692,31.741,31.817,31.887,31.949,31.998,32.081,32.165,32.227,32.199,32.199,32.227,32.255,32.220,32.033,31.810,31.608,31.476,31.189,30.902,30.677,30.599,30.310,29.879,29.360,28.882,28.294,27.623,26.890,26.100,25.459,24.851,24.277,23.858,23.542,23.256,23.014,22.938,22.900,22.862,22.809,22.726,22.665,22.627,22.604,22.589,22.559,22.513,22.468,22.498,22.498,22.498,22.490,22.483,22.475,22.475,22.460,22.437,22.414,22.391,22.384,22.384,22.391,22.407,22.414,22.414,22.414,22.414,22.414,22.414,22.414,22.422,22.422,22.422,22.414,22.414,22.422,22.437,22.460,22.483,22.498,22.498,22.506,22.506,22.506,22.506,22.513,22.521,22.513,22.513,22.506,22.506,22.490,22.490,22.483,22.475,22.460,22.460,22.452,22.437,22.422,22.414,22.399,22.391,22.384,22.346,22.330,22.315,22.300,22.270,22.254,22.239,22.216,22.193,22.178,22.155,22.132,22.125,22.117,22.102,22.086,22.071,22.048,22.041,22.025,22.025,22.025,22.025,22.018,22.010,21.995,21.979,21.949,21.926,21.903,21.880,21.857,21.842,21.826,21.819,21.803,21.796,21.780,21.773,21.757,21.734,21.711,21.688,21.665,21.650,21.642,21.635,21.612,21.596,21.589,21.573,21.550,21.535,21.520,21.504,21.481,21.458,21.443,21.427,21.404,21.389,21.374,21.366,21.343,21.335,21.327,21.320,21.297,21.258,21.227,21.197,21.181,21.181,21.197,21.204,21.197,21.150,21.104,21.065,21.042,21.042,21.073,21.089,21.096,21.089,21.065,21.042,21.019,21.019,21.011,21.011,20.996,20.981,20.965,20.950,20.934,20.926,20.911,20.903,20.896,20.888,20.888,20.888,20.880,20.872,20.857,20.841,20.826,20.811,20.795,20.780,20.764,20.756,20.756,20.756,20.756,20.756,20.756,20.756,20.749,20.741,20.733,20.725,20.718,20.710,20.710,20.702,20.694,20.687,20.671,20.663,20.663,20.671,20.694,20.710,20.725,20.733,20.733,20.725,20.725,20.718,20.718,20.710,20.710,20.710,20.710,20.718,20.718,20.725,20.725,20.733,20.749,20.772,20.795,20.818,20.834,20.841,20.841,20.849,20.865,20.872,20.888,20.896,20.919,20.934,20.950,20.965,20.973,20.981,20.981,20.981,20.988,21.004,21.027,21.058,21.096,21.135,21.173,21.204,21.227,21.220,21.204,21.189,21.181,21.197,21.220,21.243,21.266,21.297,21.312,21.327,21.351,21.374,21.381,21.389,21.389,21.389,21.389
,22.749,22.733,22.711,22.688,22.650,22.612,22.597,22.589,22.574,22.551,22.536,22.528,22.513,22.490,22.475,22.460,22.445,22.422,22.399,22.384,22.361,22.338,22.315,22.300,22.285,22.254,22.224,22.201,22.170,22.140,22.102,22.079,22.048,22.018,21.979,21.964,21.941,21.918,21.903,21.903,21.895,21.888,21.880,21.872,21.872,21.865,21.857,21.857,21.865,21.872,21.880,21.865,21.872,21.911,21.972,22.025,22.063,22.086,22.094,22.147,22.209,22.262,22.270,22.285,22.323,22.361,22.384,22.399,22.422,22.452,22.460,22.490,22.528,22.551,22.582,22.597,22.604,22.597,22.582,22.582,22.604,22.635,22.627,22.620,22.620,22.642,22.665,22.696,22.726,22.771,22.855,22.862,22.908,23.006,23.150,23.248,23.331,23.444,23.723,24.210,24.933,25.864,26.963,28.244,29.318,30.091,30.599,30.888,31.182,31.524,31.859,31.922,31.908,31.901,31.949,32.026,32.067,32.067,31.991,31.915,31.831,31.755,31.664,31.559,31.469,31.406,31.350,31.294,31.224,31.154,31.091,31.049,31.000,30.951,30.923,30.902,30.881,30.852,30.831,30.803,30.775,30.747,30.740,30.740,30.726,30.691,30.663,30.649,30.656,30.670,30.691,30.698,30.705,30.712,30.726,30.740,30.761,30.782,30.796,30.817,30.831,30.852,30.873,30.888,30.916,30.958,31.014,31.049,31.098,31.161,31.224,31.266,31.336,31.434,31.545,31.629,31.699,31.748,31.803,31.887,31.963,32.019,32.088,32.172,32.255,32.310,32.283,32.276,32.289,32.310,32.289,32.102,31.887,31.678,31.552,31.238,30.937,30.705,30.649,30.339,29.886,29.346,28.861,28.251,27.558,26.802,26.012,25.363,24.762,24.225,23.813,23.505,23.241,23.021,22.931,22.893,22.855,22.809,22.726,22.658,22.620,22.604,22.597,22.559,22.506,22.452,22.475,22.483,22.490,22.483,22.475,22.475,22.468,22.452,22.429,22.414,22.391,22.384,22.384,22.391,22.399,22.414,22.414,22.414,22.414,22.414,22.414,22.414,22.422,22.422,22.414,22.407,22.407,22.414,22.429,22.452,22.475,22.490,22.498,22.506,22.506,22.506,22.513,22.513,22.521,22.513,22.513,22.506,22.498,22.490,22.483,22.475,22.468,22.460,22.452,22.437,22.429,22.414,22.399,22.399,22.384,22.361,22.330,22.323,22.300,22.270,22.247,22.231,22.216,22.193,22.170,22.155,22.140,22.132,22.117,22.109,22.094,22.071,22.048,22.041,22.025,22.025,22.018,22.018,22.018,22.010,22.002,21.987,21.972,21.949,21.926,21.911,21.888,21.865,21.849,21.834,21.819,21.803,21.796,21.788,21.773,21.757,21.734,21.719,21.696,21.673,21.665,21.650,21.642,21.627,21.612,21.596,21.581,21.558,21.543,21.527,21.504,21.489,21.466,21.450,21.427,21.412,21.397,21.381,21.366,21.351,21.343,21.335,21.320,21.304,21.266,21.235,21.204,21.181,21.181,21.197,21.204,21.197,21.150,21.104,21.065,21.042,21.042,21.073,21.089,21.096,21.081,21.058,21.035,21.019,21.011,21.011,21.004,20.996,20.981,20.965,20.950,20.926,20.919,20.903,20.896,20.888,20.888,20.888,20.888,20.880,20.872,20.857,20.849,20.834,20.818,20.803,20.787,20.772,20.764,20.756,20.756,20.756,20.756,20.756,20.756,20.749,20.749,20.741,20.733,20.725,20.718,20.718,20.710,20.694,20.679,20.663,20.656,20.656,20.671,20.694,20.725,20.741,20.741,20.725,20.718,20.710,20.718,20.718,20.718,20.718,20.710,20.710,20.710,20.718,20.718,20.718,20.725,20.741,20.764,20.787,20.803,20.826,20.834,20.841,20.841,20.849,20.865,20.880,20.888,20.903,20.919,20.934,20.950,20.965,20.973,20.973,20.981,20.996,21.019,21.042,21.073,21.104,21.135,21.166,21.189,21.204,21.212,21.197,21.197,21.197,21.220,21.243,21.266,21.289,21.304,21.312,21.320,21.335,21.366,21.389,21.412,21.427,21.435,21.435
,22.741,22.726,22.703,22.673,22.642,22.604,22.589,22.574,22.559,22.544,22.528,22.513,22.506,22.483,22.468,22.452,22.437,22.414,22.391,22.369,22.353,22.330,22.308,22.300,22.277,22.247,22.224,22.193,22.170,22.132,22.102,22.071,22.048,22.010,21.979,21.956,21.934,21.918,21.895,21.895,21.895,21.888,21.872,21.865,21.865,21.865,21.849,21.842,21.849,21.857,21.865,21.857,21.865,21.903,21.956,22.018,22.056,22.086,22.086,22.132,22.186,22.239,22.262,22.285,22.315,22.346,22.369,22.384,22.399,22.399,22.422,22.452,22.498,22.536,22.559,22.574,22.582,22.589,22.582,22.589,22.604,22.627,22.627,22.604,22.597,22.620,22.642,22.658,22.688,22.741,22.832,22.855,22.900,22.976,23.097,23.210,23.309,23.429,23.693,24.128,24.799,25.710,26.824,28.143,29.275,30.120,30.670,30.937,31.210,31.573,31.956,31.998,31.970,31.956,32.026,32.109,32.158,32.165,32.095,32.019,31.935,31.852,31.755,31.650,31.552,31.483,31.427,31.357,31.287,31.210,31.147,31.091,31.035,30.986,30.951,30.923,30.902,30.881,30.845,30.817,30.789,30.761,30.740,30.747,30.747,30.726,30.698,30.684,30.684,30.698,30.712,30.719,30.726,30.740,30.754,30.782,30.803,30.824,30.838,30.852,30.873,30.888,30.916,30.944,30.979,31.021,31.063,31.112,31.168,31.231,31.280,31.350,31.434,31.524,31.622,31.699,31.761,31.810,31.873,31.956,32.033,32.102,32.172,32.255,32.338,32.400,32.379,32.359,32.359,32.379,32.352,32.158,31.935,31.734,31.608,31.280,30.965,30.733,30.684,30.360,29.886,29.332,28.847,28.215,27.493,26.715,25.931,25.267,24.680,24.165,23.790,23.489,23.226,23.014,22.923,22.885,22.855,22.802,22.711,22.650,22.620,22.604,22.589,22.544,22.490,22.429,22.429,22.460,22.483,22.490,22.475,22.468,22.460,22.445,22.422,22.407,22.391,22.384,22.384,22.391,22.399,22.407,22.407,22.414,22.414,22.414,22.414,22.414,22.414,22.414,22.414,22.407,22.407,22.407,22.429,22.445,22.468,22.483,22.498,22.498,22.498,22.506,22.513,22.521,22.521,22.521,22.513,22.498,22.490,22.483,22.475,22.468,22.460,22.452,22.445,22.437,22.422,22.407,22.399,22.384,22.369,22.346,22.323,22.308,22.277,22.254,22.231,22.216,22.201,22.186,22.155,22.140,22.132,22.125,22.109,22.094,22.079,22.063,22.041,22.033,22.025,22.018,22.018,22.018,22.018,22.010,22.002,21.987,21.972,21.956,21.934,21.911,21.895,21.872,21.857,21.842,21.826,21.811,21.796,21.788,21.773,21.757,21.742,21.719,21.704,21.688,21.673,21.665,21.650,21.635,21.619,21.604,21.589,21.566,21.550,21.527,21.512,21.489,21.466,21.450,21.435,21.420,21.404,21.381,21.366,21.351,21.343,21.335,21.320,21.304,21.274,21.243,21.212,21.189,21.189,21.197,21.204,21.189,21.150,21.104,21.065,21.042,21.050,21.073,21.089,21.096,21.081,21.058,21.035,21.019,21.011,21.011,21.004,20.996,20.973,20.957,20.942,20.926,20.911,20.903,20.888,20.888,20.888,20.888,20.888,20.880,20.872,20.865,20.849,20.834,20.818,20.811,20.795,20.787,20.772,20.764,20.764,20.764,20.764,20.764,20.756,20.756,20.756,20.756,20.749,20.741,20.733,20.725,20.710,20.694,20.679,20.663,20.656,20.656,20.679,20.710,20.741,20.756,20.741,20.725,20.702,20.694,20.702,20.718,20.725,20.733,20.725,20.710,20.702,20.702,20.710,20.718,20.725,20.741,20.756,20.780,20.795,20.818,20.826,20.834,20.834,20.841,20.865,20.872,20.888,20.896,20.911,20.919,20.934,20.950,20.965,20.973,20.988,21.011,21.035,21.065,21.089,21.119,21.135,21.150,21.166,21.181,21.189,21.197,21.212,21.227,21.250,21.266,21.289,21.304,21.304,21.297,21.297,21.320,21.358,21.404,21.435,21.458,21.466,21.466
,22.726,22.718,22.696,22.665,22.635,22.597,22.574,22.566,22.551,22.528,22.513,22.506,22.498,22.475,22.460,22.445,22.422,22.399,22.376,22.361,22.346,22.323,22.308,22.292,22.270,22.239,22.209,22.186,22.163,22.125,22.094,22.063,22.041,22.002,21.972,21.949,21.934,21.911,21.895,21.888,21.880,21.880,21.865,21.865,21.857,21.857,21.842,21.834,21.842,21.849,21.857,21.849,21.857,21.888,21.949,22.002,22.048,22.079,22.079,22.109,22.163,22.224,22.254,22.277,22.300,22.323,22.346,22.369,22.376,22.384,22.391,22.414,22.452,22.506,22.536,22.551,22.559,22.566,22.574,22.582,22.597,22.620,22.627,22.597,22.582,22.604,22.627,22.635,22.665,22.726,22.824,22.855,22.885,22.938,23.067,23.180,23.286,23.407,23.663,24.045,24.658,25.540,26.678,28.035,29.225,30.141,30.740,30.986,31.252,31.615,32.033,32.074,32.033,32.012,32.081,32.172,32.227,32.234,32.165,32.095,32.012,31.928,31.824,31.720,31.629,31.559,31.497,31.420,31.343,31.266,31.196,31.133,31.070,31.014,30.972,30.944,30.923,30.902,30.866,30.831,30.796,30.775,30.747,30.754,30.754,30.740,30.719,30.705,30.705,30.719,30.726,30.740,30.754,30.768,30.789,30.810,30.838,30.859,30.873,30.888,30.909,30.937,30.965,31.000,31.042,31.077,31.112,31.168,31.231,31.287,31.350,31.434,31.517,31.608,31.692,31.761,31.824,31.880,31.942,32.026,32.109,32.185,32.255,32.338,32.421,32.490,32.469,32.435,32.428,32.442,32.414,32.206,31.977,31.775,31.643,31.308,30.993,30.768,30.712,30.374,29.886,29.325,28.818,28.165,27.413,26.605,25.813,25.148,24.561,24.068,23.738,23.444,23.180,22.968,22.893,22.862,22.832,22.779,22.688,22.635,22.612,22.597,22.582,22.536,22.475,22.414,22.414,22.452,22.483,22.490,22.475,22.460,22.452,22.437,22.422,22.399,22.391,22.384,22.384,22.391,22.399,22.399,22.407,22.407,22.407,22.414,22.414,22.414,22.414,22.407,22.407,22.407,22.399,22.407,22.422,22.437,22.460,22.475,22.483,22.490,22.490,22.498,22.513,22.513,22.521,22.521,22.506,22.498,22.483,22.475,22.468,22.460,22.452,22.452,22.437,22.429,22.414,22.399,22.384,22.369,22.353,22.330,22.308,22.285,22.262,22.239,22.216,22.193,22.178,22.155,22.132,22.125,22.117,22.094,22.094,22.079,22.063,22.048,22.033,22.025,22.018,22.018,22.010,22.010,22.010,22.002,21.995,21.987,21.972,21.956,21.934,21.918,21.903,21.880,21.865,21.849,21.834,21.819,21.803,21.796,21.780,21.765,21.750,21.727,21.711,21.696,21.688,21.673,21.658,21.642,21.627,21.612,21.596,21.573,21.550,21.535,21.512,21.489,21.474,21.458,21.443,21.427,21.404,21.389,21.374,21.358,21.343,21.335,21.320,21.304,21.274,21.250,21.220,21.197,21.189,21.197,21.197,21.181,21.150,21.112,21.073,21.050,21.058,21.081,21.089,21.096,21.081,21.058,21.035,21.019,21.011,21.004,20.996,20.988,20.973,20.957,20.942,20.926,20.911,20.896,20.888,20.880,20.880,20.880,20.880,20.880,20.872,20.865,20.857,20.841,20.826,20.818,20.803,20.795,20.780,20.780,20.772,20.772,20.764,20.764,20.764,20.764,20.764,20.764,20.756,20.749,20.741,20.733,20.718,20.702,20.679,20.663,20.656,20.663,20.687,20.725,20.749,20.764,20.749,20.718,20.694,20.679,20.694,20.710,20.733,20.741,20.733,20.718,20.702,20.702,20.702,20.718,20.725,20.741,20.764,20.780,20.787,20.803,20.818,20.826,20.834,20.841,20.857,20.872,20.880,20.896,20.903,20.911,20.926,20.942,20.957,20.981,21.004,21.027,21.058,21.089,21.112,21.127,21.135,21.135,21.143,21.150,21.173,21.197,21.220,21.243,21.274,21.297,21.312,21.327,21.312,21.289,21.281,21.304,21.351,21.412,21.466,21.497,21.504,21.504
,22.718,22.711,22.688,22.658,22.627,22.589,22.566,22.551,22.536,22.521,22.506,22.498,22.483,22.468,22.452,22.429,22.407,22.384,22.369,22.353,22.338,22.315,22.300,22.277,22.262,22.239,22.201,22.178,22.147,22.117,22.079,22.056,22.025,22.002,21.964,21.949,21.926,21.911,21.888,21.880,21.872,21.865,21.857,21.857,21.849,21.849,21.834,21.826,21.826,21.834,21.842,21.842,21.849,21.872,21.934,21.987,22.033,22.071,22.079,22.094,22.140,22.209,22.239,22.254,22.277,22.300,22.323,22.346,22.369,22.384,22.376,22.384,22.414,22.460,22.498,22.521,22.536,22.544,22.551,22.566,22.589,22.620,22.620,22.597,22.589,22.604,22.620,22.627,22.650,22.718,22.832,22.855,22.862,22.908,23.059,23.165,23.263,23.392,23.648,23.978,24.539,25.378,26.539,27.920,29.161,30.155,30.810,31.042,31.294,31.664,32.116,32.144,32.088,32.054,32.137,32.213,32.269,32.276,32.206,32.137,32.067,31.977,31.873,31.775,31.692,31.622,31.559,31.476,31.392,31.308,31.231,31.168,31.105,31.042,31.000,30.965,30.937,30.916,30.881,30.845,30.810,30.782,30.754,30.754,30.754,30.740,30.733,30.712,30.712,30.726,30.747,30.761,30.775,30.796,30.810,30.831,30.859,30.888,30.902,30.916,30.944,30.979,31.014,31.049,31.091,31.126,31.175,31.224,31.280,31.336,31.434,31.510,31.594,31.678,31.755,31.824,31.894,31.956,32.012,32.109,32.199,32.276,32.331,32.414,32.497,32.566,32.552,32.511,32.490,32.497,32.463,32.234,31.998,31.803,31.671,31.322,31.007,30.796,30.733,30.381,29.886,29.304,28.754,28.071,27.297,26.452,25.658,24.985,24.404,23.925,23.632,23.346,23.089,22.893,22.847,22.832,22.794,22.733,22.665,22.620,22.597,22.589,22.574,22.513,22.452,22.407,22.414,22.452,22.483,22.483,22.468,22.452,22.437,22.422,22.414,22.399,22.391,22.384,22.384,22.384,22.391,22.391,22.399,22.399,22.407,22.407,22.407,22.414,22.407,22.407,22.407,22.399,22.391,22.399,22.414,22.429,22.445,22.460,22.468,22.475,22.483,22.483,22.498,22.506,22.506,22.506,22.498,22.483,22.475,22.460,22.452,22.452,22.445,22.437,22.422,22.414,22.399,22.384,22.361,22.353,22.338,22.308,22.285,22.262,22.239,22.209,22.186,22.170,22.147,22.125,22.117,22.102,22.079,22.056,22.071,22.056,22.041,22.025,22.010,22.002,22.002,22.002,21.995,21.995,21.995,21.987,21.979,21.979,21.964,21.949,21.934,21.918,21.903,21.888,21.872,21.857,21.842,21.819,21.811,21.796,21.788,21.765,21.757,21.742,21.727,21.704,21.696,21.681,21.673,21.650,21.635,21.619,21.596,21.581,21.558,21.543,21.520,21.497,21.481,21.466,21.450,21.435,21.412,21.397,21.381,21.358,21.343,21.335,21.327,21.304,21.281,21.250,21.227,21.204,21.197,21.197,21.197,21.181,21.150,21.119,21.089,21.065,21.073,21.081,21.096,21.096,21.081,21.058,21.035,21.011,21.011,21.004,20.996,20.981,20.965,20.950,20.934,20.919,20.903,20.896,20.888,20.880,20.880,20.880,20.880,20.872,20.872,20.865,20.857,20.841,20.834,20.818,20.811,20.803,20.795,20.787,20.780,20.772,20.764,20.764,20.756,20.756,20.756,20.764,20.764,20.756,20.749,20.733,20.725,20.702,20.687,20.671,20.663,20.671,20.694,20.733,20.756,20.772,20.749,20.718,20.687,20.679,20.687,20.718,20.741,20.749,20.741,20.725,20.710,20.702,20.710,20.718,20.733,20.749,20.764,20.780,20.795,20.803,20.818,20.826,20.841,20.849,20.865,20.872,20.888,20.896,20.903,20.911,20.926,20.942,20.957,20.981,21.011,21.035,21.073,21.096,21.119,21.135,21.135,21.127,21.127,21.135,21.166,21.197,21.227,21.258,21.297,21.320,21.343,21.351,21.327,21.289,21.274,21.289,21.351,21.427,21.489,21.535,21.543,21.543
,22.703,22.688,22.673,22.650,22.620,22.589,22.566,22.551,22.536,22.513,22.506,22.490,22.483,22.460,22.445,22.422,22.399,22.376,22.353,22.346,22.330,22.308,22.285,22.270,22.254,22.224,22.193,22.170,22.140,22.102,22.071,22.048,22.018,21.987,21.956,21.941,21.926,21.903,21.888,21.872,21.865,21.857,21.849,21.849,21.849,21.842,21.834,21.819,21.819,21.826,21.834,21.842,21.849,21.865,21.911,21.972,22.025,22.063,22.071,22.079,22.117,22.178,22.224,22.239,22.254,22.277,22.300,22.323,22.346,22.369,22.384,22.384,22.391,22.414,22.460,22.483,22.498,22.513,22.521,22.544,22.582,22.620,22.620,22.597,22.589,22.604,22.620,22.627,22.650,22.696,22.809,22.840,22.855,22.893,23.037,23.135,23.241,23.392,23.632,23.933,24.457,25.259,26.415,27.811,29.097,30.148,30.873,31.105,31.336,31.699,32.192,32.213,32.144,32.095,32.172,32.255,32.296,32.289,32.241,32.179,32.109,32.026,31.928,31.831,31.748,31.678,31.615,31.531,31.434,31.343,31.266,31.196,31.126,31.063,31.014,30.979,30.951,30.923,30.895,30.859,30.824,30.796,30.768,30.754,30.747,30.740,30.733,30.733,30.733,30.747,30.768,30.782,30.796,30.810,30.824,30.845,30.873,30.902,30.916,30.930,30.958,30.993,31.042,31.091,31.133,31.175,31.224,31.273,31.336,31.406,31.497,31.580,31.657,31.734,31.824,31.894,31.956,32.019,32.102,32.206,32.283,32.345,32.400,32.476,32.559,32.622,32.608,32.552,32.518,32.504,32.469,32.241,32.012,31.817,31.678,31.322,30.993,30.775,30.712,30.346,29.822,29.204,28.610,27.891,27.086,26.232,25.437,24.755,24.203,23.775,23.489,23.203,22.976,22.832,22.794,22.771,22.741,22.703,22.635,22.597,22.582,22.582,22.559,22.498,22.437,22.407,22.422,22.460,22.483,22.475,22.452,22.437,22.422,22.414,22.399,22.399,22.391,22.384,22.384,22.376,22.376,22.376,22.391,22.391,22.399,22.407,22.407,22.414,22.407,22.407,22.399,22.391,22.384,22.384,22.399,22.414,22.429,22.445,22.452,22.460,22.460,22.468,22.483,22.490,22.490,22.490,22.483,22.475,22.468,22.452,22.445,22.437,22.429,22.422,22.407,22.399,22.384,22.361,22.338,22.330,22.315,22.285,22.262,22.239,22.216,22.186,22.163,22.140,22.125,22.109,22.086,22.056,22.048,22.056,22.041,22.033,22.018,22.002,21.987,21.987,21.987,21.979,21.979,21.979,21.979,21.979,21.972,21.964,21.956,21.941,21.934,21.918,21.903,21.888,21.872,21.857,21.842,21.826,21.811,21.803,21.796,21.780,21.765,21.750,21.734,21.719,21.704,21.688,21.673,21.658,21.642,21.627,21.604,21.581,21.566,21.550,21.527,21.504,21.489,21.474,21.458,21.435,21.420,21.404,21.381,21.366,21.351,21.343,21.327,21.312,21.281,21.258,21.235,21.212,21.204,21.197,21.197,21.181,21.150,21.119,21.096,21.081,21.073,21.089,21.096,21.089,21.073,21.058,21.035,21.019,21.004,20.996,20.988,20.965,20.957,20.942,20.934,20.911,20.903,20.896,20.888,20.880,20.880,20.872,20.872,20.872,20.865,20.857,20.849,20.841,20.841,20.834,20.826,20.811,20.803,20.795,20.787,20.772,20.764,20.764,20.756,20.756,20.756,20.756,20.756,20.749,20.749,20.741,20.733,20.718,20.702,20.694,20.687,20.687,20.710,20.733,20.749,20.756,20.741,20.710,20.694,20.687,20.694,20.718,20.741,20.749,20.749,20.733,20.718,20.710,20.725,20.733,20.749,20.764,20.780,20.795,20.803,20.818,20.834,20.841,20.857,20.865,20.880,20.888,20.903,20.911,20.919,20.926,20.934,20.957,20.973,20.988,21.011,21.042,21.073,21.096,21.119,21.135,21.135,21.135,21.135,21.150,21.173,21.204,21.227,21.258,21.304,21.343,21.366,21.374,21.351,21.297,21.266,21.274,21.351,21.443,21.520,21.573,21.581,21.589
,22.696,22.688,22.665,22.642,22.620,22.589,22.566,22.551,22.536,22.513,22.498,22.490,22.475,22.460,22.437,22.414,22.391,22.369,22.353,22.338,22.323,22.300,22.277,22.262,22.239,22.216,22.186,22.163,22.132,22.094,22.063,22.041,22.010,21.979,21.956,21.941,21.918,21.903,21.880,21.872,21.857,21.849,21.842,21.842,21.849,21.842,21.826,21.819,21.811,21.819,21.834,21.842,21.842,21.857,21.888,21.949,22.002,22.048,22.063,22.071,22.102,22.147,22.201,22.216,22.231,22.247,22.277,22.308,22.330,22.346,22.369,22.376,22.384,22.391,22.422,22.452,22.475,22.490,22.490,22.513,22.544,22.589,22.612,22.582,22.574,22.597,22.627,22.627,22.642,22.680,22.771,22.802,22.817,22.840,22.968,23.074,23.203,23.369,23.602,23.873,24.382,25.178,26.327,27.732,29.047,30.155,30.944,31.168,31.378,31.734,32.269,32.296,32.213,32.151,32.227,32.303,32.345,32.338,32.296,32.241,32.179,32.095,31.998,31.894,31.803,31.727,31.657,31.573,31.476,31.385,31.301,31.231,31.161,31.091,31.035,31.000,30.972,30.944,30.909,30.873,30.838,30.803,30.775,30.754,30.740,30.740,30.740,30.747,30.754,30.768,30.789,30.803,30.817,30.824,30.838,30.866,30.888,30.916,30.923,30.944,30.972,31.014,31.070,31.112,31.161,31.210,31.266,31.315,31.378,31.455,31.538,31.629,31.713,31.789,31.880,31.949,32.019,32.088,32.185,32.283,32.359,32.414,32.463,32.532,32.608,32.656,32.635,32.573,32.518,32.497,32.456,32.234,32.005,31.817,31.671,31.308,30.979,30.761,30.684,30.289,29.737,29.097,28.467,27.703,26.875,26.019,25.252,24.613,24.098,23.685,23.376,23.127,22.946,22.817,22.771,22.756,22.726,22.680,22.612,22.582,22.574,22.574,22.544,22.483,22.437,22.414,22.437,22.468,22.475,22.468,22.445,22.422,22.407,22.399,22.391,22.391,22.391,22.391,22.384,22.369,22.369,22.369,22.376,22.384,22.391,22.407,22.407,22.407,22.407,22.399,22.399,22.384,22.376,22.376,22.384,22.399,22.414,22.429,22.437,22.437,22.445,22.452,22.460,22.468,22.468,22.475,22.468,22.468,22.460,22.445,22.437,22.429,22.414,22.399,22.391,22.384,22.369,22.353,22.330,22.315,22.292,22.262,22.239,22.216,22.193,22.170,22.140,22.125,22.109,22.086,22.056,22.048,22.041,22.041,22.033,22.018,22.002,21.979,21.972,21.972,21.964,21.964,21.964,21.964,21.964,21.964,21.956,21.956,21.949,21.934,21.926,21.918,21.903,21.888,21.872,21.857,21.842,21.826,21.811,21.811,21.796,21.788,21.773,21.765,21.742,21.727,21.711,21.696,21.681,21.658,21.642,21.627,21.604,21.589,21.573,21.550,21.535,21.512,21.497,21.481,21.466,21.443,21.420,21.404,21.389,21.374,21.358,21.343,21.327,21.312,21.281,21.258,21.243,21.220,21.204,21.204,21.197,21.173,21.150,21.127,21.104,21.089,21.089,21.096,21.096,21.089,21.073,21.058,21.042,21.019,21.004,20.988,20.981,20.965,20.950,20.934,20.926,20.911,20.903,20.903,20.896,20.888,20.880,20.872,20.865,20.865,20.857,20.857,20.849,20.849,20.841,20.841,20.834,20.818,20.803,20.795,20.787,20.772,20.764,20.756,20.756,20.749,20.749,20.749,20.749,20.749,20.741,20.741,20.733,20.733,20.725,20.710,20.702,20.702,20.710,20.725,20.741,20.741,20.733,20.718,20.702,20.694,20.710,20.718,20.733,20.749,20.749,20.733,20.733,20.733,20.741,20.756,20.772,20.787,20.803,20.811,20.826,20.849,20.857,20.872,20.880,20.896,20.903,20.911,20.926,20.934,20.942,20.950,20.965,20.973,20.996,21.004,21.019,21.042,21.065,21.089,21.112,21.127,21.143,21.150,21.158,21.173,21.197,21.204,21.227,21.250,21.297,21.351,21.381,21.397,21.366,21.304,21.266,21.266,21.351,21.450,21.535,21.596,21.612,21.612
,22.688,22.680,22.665,22.642,22.620,22.589,22.566,22.559,22.536,22.521,22.498,22.490,22.475,22.460,22.437,22.414,22.391,22.369,22.353,22.338,22.323,22.300,22.277,22.254,22.231,22.209,22.178,22.155,22.125,22.094,22.056,22.033,22.002,21.979,21.956,21.934,21.918,21.903,21.880,21.865,21.849,21.842,21.834,21.842,21.842,21.842,21.826,21.811,21.811,21.811,21.826,21.834,21.842,21.842,21.872,21.926,21.987,22.041,22.056,22.063,22.086,22.125,22.178,22.201,22.209,22.224,22.254,22.285,22.315,22.330,22.346,22.361,22.376,22.384,22.407,22.437,22.452,22.452,22.445,22.468,22.498,22.536,22.566,22.551,22.551,22.589,22.620,22.635,22.642,22.658,22.726,22.764,22.771,22.779,22.893,23.006,23.142,23.316,23.550,23.798,24.292,25.104,26.246,27.660,28.997,30.148,31.000,31.224,31.427,31.761,32.324,32.366,32.289,32.213,32.276,32.352,32.400,32.407,32.366,32.317,32.262,32.179,32.074,31.963,31.859,31.775,31.699,31.622,31.524,31.427,31.343,31.273,31.196,31.119,31.056,31.021,30.986,30.951,30.909,30.881,30.845,30.810,30.782,30.754,30.740,30.740,30.747,30.761,30.782,30.796,30.817,30.824,30.831,30.838,30.852,30.881,30.909,30.930,30.937,30.958,30.993,31.042,31.098,31.147,31.196,31.252,31.308,31.357,31.420,31.497,31.587,31.678,31.768,31.852,31.928,31.998,32.074,32.158,32.248,32.352,32.435,32.483,32.532,32.587,32.649,32.691,32.663,32.587,32.525,32.483,32.442,32.220,31.998,31.810,31.650,31.287,30.965,30.747,30.649,30.219,29.645,28.990,28.309,27.522,26.678,25.828,25.104,24.501,24.008,23.610,23.324,23.105,22.931,22.809,22.764,22.749,22.718,22.658,22.597,22.574,22.566,22.559,22.528,22.475,22.437,22.422,22.445,22.468,22.468,22.460,22.429,22.414,22.399,22.384,22.384,22.391,22.391,22.391,22.376,22.369,22.361,22.353,22.369,22.376,22.391,22.399,22.399,22.399,22.399,22.399,22.391,22.376,22.369,22.369,22.376,22.391,22.407,22.414,22.422,22.422,22.422,22.429,22.437,22.437,22.445,22.445,22.452,22.452,22.445,22.437,22.429,22.414,22.399,22.384,22.376,22.369,22.353,22.330,22.308,22.292,22.270,22.239,22.216,22.193,22.170,22.147,22.125,22.109,22.086,22.063,22.041,22.041,22.033,22.025,22.010,21.995,21.979,21.964,21.956,21.949,21.949,21.941,21.941,21.941,21.941,21.941,21.941,21.941,21.934,21.926,21.918,21.911,21.895,21.888,21.872,21.857,21.842,21.826,21.819,21.811,21.803,21.796,21.780,21.773,21.750,21.734,21.711,21.696,21.681,21.658,21.642,21.627,21.612,21.589,21.573,21.558,21.543,21.520,21.497,21.481,21.466,21.443,21.420,21.412,21.397,21.374,21.358,21.343,21.327,21.312,21.281,21.266,21.243,21.227,21.204,21.197,21.189,21.173,21.150,21.135,21.119,21.096,21.096,21.096,21.096,21.089,21.073,21.058,21.042,21.019,21.004,20.988,20.973,20.957,20.942,20.934,20.919,20.911,20.903,20.903,20.896,20.888,20.872,20.865,20.857,20.857,20.849,20.849,20.849,20.849,20.849,20.841,20.834,20.826,20.811,20.795,20.787,20.772,20.756,20.756,20.749,20.741,20.741,20.741,20.741,20.741,20.741,20.741,20.741,20.733,20.733,20.725,20.718,20.718,20.718,20.725,20.725,20.733,20.725,20.718,20.710,20.710,20.718,20.725,20.733,20.741,20.741,20.741,20.741,20.749,20.756,20.772,20.780,20.803,20.818,20.834,20.849,20.865,20.880,20.888,20.903,20.911,20.926,20.934,20.942,20.957,20.965,20.973,20.981,20.996,21.011,21.011,21.019,21.042,21.058,21.081,21.096,21.119,21.143,21.158,21.181,21.197,21.212,21.212,21.220,21.243,21.297,21.351,21.397,21.412,21.381,21.312,21.266,21.274,21.351,21.458,21.550,21.612,21.619,21.627
,22.680,22.673,22.665,22.642,22.620,22.597,22.574,22.559,22.544,22.521,22.506,22.490,22.475,22.460,22.429,22.414,22.391,22.361,22.346,22.330,22.315,22.292,22.270,22.254,22.231,22.201,22.170,22.147,22.125,22.094,22.056,22.025,22.002,21.972,21.949,21.934,21.911,21.895,21.872,21.857,21.849,21.834,21.834,21.834,21.834,21.834,21.826,21.811,21.803,21.811,21.819,21.834,21.834,21.834,21.857,21.911,21.979,22.041,22.056,22.056,22.071,22.102,22.155,22.178,22.193,22.201,22.224,22.262,22.292,22.308,22.323,22.338,22.369,22.391,22.407,22.422,22.422,22.414,22.384,22.407,22.445,22.483,22.506,22.513,22.536,22.574,22.612,22.635,22.642,22.650,22.688,22.726,22.733,22.733,22.824,22.923,23.067,23.263,23.474,23.708,24.210,25.029,26.166,27.573,28.932,30.134,31.049,31.280,31.462,31.782,32.366,32.428,32.352,32.269,32.324,32.393,32.449,32.476,32.449,32.407,32.345,32.269,32.151,32.033,31.928,31.831,31.761,31.671,31.573,31.469,31.385,31.315,31.231,31.140,31.077,31.035,31.000,30.965,30.916,30.873,30.838,30.803,30.782,30.754,30.740,30.740,30.747,30.775,30.803,30.817,30.831,30.838,30.845,30.845,30.866,30.902,30.930,30.951,30.951,30.972,31.014,31.070,31.126,31.182,31.238,31.301,31.357,31.399,31.455,31.538,31.650,31.734,31.817,31.908,31.970,32.047,32.130,32.220,32.303,32.414,32.497,32.546,32.587,32.628,32.684,32.732,32.698,32.615,32.546,32.490,32.428,32.206,31.984,31.803,31.622,31.252,30.937,30.740,30.599,30.141,29.553,28.868,28.136,27.326,26.474,25.629,24.955,24.397,23.918,23.527,23.309,23.097,22.923,22.794,22.764,22.749,22.711,22.650,22.589,22.574,22.559,22.544,22.506,22.460,22.437,22.429,22.452,22.460,22.452,22.445,22.422,22.399,22.391,22.376,22.376,22.384,22.391,22.391,22.376,22.361,22.353,22.353,22.353,22.369,22.376,22.391,22.391,22.391,22.391,22.391,22.391,22.376,22.369,22.369,22.369,22.384,22.391,22.399,22.399,22.399,22.391,22.399,22.407,22.407,22.414,22.414,22.429,22.429,22.429,22.422,22.414,22.399,22.384,22.361,22.353,22.346,22.330,22.308,22.285,22.262,22.239,22.209,22.186,22.163,22.140,22.117,22.094,22.079,22.056,22.033,22.025,22.018,22.010,22.002,21.979,21.972,21.956,21.941,21.934,21.926,21.926,21.926,21.926,21.926,21.926,21.926,21.926,21.926,21.926,21.911,21.911,21.903,21.895,21.880,21.865,21.857,21.842,21.826,21.826,21.819,21.811,21.803,21.788,21.773,21.757,21.734,21.719,21.704,21.681,21.665,21.642,21.627,21.612,21.596,21.573,21.558,21.543,21.527,21.504,21.489,21.466,21.443,21.427,21.412,21.397,21.381,21.358,21.343,21.327,21.312,21.289,21.274,21.250,21.227,21.212,21.197,21.189,21.173,21.150,21.135,21.127,21.104,21.104,21.096,21.089,21.081,21.058,21.050,21.035,21.019,20.996,20.981,20.965,20.950,20.934,20.926,20.919,20.903,20.896,20.896,20.896,20.880,20.872,20.857,20.849,20.841,20.841,20.841,20.849,20.849,20.841,20.841,20.841,20.826,20.811,20.795,20.780,20.764,20.756,20.749,20.749,20.741,20.741,20.741,20.741,20.741,20.741,20.741,20.733,20.733,20.733,20.741,20.733,20.733,20.725,20.725,20.725,20.725,20.725,20.725,20.725,20.725,20.733,20.733,20.733,20.733,20.733,20.741,20.749,20.756,20.764,20.780,20.787,20.811,20.826,20.834,20.849,20.865,20.888,20.896,20.903,20.911,20.926,20.934,20.950,20.957,20.973,20.981,20.996,21.004,21.011,21.011,21.019,21.035,21.050,21.065,21.089,21.112,21.143,21.166,21.189,21.212,21.212,21.212,21.212,21.235,21.281,21.343,21.389,21.412,21.381,21.312,21.274,21.274,21.358,21.458,21.550,21.604,21.619,21.619
,22.673,22.665,22.658,22.642,22.620,22.597,22.582,22.566,22.544,22.528,22.506,22.490,22.475,22.452,22.429,22.414,22.391,22.361,22.346,22.330,22.315,22.292,22.262,22.247,22.224,22.193,22.163,22.147,22.125,22.094,22.056,22.033,22.002,21.972,21.941,21.926,21.911,21.888,21.872,21.857,21.849,21.842,21.834,21.834,21.834,21.826,21.819,21.811,21.803,21.811,21.826,21.842,21.842,21.834,21.842,21.888,21.956,22.025,22.048,22.041,22.056,22.094,22.125,22.155,22.178,22.186,22.209,22.231,22.262,22.292,22.308,22.315,22.346,22.384,22.414,22.437,22.422,22.391,22.346,22.369,22.407,22.452,22.475,22.483,22.513,22.566,22.597,22.620,22.642,22.650,22.665,22.696,22.711,22.718,22.787,22.862,23.014,23.226,23.422,23.640,24.135,24.970,26.078,27.486,28.861,30.098,31.077,31.315,31.483,31.782,32.386,32.463,32.386,32.289,32.338,32.407,32.476,32.518,32.511,32.476,32.414,32.324,32.220,32.102,31.991,31.887,31.810,31.713,31.608,31.510,31.420,31.343,31.252,31.161,31.091,31.042,31.007,30.972,30.916,30.866,30.824,30.796,30.782,30.754,30.740,30.740,30.747,30.782,30.810,30.831,30.845,30.845,30.845,30.845,30.881,30.916,30.937,30.951,30.951,30.986,31.035,31.091,31.140,31.203,31.273,31.336,31.378,31.427,31.497,31.580,31.685,31.789,31.866,31.935,32.026,32.102,32.179,32.262,32.373,32.469,32.546,32.594,32.628,32.670,32.718,32.773,32.753,32.663,32.580,32.511,32.428,32.199,31.970,31.775,31.587,31.210,30.895,30.691,30.522,30.042,29.410,28.682,27.905,27.072,26.224,25.407,24.755,24.210,23.783,23.467,23.226,22.999,22.847,22.771,22.733,22.703,22.665,22.620,22.559,22.536,22.528,22.521,22.483,22.460,22.445,22.445,22.452,22.452,22.445,22.422,22.407,22.391,22.376,22.376,22.376,22.376,22.384,22.384,22.376,22.361,22.346,22.346,22.353,22.361,22.369,22.384,22.391,22.391,22.391,22.391,22.384,22.369,22.361,22.361,22.369,22.376,22.384,22.384,22.384,22.376,22.376,22.369,22.369,22.376,22.384,22.384,22.399,22.407,22.414,22.414,22.399,22.384,22.369,22.353,22.338,22.330,22.315,22.285,22.262,22.239,22.209,22.186,22.155,22.140,22.117,22.094,22.063,22.048,22.033,22.018,21.995,21.995,21.979,21.972,21.956,21.941,21.934,21.926,21.911,21.903,21.903,21.903,21.903,21.911,21.911,21.918,21.918,21.918,21.911,21.911,21.903,21.888,21.880,21.865,21.857,21.849,21.842,21.826,21.826,21.819,21.819,21.803,21.788,21.773,21.750,21.727,21.711,21.696,21.681,21.658,21.642,21.627,21.612,21.596,21.581,21.566,21.543,21.527,21.504,21.489,21.474,21.450,21.427,21.412,21.397,21.374,21.358,21.343,21.327,21.304,21.289,21.274,21.258,21.235,21.220,21.204,21.181,21.166,21.150,21.143,21.127,21.112,21.096,21.081,21.073,21.058,21.042,21.035,21.027,21.011,20.996,20.981,20.965,20.942,20.926,20.919,20.911,20.896,20.888,20.888,20.880,20.872,20.857,20.849,20.841,20.834,20.834,20.834,20.841,20.841,20.841,20.834,20.826,20.818,20.803,20.787,20.772,20.756,20.749,20.749,20.749,20.741,20.741,20.749,20.749,20.749,20.741,20.741,20.733,20.733,20.733,20.741,20.741,20.741,20.733,20.733,20.725,20.725,20.725,20.725,20.733,20.733,20.733,20.733,20.733,20.733,20.733,20.741,20.741,20.756,20.756,20.772,20.780,20.795,20.811,20.818,20.834,20.841,20.857,20.865,20.872,20.880,20.903,20.911,20.926,20.934,20.957,20.965,20.973,20.988,20.996,20.996,21.004,21.011,21.035,21.050,21.081,21.104,21.135,21.158,21.181,21.204,21.212,21.212,21.212,21.227,21.274,21.327,21.366,21.389,21.358,21.312,21.281,21.289,21.366,21.450,21.527,21.581,21.589,21.589
,22.673,22.665,22.658,22.642,22.620,22.597,22.582,22.566,22.551,22.536,22.513,22.490,22.475,22.452,22.429,22.414,22.391,22.369,22.346,22.330,22.315,22.285,22.262,22.239,22.216,22.186,22.170,22.147,22.132,22.102,22.063,22.033,22.002,21.972,21.941,21.918,21.903,21.880,21.865,21.857,21.857,21.849,21.834,21.834,21.826,21.826,21.819,21.811,21.811,21.819,21.834,21.842,21.849,21.842,21.826,21.857,21.918,21.987,22.025,22.033,22.041,22.063,22.109,22.132,22.155,22.170,22.186,22.209,22.231,22.262,22.285,22.292,22.315,22.353,22.407,22.429,22.414,22.376,22.330,22.346,22.384,22.429,22.452,22.468,22.498,22.544,22.582,22.612,22.635,22.658,22.658,22.696,22.718,22.733,22.794,22.855,23.006,23.226,23.414,23.617,24.098,24.918,25.997,27.384,28.768,30.049,31.091,31.343,31.497,31.775,32.379,32.483,32.421,32.310,32.338,32.414,32.490,32.546,32.546,32.518,32.463,32.373,32.262,32.137,32.026,31.928,31.845,31.741,31.636,31.524,31.434,31.357,31.266,31.175,31.098,31.042,31.007,30.972,30.916,30.859,30.817,30.796,30.782,30.761,30.747,30.740,30.747,30.775,30.810,30.831,30.845,30.831,30.831,30.845,30.881,30.909,30.923,30.930,30.937,30.986,31.035,31.091,31.147,31.217,31.287,31.357,31.399,31.448,31.524,31.629,31.727,31.824,31.908,31.984,32.067,32.144,32.227,32.317,32.428,32.525,32.594,32.642,32.670,32.711,32.760,32.808,32.787,32.691,32.594,32.518,32.421,32.185,31.956,31.748,31.545,31.168,30.845,30.627,30.430,29.907,29.232,28.474,27.696,26.839,25.990,25.200,24.546,24.045,23.655,23.346,23.074,22.900,22.787,22.718,22.688,22.665,22.635,22.589,22.544,22.528,22.513,22.498,22.468,22.452,22.445,22.452,22.437,22.437,22.429,22.414,22.399,22.384,22.376,22.376,22.376,22.376,22.384,22.384,22.369,22.353,22.346,22.346,22.346,22.353,22.361,22.369,22.376,22.384,22.384,22.384,22.384,22.376,22.369,22.361,22.361,22.369,22.376,22.376,22.369,22.361,22.353,22.353,22.346,22.346,22.353,22.361,22.376,22.391,22.399,22.399,22.391,22.376,22.361,22.338,22.330,22.315,22.292,22.262,22.239,22.216,22.186,22.155,22.132,22.117,22.094,22.063,22.041,22.025,22.018,21.995,21.979,21.972,21.964,21.949,21.934,21.926,21.918,21.911,21.903,21.895,21.888,21.888,21.888,21.895,21.903,21.903,21.911,21.911,21.911,21.903,21.895,21.888,21.872,21.857,21.849,21.842,21.834,21.826,21.819,21.819,21.811,21.803,21.780,21.765,21.742,21.719,21.704,21.688,21.673,21.658,21.642,21.627,21.612,21.596,21.573,21.558,21.543,21.520,21.504,21.489,21.474,21.450,21.427,21.412,21.389,21.374,21.351,21.343,21.327,21.304,21.289,21.281,21.266,21.243,21.227,21.204,21.181,21.166,21.150,21.143,21.135,21.119,21.096,21.073,21.058,21.035,21.027,21.019,21.019,21.004,20.988,20.973,20.957,20.942,20.926,20.911,20.903,20.896,20.880,20.872,20.865,20.857,20.849,20.841,20.834,20.826,20.818,20.826,20.826,20.826,20.826,20.818,20.818,20.811,20.795,20.780,20.764,20.756,20.749,20.749,20.749,20.749,20.756,20.764,20.764,20.764,20.749,20.741,20.725,20.718,20.725,20.733,20.741,20.741,20.741,20.741,20.733,20.733,20.733,20.741,20.741,20.741,20.741,20.741,20.733,20.733,20.733,20.733,20.733,20.741,20.749,20.756,20.764,20.772,20.780,20.787,20.795,20.803,20.811,20.818,20.826,20.841,20.857,20.872,20.888,20.903,20.919,20.934,20.942,20.957,20.965,20.965,20.973,20.988,21.011,21.042,21.065,21.096,21.127,21.150,21.173,21.197,21.204,21.204,21.212,21.227,21.258,21.297,21.327,21.351,21.335,21.304,21.289,21.304,21.366,21.435,21.497,21.543,21.543,21.550
,22.673,22.665,22.658,22.642,22.620,22.597,22.582,22.566,22.559,22.536,22.513,22.498,22.475,22.452,22.429,22.407,22.391,22.369,22.346,22.330,22.308,22.285,22.262,22.239,22.209,22.186,22.170,22.147,22.132,22.109,22.071,22.041,22.002,21.972,21.934,21.911,21.895,21.872,21.857,21.857,21.857,21.849,21.834,21.834,21.826,21.819,21.819,21.819,21.819,21.826,21.842,21.849,21.857,21.849,21.826,21.842,21.895,21.964,22.002,22.018,22.025,22.041,22.086,22.117,22.140,22.147,22.170,22.186,22.209,22.231,22.262,22.270,22.292,22.323,22.376,22.407,22.399,22.346,22.308,22.330,22.369,22.414,22.437,22.460,22.490,22.528,22.574,22.604,22.627,22.650,22.650,22.688,22.726,22.756,22.809,22.870,23.021,23.248,23.437,23.625,24.090,24.881,25.923,27.275,28.668,29.985,31.084,31.371,31.524,31.782,32.379,32.518,32.469,32.345,32.352,32.421,32.504,32.580,32.580,32.559,32.504,32.421,32.303,32.185,32.074,31.970,31.880,31.775,31.664,31.545,31.448,31.371,31.287,31.189,31.105,31.042,31.000,30.972,30.916,30.852,30.810,30.789,30.782,30.761,30.754,30.747,30.754,30.782,30.810,30.831,30.845,30.817,30.817,30.845,30.881,30.909,30.916,30.916,30.930,30.986,31.042,31.091,31.154,31.231,31.308,31.378,31.427,31.483,31.566,31.671,31.782,31.866,31.949,32.033,32.123,32.192,32.276,32.386,32.483,32.580,32.656,32.698,32.718,32.760,32.801,32.842,32.815,32.704,32.601,32.518,32.414,32.179,31.942,31.727,31.510,31.126,30.810,30.585,30.339,29.766,29.061,28.287,27.486,26.613,25.769,25.000,24.397,23.940,23.557,23.241,23.006,22.862,22.764,22.688,22.665,22.658,22.620,22.566,22.544,22.528,22.506,22.483,22.460,22.445,22.445,22.445,22.429,22.429,22.414,22.407,22.391,22.384,22.376,22.369,22.369,22.376,22.376,22.376,22.361,22.353,22.346,22.338,22.338,22.353,22.361,22.361,22.369,22.369,22.376,22.376,22.376,22.369,22.369,22.369,22.369,22.369,22.369,22.369,22.361,22.346,22.338,22.330,22.323,22.323,22.330,22.338,22.346,22.369,22.376,22.384,22.376,22.361,22.346,22.323,22.315,22.292,22.270,22.239,22.216,22.193,22.163,22.132,22.109,22.086,22.071,22.048,22.025,22.010,21.995,21.979,21.964,21.956,21.941,21.934,21.918,21.911,21.903,21.903,21.888,21.888,21.880,21.880,21.880,21.888,21.895,21.895,21.903,21.903,21.903,21.903,21.888,21.880,21.865,21.849,21.834,21.834,21.826,21.819,21.819,21.819,21.811,21.803,21.780,21.757,21.742,21.719,21.696,21.688,21.673,21.650,21.642,21.627,21.612,21.596,21.573,21.558,21.543,21.520,21.504,21.489,21.474,21.450,21.427,21.412,21.389,21.366,21.351,21.335,21.320,21.304,21.289,21.281,21.274,21.250,21.227,21.204,21.181,21.158,21.143,21.143,21.135,21.119,21.096,21.073,21.050,21.027,21.011,21.011,21.004,20.996,20.981,20.973,20.957,20.942,20.926,20.911,20.896,20.888,20.872,20.865,20.857,20.849,20.834,20.834,20.826,20.818,20.818,20.818,20.811,20.811,20.811,20.811,20.803,20.795,20.780,20.772,20.756,20.749,20.749,20.749,20.749,20.749,20.756,20.772,20.780,20.772,20.756,20.733,20.718,20.710,20.718,20.725,20.733,20.741,20.741,20.741,20.741,20.741,20.741,20.749,20.749,20.749,20.749,20.741,20.733,20.733,20.733,20.733,20.733,20.733,20.741,20.749,20.749,20.756,20.764,20.764,20.772,20.772,20.780,20.787,20.795,20.803,20.826,20.841,20.865,20.880,20.896,20.911,20.919,20.934,20.942,20.942,20.957,20.973,21.004,21.027,21.058,21.089,21.119,21.135,21.158,21.181,21.189,21.197,21.204,21.220,21.243,21.266,21.297,21.312,21.312,21.297,21.289,21.312,21.366,21.427,21.474,21.504,21.504,21.504
,22.673,22.665,22.658,22.642,22.620,22.597,22.582,22.574,22.559,22.536,22.513,22.498,22.475,22.445,22.422,22.407,22.384,22.361,22.346,22.323,22.308,22.277,22.254,22.231,22.209,22.186,22.163,22.147,22.132,22.109,22.071,22.041,22.010,21.972,21.934,21.911,21.888,21.865,21.857,21.849,21.849,21.842,21.834,21.826,21.819,21.819,21.819,21.819,21.826,21.834,21.842,21.849,21.857,21.857,21.842,21.857,21.895,21.956,21.987,22.010,22.018,22.018,22.056,22.102,22.125,22.132,22.147,22.170,22.186,22.209,22.231,22.247,22.270,22.292,22.338,22.376,22.369,22.315,22.285,22.315,22.361,22.399,22.422,22.445,22.475,22.513,22.559,22.589,22.612,22.635,22.642,22.688,22.733,22.771,22.832,22.900,23.052,23.286,23.467,23.663,24.105,24.859,25.857,27.174,28.560,29.922,31.077,31.399,31.559,31.796,32.393,32.566,32.532,32.400,32.373,32.435,32.532,32.615,32.615,32.601,32.552,32.476,32.352,32.241,32.130,32.033,31.935,31.817,31.692,31.573,31.469,31.392,31.301,31.203,31.119,31.042,31.000,30.965,30.916,30.845,30.796,30.775,30.775,30.768,30.761,30.761,30.768,30.796,30.824,30.845,30.852,30.817,30.817,30.852,30.888,30.909,30.916,30.909,30.937,31.000,31.049,31.098,31.161,31.252,31.336,31.406,31.469,31.538,31.622,31.727,31.845,31.922,31.998,32.088,32.172,32.241,32.338,32.456,32.546,32.642,32.725,32.767,32.787,32.815,32.856,32.891,32.842,32.718,32.601,32.511,32.407,32.165,31.928,31.713,31.476,31.098,30.789,30.557,30.247,29.638,28.911,28.122,27.275,26.393,25.562,24.829,24.307,23.880,23.497,23.180,23.014,22.885,22.771,22.688,22.688,22.673,22.635,22.566,22.544,22.536,22.506,22.468,22.452,22.452,22.445,22.437,22.429,22.422,22.414,22.399,22.391,22.384,22.376,22.369,22.369,22.369,22.376,22.369,22.361,22.346,22.338,22.338,22.338,22.346,22.353,22.353,22.353,22.353,22.361,22.361,22.361,22.361,22.361,22.361,22.361,22.361,22.361,22.353,22.338,22.330,22.315,22.308,22.300,22.300,22.300,22.308,22.323,22.338,22.353,22.361,22.353,22.346,22.330,22.308,22.292,22.270,22.247,22.216,22.193,22.170,22.147,22.117,22.086,22.063,22.048,22.025,22.002,21.987,21.979,21.964,21.949,21.941,21.934,21.918,21.911,21.903,21.895,21.888,21.888,21.880,21.880,21.880,21.880,21.880,21.888,21.895,21.895,21.903,21.903,21.895,21.888,21.872,21.857,21.842,21.834,21.834,21.826,21.819,21.819,21.819,21.811,21.796,21.780,21.757,21.734,21.711,21.696,21.681,21.673,21.650,21.642,21.627,21.619,21.596,21.573,21.558,21.535,21.520,21.497,21.489,21.474,21.450,21.435,21.420,21.397,21.374,21.351,21.335,21.320,21.304,21.289,21.289,21.274,21.258,21.227,21.197,21.173,21.150,21.143,21.143,21.135,21.119,21.096,21.073,21.042,21.019,21.011,21.004,20.996,20.988,20.981,20.965,20.950,20.934,20.919,20.903,20.896,20.880,20.865,20.857,20.849,20.834,20.834,20.826,20.826,20.818,20.818,20.811,20.803,20.795,20.795,20.795,20.795,20.787,20.780,20.764,20.756,20.749,20.741,20.741,20.741,20.741,20.756,20.764,20.772,20.772,20.749,20.733,20.710,20.694,20.702,20.710,20.725,20.733,20.741,20.741,20.741,20.741,20.741,20.749,20.749,20.749,20.749,20.741,20.733,20.725,20.725,20.733,20.733,20.733,20.741,20.741,20.741,20.749,20.756,20.756,20.756,20.756,20.764,20.772,20.780,20.795,20.818,20.834,20.857,20.872,20.896,20.903,20.911,20.919,20.934,20.942,20.950,20.965,20.996,21.027,21.050,21.081,21.112,21.127,21.143,21.166,21.181,21.189,21.197,21.220,21.227,21.243,21.266,21.281,21.289,21.289,21.297,21.320,21.366,21.412,21.450,21.466,21.466,21.466
,22.673,22.665,22.658,22.642,22.620,22.597,22.582,22.566,22.551,22.536,22.513,22.498,22.475,22.445,22.422,22.407,22.384,22.353,22.330,22.315,22.300,22.270,22.247,22.231,22.209,22.186,22.163,22.147,22.125,22.094,22.063,22.033,22.002,21.972,21.926,21.911,21.888,21.865,21.849,21.842,21.834,21.834,21.819,21.819,21.819,21.819,21.811,21.811,21.819,21.826,21.834,21.842,21.857,21.872,21.872,21.888,21.911,21.949,21.972,21.979,21.987,22.002,22.033,22.071,22.102,22.125,22.132,22.147,22.170,22.193,22.209,22.224,22.247,22.277,22.315,22.338,22.323,22.285,22.254,22.285,22.330,22.376,22.399,22.414,22.445,22.483,22.521,22.559,22.589,22.612,22.627,22.673,22.718,22.779,22.855,22.923,23.074,23.309,23.505,23.700,24.143,24.866,25.842,27.108,28.481,29.865,31.070,31.448,31.622,31.831,32.421,32.642,32.635,32.497,32.428,32.476,32.566,32.656,32.677,32.670,32.628,32.546,32.428,32.310,32.192,32.095,31.991,31.866,31.727,31.594,31.490,31.413,31.322,31.231,31.133,31.042,30.993,30.958,30.916,30.831,30.782,30.768,30.775,30.768,30.768,30.768,30.782,30.803,30.831,30.859,30.866,30.831,30.824,30.852,30.895,30.916,30.916,30.916,30.958,31.021,31.070,31.119,31.182,31.280,31.371,31.448,31.504,31.587,31.685,31.789,31.887,31.984,32.061,32.130,32.206,32.303,32.393,32.490,32.601,32.704,32.780,32.829,32.849,32.877,32.911,32.939,32.877,32.739,32.622,32.525,32.407,32.165,31.922,31.692,31.455,31.077,30.761,30.508,30.162,29.531,28.775,27.941,27.072,26.180,25.378,24.702,24.217,23.783,23.444,23.203,23.014,22.862,22.764,22.718,22.696,22.665,22.635,22.589,22.559,22.528,22.498,22.460,22.445,22.452,22.445,22.429,22.429,22.414,22.407,22.391,22.384,22.376,22.369,22.369,22.369,22.369,22.376,22.369,22.361,22.346,22.338,22.338,22.338,22.338,22.338,22.346,22.346,22.346,22.346,22.346,22.353,22.353,22.361,22.361,22.361,22.361,22.353,22.338,22.323,22.308,22.292,22.285,22.277,22.277,22.277,22.285,22.300,22.308,22.323,22.330,22.338,22.330,22.323,22.300,22.270,22.239,22.209,22.193,22.170,22.140,22.117,22.094,22.071,22.041,22.025,22.002,21.987,21.979,21.964,21.949,21.941,21.926,21.918,21.911,21.903,21.895,21.895,21.888,21.888,21.880,21.880,21.880,21.880,21.880,21.888,21.895,21.895,21.895,21.895,21.888,21.880,21.872,21.857,21.842,21.842,21.834,21.826,21.819,21.819,21.819,21.811,21.796,21.773,21.757,21.734,21.719,21.704,21.688,21.681,21.665,21.650,21.642,21.627,21.604,21.581,21.566,21.543,21.520,21.497,21.489,21.474,21.450,21.435,21.420,21.397,21.381,21.358,21.343,21.320,21.304,21.297,21.289,21.274,21.250,21.220,21.197,21.166,21.143,21.143,21.143,21.143,21.127,21.104,21.073,21.050,21.027,21.011,21.004,20.996,20.988,20.973,20.957,20.950,20.926,20.919,20.903,20.888,20.872,20.865,20.849,20.841,20.834,20.834,20.826,20.826,20.818,20.818,20.811,20.803,20.795,20.795,20.795,20.787,20.780,20.780,20.772,20.764,20.749,20.741,20.733,20.725,20.725,20.725,20.733,20.741,20.741,20.725,20.710,20.694,20.694,20.694,20.694,20.710,20.718,20.718,20.725,20.725,20.725,20.733,20.741,20.749,20.749,20.749,20.733,20.725,20.725,20.725,20.733,20.733,20.741,20.749,20.749,20.756,20.764,20.764,20.764,20.772,20.772,20.787,20.787,20.795,20.818,20.841,20.857,20.880,20.903,20.919,20.926,20.934,20.942,20.950,20.957,20.965,20.981,21.004,21.035,21.058,21.081,21.104,21.119,21.135,21.150,21.166,21.181,21.189,21.204,21.220,21.227,21.243,21.258,21.274,21.281,21.289,21.320,21.366,21.404,21.435,21.458,21.458,21.458
,22.673,22.665,22.658,22.642,22.620,22.597,22.582,22.566,22.551,22.528,22.506,22.490,22.468,22.445,22.414,22.399,22.376,22.346,22.323,22.308,22.292,22.262,22.247,22.231,22.209,22.186,22.155,22.140,22.117,22.086,22.056,22.025,22.002,21.964,21.934,21.911,21.888,21.865,21.842,21.834,21.826,21.811,21.803,21.811,21.811,21.811,21.811,21.803,21.811,21.811,21.826,21.834,21.849,21.872,21.888,21.903,21.918,21.941,21.964,21.964,21.972,21.987,22.010,22.041,22.071,22.102,22.125,22.132,22.155,22.170,22.193,22.209,22.231,22.262,22.300,22.323,22.300,22.262,22.247,22.270,22.308,22.353,22.376,22.391,22.414,22.452,22.490,22.528,22.559,22.589,22.604,22.642,22.696,22.764,22.855,22.923,23.074,23.301,23.497,23.715,24.158,24.873,25.820,27.043,28.402,29.801,31.049,31.490,31.692,31.880,32.442,32.711,32.732,32.587,32.490,32.532,32.622,32.718,32.739,32.732,32.691,32.608,32.483,32.366,32.248,32.151,32.047,31.908,31.761,31.629,31.517,31.434,31.343,31.252,31.147,31.049,30.986,30.951,30.909,30.824,30.768,30.761,30.768,30.775,30.782,30.782,30.796,30.817,30.852,30.881,30.881,30.859,30.852,30.873,30.909,30.916,30.923,30.930,30.979,31.035,31.084,31.133,31.210,31.308,31.399,31.490,31.559,31.643,31.741,31.852,31.942,32.033,32.109,32.179,32.248,32.345,32.442,32.539,32.649,32.746,32.829,32.884,32.898,32.932,32.967,32.987,32.918,32.767,32.635,32.539,32.407,32.158,31.901,31.664,31.406,31.042,30.705,30.416,30.021,29.346,28.567,27.717,26.846,25.982,25.215,24.583,24.083,23.700,23.376,23.112,22.915,22.787,22.718,22.680,22.658,22.635,22.604,22.574,22.544,22.513,22.483,22.452,22.445,22.445,22.445,22.445,22.429,22.414,22.407,22.391,22.384,22.376,22.369,22.369,22.369,22.369,22.376,22.369,22.361,22.346,22.338,22.330,22.330,22.330,22.338,22.338,22.330,22.330,22.330,22.330,22.346,22.353,22.353,22.361,22.361,22.353,22.346,22.338,22.315,22.300,22.285,22.270,22.262,22.262,22.270,22.270,22.277,22.292,22.300,22.308,22.315,22.323,22.315,22.292,22.247,22.224,22.201,22.170,22.140,22.125,22.109,22.079,22.041,22.033,22.018,22.002,21.987,21.979,21.964,21.956,21.941,21.934,21.926,21.918,21.903,21.903,21.895,21.895,21.888,21.888,21.888,21.888,21.888,21.888,21.895,21.895,21.895,21.895,21.888,21.888,21.880,21.872,21.865,21.857,21.849,21.842,21.834,21.826,21.819,21.811,21.803,21.788,21.773,21.757,21.742,21.727,21.711,21.704,21.688,21.673,21.658,21.650,21.635,21.612,21.589,21.566,21.543,21.520,21.504,21.489,21.474,21.450,21.435,21.420,21.404,21.389,21.366,21.351,21.327,21.312,21.297,21.281,21.266,21.243,21.220,21.189,21.158,21.143,21.135,21.143,21.135,21.127,21.112,21.089,21.065,21.035,21.019,21.011,21.004,20.988,20.965,20.957,20.942,20.926,20.911,20.903,20.896,20.880,20.865,20.857,20.849,20.841,20.834,20.834,20.834,20.834,20.818,20.811,20.803,20.795,20.795,20.795,20.787,20.780,20.780,20.780,20.764,20.756,20.741,20.725,20.710,20.694,20.694,20.702,20.702,20.702,20.694,20.687,20.679,20.679,20.679,20.679,20.687,20.687,20.687,20.694,20.702,20.710,20.718,20.733,20.741,20.749,20.741,20.733,20.725,20.718,20.725,20.733,20.741,20.756,20.764,20.772,20.780,20.787,20.787,20.795,20.803,20.811,20.826,20.826,20.841,20.857,20.888,20.903,20.926,20.950,20.957,20.965,20.965,20.973,20.981,20.981,20.988,21.004,21.027,21.042,21.065,21.089,21.104,21.112,21.127,21.143,21.166,21.173,21.189,21.197,21.220,21.227,21.243,21.258,21.274,21.274,21.281,21.304,21.358,21.404,21.435,21.458,21.458,21.458
,22.665,22.665,22.650,22.635,22.612,22.589,22.574,22.566,22.544,22.521,22.498,22.483,22.468,22.445,22.414,22.391,22.369,22.346,22.315,22.300,22.285,22.262,22.247,22.224,22.209,22.186,22.155,22.132,22.109,22.071,22.041,22.018,21.995,21.964,21.934,21.911,21.888,21.865,21.834,21.826,21.811,21.803,21.796,21.796,21.803,21.803,21.803,21.803,21.803,21.803,21.819,21.826,21.849,21.872,21.888,21.903,21.918,21.934,21.949,21.956,21.956,21.964,21.987,22.018,22.048,22.079,22.102,22.125,22.140,22.155,22.186,22.193,22.216,22.247,22.285,22.300,22.285,22.239,22.231,22.262,22.292,22.338,22.361,22.369,22.391,22.422,22.460,22.490,22.528,22.559,22.582,22.620,22.680,22.749,22.840,22.908,23.044,23.271,23.474,23.708,24.150,24.844,25.776,26.963,28.301,29.716,30.993,31.517,31.748,31.922,32.456,32.753,32.808,32.670,32.546,32.580,32.670,32.767,32.787,32.773,32.732,32.656,32.525,32.400,32.289,32.185,32.081,31.942,31.796,31.657,31.531,31.448,31.357,31.266,31.154,31.056,30.986,30.944,30.909,30.817,30.754,30.747,30.768,30.782,30.796,30.796,30.810,30.838,30.866,30.895,30.895,30.873,30.866,30.888,30.923,30.923,30.923,30.937,31.000,31.056,31.098,31.154,31.238,31.336,31.434,31.524,31.608,31.699,31.796,31.901,32.012,32.088,32.158,32.220,32.303,32.393,32.490,32.594,32.698,32.794,32.877,32.932,32.946,32.973,33.015,33.035,32.960,32.794,32.656,32.552,32.414,32.151,31.880,31.629,31.364,30.993,30.649,30.317,29.851,29.147,28.352,27.500,26.620,25.783,25.052,24.434,23.955,23.602,23.286,22.999,22.832,22.733,22.673,22.635,22.627,22.604,22.574,22.544,22.528,22.498,22.468,22.445,22.445,22.437,22.437,22.452,22.437,22.422,22.407,22.391,22.384,22.376,22.369,22.369,22.369,22.369,22.369,22.369,22.361,22.346,22.338,22.323,22.323,22.330,22.330,22.330,22.323,22.323,22.323,22.323,22.330,22.338,22.346,22.346,22.346,22.346,22.338,22.323,22.308,22.292,22.277,22.262,22.254,22.254,22.254,22.262,22.270,22.277,22.285,22.292,22.300,22.308,22.308,22.292,22.247,22.224,22.193,22.147,22.125,22.117,22.094,22.063,22.033,22.033,22.018,22.002,21.987,21.979,21.972,21.964,21.949,21.941,21.934,21.926,21.911,21.903,21.903,21.903,21.895,21.895,21.895,21.895,21.895,21.903,21.903,21.903,21.895,21.895,21.888,21.880,21.880,21.872,21.872,21.865,21.857,21.857,21.849,21.834,21.826,21.811,21.803,21.788,21.773,21.765,21.750,21.734,21.719,21.711,21.696,21.681,21.665,21.658,21.642,21.619,21.596,21.573,21.550,21.527,21.504,21.489,21.474,21.458,21.435,21.427,21.412,21.397,21.381,21.358,21.343,21.320,21.297,21.281,21.266,21.243,21.212,21.181,21.158,21.143,21.135,21.143,21.143,21.135,21.119,21.096,21.081,21.058,21.035,21.019,21.004,20.988,20.965,20.950,20.934,20.919,20.911,20.903,20.896,20.888,20.872,20.865,20.849,20.841,20.841,20.841,20.841,20.834,20.826,20.818,20.811,20.803,20.795,20.795,20.787,20.787,20.787,20.780,20.780,20.764,20.741,20.718,20.702,20.679,20.671,20.679,20.679,20.679,20.671,20.671,20.671,20.671,20.671,20.671,20.671,20.671,20.671,20.679,20.687,20.694,20.710,20.725,20.733,20.741,20.741,20.725,20.718,20.718,20.725,20.733,20.749,20.764,20.772,20.787,20.795,20.803,20.811,20.818,20.826,20.841,20.849,20.857,20.872,20.896,20.919,20.942,20.957,20.981,20.988,20.996,20.996,20.996,21.004,21.004,21.011,21.019,21.042,21.050,21.065,21.089,21.104,21.112,21.127,21.143,21.158,21.166,21.181,21.189,21.212,21.227,21.243,21.258,21.266,21.266,21.274,21.297,21.351,21.397,21.435,21.458,21.466,21.466
,22.658,22.650,22.642,22.627,22.604,22.582,22.566,22.551,22.528,22.506,22.490,22.475,22.460,22.437,22.407,22.384,22.361,22.338,22.308,22.292,22.277,22.254,22.239,22.224,22.201,22.178,22.147,22.125,22.094,22.063,22.033,22.010,21.987,21.964,21.926,21.903,21.880,21.857,21.826,21.811,21.803,21.788,21.788,21.788,21.796,21.803,21.803,21.796,21.796,21.803,21.811,21.826,21.842,21.865,21.880,21.895,21.903,21.926,21.941,21.949,21.949,21.956,21.964,22.002,22.025,22.048,22.079,22.102,22.125,22.147,22.170,22.186,22.201,22.216,22.247,22.270,22.254,22.216,22.216,22.247,22.285,22.315,22.338,22.353,22.369,22.391,22.429,22.468,22.506,22.544,22.566,22.604,22.658,22.726,22.824,22.885,23.006,23.218,23.437,23.685,24.120,24.784,25.702,26.853,28.172,29.602,30.909,31.510,31.782,31.949,32.435,32.767,32.863,32.739,32.594,32.622,32.711,32.808,32.822,32.801,32.767,32.691,32.559,32.428,32.310,32.213,32.109,31.970,31.824,31.678,31.552,31.462,31.371,31.273,31.161,31.049,30.979,30.944,30.909,30.810,30.747,30.740,30.768,30.796,30.810,30.817,30.831,30.852,30.881,30.909,30.909,30.881,30.873,30.895,30.923,30.916,30.916,30.937,31.007,31.063,31.112,31.168,31.266,31.371,31.469,31.559,31.657,31.755,31.852,31.956,32.081,32.158,32.213,32.269,32.366,32.456,32.546,32.656,32.753,32.849,32.925,32.980,32.987,33.022,33.063,33.084,33.001,32.822,32.677,32.566,32.414,32.151,31.873,31.601,31.315,30.958,30.599,30.226,29.666,28.947,28.143,27.283,26.386,25.592,24.888,24.285,23.865,23.505,23.188,22.915,22.809,22.718,22.658,22.620,22.620,22.597,22.559,22.521,22.528,22.490,22.460,22.437,22.437,22.437,22.445,22.452,22.437,22.422,22.407,22.391,22.384,22.369,22.369,22.369,22.369,22.369,22.369,22.361,22.361,22.346,22.330,22.323,22.323,22.315,22.315,22.315,22.315,22.315,22.308,22.308,22.315,22.323,22.323,22.330,22.330,22.323,22.315,22.308,22.292,22.277,22.270,22.254,22.254,22.247,22.247,22.247,22.254,22.262,22.270,22.270,22.285,22.292,22.292,22.277,22.254,22.224,22.170,22.125,22.125,22.109,22.079,22.041,22.041,22.033,22.018,22.002,21.987,21.979,21.972,21.964,21.956,21.941,21.934,21.926,21.918,21.911,21.903,21.903,21.903,21.903,21.911,21.911,21.911,21.911,21.911,21.911,21.903,21.895,21.888,21.888,21.880,21.880,21.880,21.880,21.872,21.865,21.857,21.842,21.826,21.819,21.811,21.788,21.780,21.765,21.750,21.734,21.727,21.711,21.704,21.688,21.673,21.658,21.650,21.627,21.604,21.581,21.558,21.535,21.512,21.497,21.481,21.458,21.443,21.427,21.420,21.404,21.389,21.374,21.351,21.327,21.304,21.289,21.266,21.243,21.204,21.181,21.166,21.150,21.143,21.143,21.143,21.135,21.127,21.112,21.096,21.073,21.050,21.035,21.011,20.988,20.965,20.950,20.926,20.911,20.911,20.903,20.896,20.888,20.880,20.865,20.857,20.841,20.841,20.841,20.841,20.834,20.834,20.818,20.811,20.811,20.803,20.795,20.795,20.795,20.795,20.795,20.787,20.772,20.749,20.725,20.702,20.687,20.671,20.671,20.671,20.671,20.671,20.671,20.671,20.671,20.671,20.671,20.671,20.671,20.671,20.679,20.679,20.687,20.702,20.725,20.741,20.749,20.741,20.733,20.718,20.718,20.733,20.749,20.756,20.772,20.780,20.795,20.803,20.811,20.818,20.826,20.834,20.849,20.865,20.872,20.896,20.919,20.942,20.957,20.973,20.988,21.004,21.004,21.004,21.004,21.011,21.011,21.019,21.027,21.042,21.050,21.065,21.089,21.096,21.112,21.127,21.143,21.150,21.158,21.166,21.181,21.204,21.227,21.250,21.266,21.274,21.258,21.266,21.289,21.343,21.397,21.443,21.474,21.481,21.481
,22.650,22.642,22.635,22.620,22.597,22.566,22.544,22.536,22.513,22.490,22.475,22.468,22.445,22.422,22.399,22.376,22.353,22.330,22.308,22.292,22.270,22.247,22.224,22.216,22.193,22.163,22.132,22.109,22.086,22.048,22.018,22.002,21.979,21.949,21.918,21.895,21.872,21.842,21.819,21.803,21.788,21.788,21.780,21.788,21.796,21.803,21.803,21.796,21.803,21.811,21.811,21.826,21.842,21.857,21.865,21.880,21.895,21.911,21.926,21.941,21.949,21.956,21.956,21.987,22.010,22.033,22.048,22.079,22.109,22.147,22.155,22.155,22.155,22.163,22.186,22.193,22.201,22.193,22.209,22.231,22.270,22.300,22.315,22.338,22.353,22.384,22.414,22.452,22.490,22.521,22.544,22.589,22.650,22.726,22.809,22.855,22.968,23.165,23.384,23.640,24.060,24.688,25.570,26.686,27.992,29.425,30.768,31.448,31.768,31.935,32.379,32.739,32.863,32.767,32.615,32.642,32.725,32.822,32.829,32.815,32.787,32.725,32.615,32.476,32.359,32.262,32.179,32.033,31.880,31.720,31.573,31.462,31.364,31.266,31.147,31.035,30.965,30.937,30.916,30.810,30.747,30.747,30.782,30.810,30.831,30.838,30.845,30.866,30.895,30.923,30.916,30.881,30.866,30.888,30.916,30.909,30.916,30.944,31.021,31.077,31.133,31.196,31.294,31.406,31.517,31.622,31.706,31.810,31.922,32.033,32.144,32.213,32.276,32.345,32.421,32.525,32.635,32.732,32.829,32.925,33.001,33.056,33.056,33.084,33.118,33.125,33.042,32.849,32.691,32.580,32.421,32.151,31.859,31.573,31.280,30.916,30.529,30.098,29.481,28.739,27.927,27.050,26.158,25.378,24.732,24.225,23.813,23.437,23.158,22.968,22.847,22.756,22.696,22.680,22.658,22.620,22.582,22.551,22.536,22.498,22.460,22.437,22.437,22.452,22.460,22.460,22.445,22.429,22.407,22.391,22.384,22.376,22.369,22.369,22.369,22.369,22.369,22.361,22.353,22.338,22.330,22.323,22.315,22.315,22.315,22.315,22.308,22.300,22.292,22.292,22.292,22.300,22.300,22.300,22.300,22.300,22.292,22.292,22.277,22.270,22.262,22.254,22.247,22.239,22.239,22.239,22.247,22.247,22.254,22.262,22.270,22.277,22.270,22.254,22.231,22.201,22.163,22.132,22.117,22.102,22.086,22.063,22.048,22.033,22.018,22.002,21.987,21.979,21.972,21.964,21.949,21.941,21.934,21.926,21.918,21.911,21.903,21.903,21.903,21.903,21.911,21.911,21.911,21.911,21.911,21.911,21.911,21.903,21.895,21.888,21.888,21.888,21.888,21.880,21.880,21.872,21.857,21.842,21.834,21.826,21.811,21.796,21.780,21.765,21.757,21.742,21.734,21.719,21.711,21.696,21.681,21.673,21.658,21.635,21.612,21.589,21.566,21.543,21.520,21.504,21.481,21.466,21.450,21.435,21.420,21.404,21.397,21.389,21.374,21.351,21.320,21.297,21.274,21.250,21.220,21.197,21.173,21.158,21.150,21.150,21.150,21.143,21.135,21.127,21.112,21.089,21.065,21.042,21.019,20.996,20.965,20.942,20.926,20.911,20.903,20.903,20.896,20.896,20.880,20.865,20.857,20.841,20.841,20.841,20.841,20.834,20.834,20.826,20.826,20.818,20.811,20.811,20.803,20.795,20.795,20.795,20.795,20.780,20.764,20.749,20.725,20.718,20.710,20.710,20.718,20.718,20.710,20.694,20.687,20.679,20.687,20.694,20.702,20.710,20.710,20.702,20.694,20.702,20.718,20.733,20.749,20.756,20.749,20.741,20.733,20.733,20.741,20.756,20.764,20.780,20.787,20.795,20.803,20.811,20.811,20.811,20.818,20.826,20.849,20.857,20.872,20.896,20.919,20.934,20.950,20.965,20.973,20.981,20.981,20.981,20.988,20.996,21.004,21.011,21.027,21.035,21.050,21.073,21.089,21.104,21.119,21.135,21.143,21.150,21.158,21.166,21.197,21.227,21.258,21.281,21.281,21.266,21.258,21.281,21.335,21.397,21.450,21.481,21.489,21.489
,22.650,22.642,22.627,22.612,22.582,22.551,22.536,22.521,22.498,22.475,22.460,22.445,22.429,22.414,22.391,22.376,22.353,22.323,22.300,22.285,22.270,22.239,22.216,22.201,22.178,22.155,22.117,22.102,22.071,22.041,22.018,21.995,21.972,21.941,21.911,21.888,21.865,21.834,21.811,21.796,21.788,21.780,21.780,21.780,21.788,21.803,21.803,21.803,21.811,21.811,21.819,21.826,21.834,21.849,21.865,21.872,21.888,21.903,21.926,21.934,21.941,21.956,21.956,21.972,21.995,22.025,22.041,22.056,22.086,22.125,22.147,22.147,22.140,22.140,22.155,22.170,22.178,22.186,22.178,22.209,22.247,22.277,22.300,22.315,22.338,22.361,22.399,22.429,22.468,22.506,22.536,22.582,22.642,22.718,22.802,22.840,22.938,23.120,23.346,23.610,24.008,24.606,25.466,26.554,27.840,29.254,30.599,31.350,31.727,31.908,32.310,32.691,32.856,32.794,32.642,32.670,32.753,32.849,32.842,32.829,32.808,32.780,32.698,32.573,32.449,32.345,32.255,32.102,31.935,31.761,31.615,31.490,31.371,31.259,31.133,31.021,30.951,30.937,30.916,30.810,30.747,30.747,30.789,30.831,30.852,30.859,30.859,30.888,30.916,30.937,30.937,30.888,30.873,30.902,30.902,30.902,30.916,30.951,31.021,31.084,31.147,31.217,31.322,31.448,31.566,31.671,31.761,31.852,31.970,32.102,32.199,32.262,32.324,32.400,32.476,32.594,32.704,32.815,32.925,33.028,33.104,33.152,33.145,33.166,33.194,33.194,33.084,32.870,32.698,32.587,32.428,32.151,31.859,31.566,31.259,30.895,30.487,30.006,29.360,28.582,27.739,26.861,25.938,25.193,24.583,24.098,23.685,23.369,23.120,22.931,22.817,22.749,22.711,22.680,22.650,22.620,22.589,22.559,22.528,22.498,22.460,22.429,22.429,22.452,22.468,22.468,22.452,22.429,22.407,22.391,22.384,22.384,22.376,22.369,22.369,22.369,22.361,22.361,22.346,22.338,22.323,22.315,22.315,22.315,22.315,22.308,22.308,22.292,22.292,22.285,22.277,22.270,22.270,22.270,22.270,22.270,22.270,22.270,22.270,22.270,22.270,22.262,22.247,22.239,22.231,22.231,22.239,22.247,22.262,22.262,22.262,22.254,22.247,22.224,22.201,22.178,22.147,22.125,22.109,22.094,22.086,22.063,22.048,22.033,22.018,22.002,21.979,21.979,21.972,21.964,21.949,21.941,21.934,21.926,21.918,21.903,21.903,21.903,21.903,21.903,21.911,21.918,21.918,21.918,21.918,21.911,21.911,21.911,21.903,21.895,21.895,21.895,21.895,21.888,21.880,21.872,21.865,21.849,21.834,21.834,21.819,21.803,21.788,21.773,21.757,21.742,21.734,21.727,21.711,21.704,21.688,21.673,21.658,21.642,21.619,21.596,21.573,21.550,21.527,21.512,21.489,21.474,21.458,21.435,21.420,21.404,21.397,21.397,21.381,21.366,21.335,21.312,21.289,21.258,21.227,21.212,21.189,21.173,21.166,21.166,21.158,21.150,21.143,21.135,21.119,21.096,21.073,21.050,21.027,20.996,20.965,20.942,20.919,20.903,20.896,20.903,20.903,20.903,20.888,20.865,20.857,20.841,20.834,20.834,20.834,20.834,20.834,20.834,20.834,20.834,20.834,20.826,20.818,20.811,20.803,20.803,20.803,20.795,20.787,20.772,20.756,20.756,20.764,20.772,20.780,20.780,20.756,20.733,20.710,20.702,20.710,20.733,20.749,20.756,20.749,20.733,20.725,20.718,20.733,20.749,20.764,20.772,20.772,20.756,20.749,20.749,20.756,20.764,20.772,20.780,20.787,20.787,20.787,20.795,20.795,20.787,20.795,20.803,20.811,20.826,20.841,20.857,20.880,20.896,20.911,20.926,20.934,20.934,20.942,20.950,20.957,20.965,20.973,20.988,21.004,21.019,21.042,21.065,21.081,21.104,21.119,21.135,21.143,21.143,21.150,21.166,21.197,21.243,21.274,21.297,21.297,21.274,21.266,21.281,21.335,21.404,21.466,21.504,21.512,21.512
,22.635,22.627,22.612,22.597,22.566,22.536,22.513,22.498,22.483,22.460,22.445,22.437,22.422,22.399,22.384,22.369,22.346,22.323,22.300,22.285,22.262,22.231,22.209,22.193,22.170,22.140,22.102,22.086,22.063,22.033,22.002,21.987,21.964,21.934,21.903,21.872,21.849,21.826,21.811,21.796,21.788,21.780,21.780,21.780,21.788,21.796,21.796,21.803,21.811,21.819,21.819,21.826,21.834,21.842,21.857,21.865,21.880,21.895,21.911,21.926,21.934,21.949,21.949,21.964,21.979,22.010,22.025,22.041,22.071,22.109,22.132,22.132,22.125,22.125,22.140,22.155,22.170,22.170,22.155,22.186,22.216,22.254,22.277,22.292,22.315,22.346,22.384,22.414,22.445,22.483,22.513,22.566,22.635,22.711,22.794,22.824,22.915,23.074,23.309,23.580,23.970,24.524,25.363,26.415,27.667,29.061,30.402,31.217,31.664,31.873,32.234,32.635,32.849,32.829,32.698,32.711,32.794,32.891,32.877,32.849,32.836,32.829,32.773,32.656,32.532,32.414,32.324,32.172,31.991,31.803,31.643,31.510,31.385,31.266,31.126,31.007,30.944,30.930,30.923,30.817,30.754,30.754,30.803,30.845,30.866,30.873,30.881,30.902,30.930,30.958,30.958,30.902,30.888,30.909,30.895,30.895,30.916,30.958,31.021,31.091,31.161,31.238,31.357,31.483,31.608,31.720,31.810,31.915,32.033,32.165,32.262,32.324,32.379,32.442,32.539,32.656,32.780,32.911,33.028,33.132,33.207,33.249,33.235,33.242,33.262,33.262,33.125,32.891,32.711,32.594,32.428,32.137,31.838,31.545,31.231,30.866,30.444,29.936,29.247,28.438,27.573,26.686,25.761,25.022,24.427,23.940,23.550,23.256,23.014,22.832,22.749,22.711,22.680,22.650,22.620,22.597,22.574,22.551,22.521,22.490,22.460,22.429,22.422,22.452,22.468,22.468,22.452,22.429,22.407,22.391,22.391,22.384,22.376,22.369,22.369,22.361,22.361,22.353,22.338,22.330,22.323,22.308,22.308,22.308,22.308,22.308,22.300,22.292,22.277,22.270,22.262,22.254,22.247,22.247,22.239,22.247,22.247,22.254,22.262,22.270,22.270,22.262,22.254,22.239,22.231,22.224,22.231,22.247,22.254,22.262,22.254,22.239,22.216,22.193,22.170,22.155,22.132,22.109,22.094,22.086,22.079,22.063,22.048,22.025,22.018,22.002,21.987,21.979,21.972,21.964,21.949,21.941,21.941,21.934,21.918,21.911,21.903,21.903,21.903,21.911,21.911,21.918,21.918,21.918,21.918,21.918,21.918,21.911,21.911,21.903,21.903,21.903,21.903,21.895,21.888,21.880,21.872,21.857,21.849,21.834,21.826,21.811,21.788,21.780,21.765,21.750,21.734,21.727,21.719,21.711,21.688,21.681,21.665,21.642,21.619,21.604,21.581,21.558,21.543,21.520,21.504,21.481,21.458,21.443,21.427,21.412,21.404,21.404,21.397,21.381,21.351,21.327,21.297,21.266,21.243,21.220,21.204,21.189,21.181,21.173,21.173,21.158,21.150,21.143,21.127,21.104,21.089,21.065,21.035,21.004,20.973,20.942,20.919,20.903,20.896,20.903,20.911,20.903,20.888,20.872,20.849,20.834,20.834,20.834,20.834,20.834,20.834,20.841,20.841,20.849,20.841,20.841,20.834,20.818,20.811,20.811,20.811,20.803,20.795,20.787,20.787,20.795,20.803,20.826,20.834,20.826,20.795,20.764,20.733,20.725,20.733,20.764,20.787,20.803,20.787,20.764,20.749,20.733,20.749,20.764,20.780,20.787,20.780,20.772,20.764,20.756,20.764,20.772,20.780,20.787,20.787,20.787,20.780,20.780,20.780,20.772,20.772,20.780,20.795,20.803,20.818,20.834,20.849,20.857,20.872,20.888,20.896,20.903,20.911,20.919,20.926,20.942,20.950,20.965,20.988,21.011,21.027,21.058,21.081,21.104,21.127,21.143,21.150,21.143,21.143,21.166,21.204,21.250,21.289,21.312,21.304,21.281,21.266,21.281,21.343,21.412,21.474,21.520,21.527,21.527
,22.620,22.612,22.589,22.566,22.544,22.513,22.490,22.483,22.468,22.452,22.437,22.422,22.407,22.391,22.376,22.361,22.338,22.315,22.292,22.270,22.247,22.224,22.193,22.170,22.147,22.125,22.094,22.071,22.048,22.025,21.995,21.979,21.956,21.926,21.888,21.865,21.842,21.819,21.803,21.796,21.788,21.780,21.780,21.780,21.780,21.788,21.796,21.803,21.811,21.819,21.819,21.819,21.826,21.834,21.842,21.857,21.865,21.880,21.895,21.903,21.918,21.934,21.949,21.964,21.972,21.995,22.018,22.033,22.056,22.079,22.094,22.102,22.102,22.109,22.132,22.147,22.155,22.163,22.140,22.155,22.193,22.231,22.254,22.270,22.292,22.330,22.361,22.391,22.422,22.460,22.490,22.551,22.620,22.703,22.779,22.817,22.893,23.037,23.278,23.550,23.925,24.449,25.252,26.261,27.471,28.839,30.169,31.063,31.587,31.845,32.172,32.594,32.842,32.877,32.767,32.787,32.863,32.946,32.918,32.884,32.870,32.870,32.822,32.711,32.587,32.469,32.373,32.220,32.040,31.838,31.671,31.531,31.399,31.266,31.126,30.993,30.930,30.930,30.930,30.824,30.754,30.761,30.824,30.866,30.888,30.895,30.895,30.923,30.951,30.972,30.972,30.909,30.888,30.916,30.895,30.895,30.916,30.958,31.028,31.098,31.175,31.259,31.378,31.517,31.650,31.768,31.866,31.977,32.102,32.227,32.338,32.407,32.449,32.490,32.594,32.718,32.863,33.008,33.132,33.242,33.317,33.345,33.310,33.310,33.331,33.324,33.166,32.918,32.725,32.594,32.414,32.109,31.796,31.504,31.175,30.803,30.381,29.865,29.125,28.287,27.406,26.503,25.607,24.881,24.270,23.775,23.429,23.120,22.870,22.711,22.680,22.658,22.627,22.604,22.582,22.559,22.544,22.536,22.521,22.483,22.445,22.429,22.422,22.452,22.468,22.460,22.445,22.422,22.407,22.391,22.391,22.384,22.376,22.369,22.361,22.361,22.353,22.346,22.338,22.323,22.315,22.308,22.308,22.308,22.308,22.300,22.292,22.285,22.270,22.254,22.247,22.239,22.231,22.224,22.224,22.224,22.231,22.231,22.247,22.254,22.262,22.262,22.254,22.239,22.231,22.224,22.231,22.239,22.247,22.247,22.231,22.216,22.193,22.170,22.147,22.132,22.117,22.094,22.086,22.079,22.071,22.056,22.041,22.025,22.018,22.002,21.995,21.987,21.979,21.964,21.956,21.949,21.941,21.941,21.926,21.918,21.918,21.911,21.911,21.911,21.918,21.918,21.918,21.926,21.926,21.926,21.926,21.926,21.918,21.918,21.918,21.911,21.903,21.903,21.895,21.888,21.880,21.865,21.857,21.842,21.834,21.819,21.796,21.780,21.773,21.750,21.742,21.734,21.727,21.711,21.696,21.681,21.673,21.650,21.627,21.612,21.589,21.566,21.550,21.535,21.512,21.489,21.466,21.450,21.435,21.420,21.412,21.412,21.412,21.389,21.366,21.343,21.304,21.274,21.250,21.235,21.212,21.197,21.189,21.189,21.181,21.173,21.158,21.150,21.135,21.112,21.096,21.073,21.042,21.011,20.981,20.950,20.926,20.911,20.903,20.903,20.903,20.903,20.888,20.872,20.849,20.834,20.834,20.834,20.834,20.834,20.834,20.841,20.849,20.857,20.857,20.849,20.841,20.834,20.826,20.818,20.811,20.811,20.811,20.803,20.811,20.818,20.834,20.857,20.865,20.865,20.826,20.787,20.749,20.733,20.749,20.787,20.818,20.826,20.818,20.787,20.756,20.749,20.749,20.772,20.787,20.787,20.787,20.780,20.772,20.764,20.764,20.780,20.780,20.787,20.787,20.787,20.780,20.780,20.780,20.764,20.764,20.772,20.787,20.795,20.811,20.818,20.834,20.841,20.849,20.865,20.872,20.880,20.896,20.903,20.919,20.926,20.942,20.957,20.981,20.996,21.019,21.050,21.081,21.104,21.127,21.150,21.150,21.143,21.150,21.173,21.212,21.258,21.297,21.320,21.320,21.289,21.274,21.289,21.351,21.427,21.489,21.535,21.535,21.543
,22.597,22.589,22.566,22.544,22.513,22.483,22.468,22.460,22.452,22.437,22.422,22.414,22.407,22.384,22.369,22.353,22.338,22.315,22.285,22.262,22.239,22.209,22.178,22.155,22.132,22.102,22.079,22.063,22.041,22.010,21.987,21.972,21.949,21.918,21.880,21.857,21.834,21.811,21.796,21.788,21.788,21.780,21.780,21.780,21.780,21.780,21.788,21.796,21.803,21.811,21.819,21.819,21.819,21.826,21.834,21.842,21.857,21.865,21.880,21.888,21.903,21.918,21.934,21.949,21.964,21.979,21.995,22.018,22.033,22.048,22.063,22.071,22.079,22.086,22.109,22.125,22.140,22.147,22.132,22.147,22.178,22.209,22.231,22.247,22.270,22.308,22.330,22.361,22.391,22.429,22.468,22.528,22.604,22.688,22.764,22.802,22.878,23.006,23.241,23.505,23.865,24.382,25.126,26.085,27.261,28.603,29.936,30.902,31.510,31.831,32.137,32.566,32.849,32.932,32.863,32.898,32.960,33.022,32.987,32.939,32.911,32.905,32.856,32.746,32.622,32.504,32.407,32.262,32.081,31.880,31.699,31.552,31.413,31.280,31.126,30.993,30.930,30.930,30.930,30.824,30.761,30.775,30.838,30.895,30.916,30.909,30.916,30.937,30.965,30.979,30.972,30.902,30.881,30.902,30.888,30.895,30.923,30.958,31.035,31.112,31.189,31.287,31.413,31.552,31.692,31.824,31.928,32.047,32.179,32.310,32.421,32.476,32.511,32.546,32.649,32.794,32.953,33.111,33.249,33.365,33.427,33.427,33.386,33.379,33.386,33.358,33.187,32.932,32.718,32.566,32.366,32.040,31.706,31.385,31.056,30.698,30.261,29.695,28.932,28.086,27.188,26.283,25.437,24.732,24.165,23.715,23.369,23.074,22.862,22.741,22.688,22.658,22.635,22.612,22.574,22.544,22.528,22.528,22.528,22.468,22.422,22.414,22.437,22.452,22.460,22.452,22.429,22.414,22.407,22.391,22.384,22.376,22.369,22.361,22.353,22.353,22.346,22.338,22.330,22.315,22.308,22.308,22.308,22.308,22.300,22.292,22.285,22.270,22.254,22.247,22.239,22.231,22.231,22.224,22.224,22.224,22.224,22.224,22.231,22.239,22.247,22.254,22.247,22.239,22.231,22.224,22.231,22.231,22.231,22.224,22.201,22.193,22.170,22.147,22.132,22.125,22.109,22.094,22.086,22.079,22.071,22.056,22.041,22.033,22.025,22.010,22.002,21.995,21.987,21.972,21.964,21.956,21.956,21.949,21.941,21.941,21.934,21.926,21.926,21.926,21.926,21.918,21.918,21.926,21.926,21.926,21.926,21.926,21.918,21.918,21.918,21.911,21.911,21.903,21.903,21.895,21.888,21.872,21.865,21.849,21.842,21.826,21.811,21.788,21.773,21.757,21.750,21.742,21.727,21.711,21.704,21.688,21.673,21.658,21.635,21.619,21.604,21.581,21.558,21.543,21.527,21.504,21.481,21.458,21.443,21.427,21.420,21.427,21.420,21.404,21.374,21.343,21.312,21.281,21.250,21.235,21.212,21.197,21.197,21.197,21.197,21.189,21.173,21.158,21.143,21.119,21.096,21.081,21.050,21.027,20.988,20.965,20.942,20.919,20.911,20.903,20.903,20.896,20.880,20.865,20.857,20.841,20.834,20.834,20.834,20.834,20.834,20.841,20.849,20.857,20.857,20.849,20.841,20.834,20.834,20.826,20.818,20.811,20.811,20.803,20.803,20.811,20.826,20.849,20.865,20.857,20.826,20.787,20.749,20.733,20.749,20.780,20.811,20.818,20.803,20.780,20.756,20.749,20.749,20.764,20.780,20.787,20.787,20.772,20.764,20.764,20.764,20.772,20.780,20.787,20.787,20.787,20.780,20.780,20.780,20.780,20.780,20.787,20.795,20.811,20.818,20.834,20.849,20.857,20.865,20.872,20.880,20.896,20.903,20.919,20.926,20.934,20.950,20.965,20.981,20.996,21.019,21.042,21.081,21.104,21.127,21.150,21.158,21.158,21.158,21.181,21.220,21.258,21.289,21.320,21.320,21.297,21.289,21.304,21.366,21.435,21.489,21.535,21.543,21.543
,22.566,22.559,22.536,22.513,22.483,22.460,22.445,22.445,22.445,22.437,22.422,22.407,22.399,22.384,22.361,22.353,22.330,22.308,22.285,22.254,22.224,22.193,22.170,22.147,22.125,22.094,22.071,22.056,22.033,22.010,21.979,21.964,21.934,21.911,21.880,21.857,21.834,21.811,21.796,21.788,21.788,21.780,21.773,21.773,21.773,21.780,21.780,21.788,21.796,21.803,21.803,21.811,21.811,21.819,21.826,21.834,21.842,21.857,21.865,21.880,21.888,21.903,21.918,21.934,21.949,21.972,21.979,21.995,22.010,22.025,22.041,22.048,22.056,22.071,22.094,22.102,22.117,22.117,22.117,22.132,22.163,22.193,22.216,22.231,22.254,22.285,22.308,22.338,22.369,22.399,22.437,22.498,22.574,22.658,22.741,22.779,22.847,22.961,23.195,23.459,23.820,24.315,25.022,25.953,27.094,28.424,29.766,30.782,31.469,31.859,32.144,32.552,32.842,32.973,32.946,32.987,33.049,33.104,33.070,33.008,32.973,32.960,32.905,32.787,32.656,32.539,32.442,32.296,32.116,31.915,31.720,31.559,31.420,31.280,31.126,30.986,30.923,30.930,30.930,30.824,30.768,30.789,30.866,30.909,30.923,30.923,30.923,30.944,30.965,30.965,30.930,30.866,30.845,30.859,30.873,30.895,30.916,30.958,31.042,31.126,31.217,31.322,31.462,31.615,31.761,31.894,32.005,32.123,32.255,32.393,32.504,32.546,32.573,32.622,32.732,32.905,33.090,33.262,33.406,33.502,33.530,33.509,33.448,33.427,33.413,33.372,33.187,32.925,32.698,32.518,32.310,31.956,31.608,31.273,30.944,30.578,30.098,29.474,28.668,27.804,26.904,26.004,25.200,24.568,24.068,23.655,23.331,23.067,22.878,22.771,22.718,22.696,22.665,22.635,22.589,22.559,22.544,22.536,22.528,22.468,22.422,22.407,22.422,22.445,22.452,22.445,22.422,22.407,22.391,22.376,22.369,22.369,22.361,22.346,22.346,22.346,22.346,22.338,22.330,22.315,22.308,22.300,22.300,22.300,22.300,22.292,22.277,22.262,22.247,22.239,22.239,22.239,22.239,22.239,22.231,22.224,22.216,22.216,22.216,22.224,22.231,22.239,22.239,22.239,22.239,22.231,22.224,22.216,22.209,22.193,22.186,22.178,22.163,22.147,22.132,22.125,22.117,22.102,22.086,22.079,22.071,22.056,22.041,22.041,22.033,22.025,22.010,22.002,21.987,21.979,21.964,21.964,21.964,21.964,21.956,21.956,21.949,21.941,21.941,21.934,21.934,21.926,21.926,21.926,21.918,21.918,21.918,21.918,21.918,21.918,21.918,21.911,21.911,21.903,21.903,21.895,21.888,21.880,21.865,21.857,21.842,21.826,21.811,21.796,21.780,21.765,21.750,21.742,21.727,21.711,21.704,21.688,21.673,21.658,21.642,21.627,21.612,21.589,21.566,21.550,21.535,21.512,21.489,21.474,21.450,21.435,21.427,21.435,21.427,21.412,21.381,21.351,21.312,21.281,21.250,21.227,21.212,21.197,21.197,21.204,21.204,21.197,21.181,21.166,21.143,21.112,21.089,21.073,21.058,21.027,20.996,20.981,20.957,20.934,20.919,20.911,20.903,20.896,20.872,20.865,20.857,20.841,20.834,20.834,20.834,20.834,20.834,20.834,20.841,20.841,20.841,20.841,20.841,20.834,20.834,20.834,20.826,20.818,20.811,20.795,20.787,20.787,20.795,20.818,20.834,20.834,20.811,20.772,20.741,20.725,20.733,20.764,20.787,20.795,20.780,20.764,20.749,20.733,20.749,20.764,20.772,20.780,20.780,20.772,20.764,20.756,20.764,20.772,20.780,20.787,20.787,20.787,20.787,20.795,20.795,20.795,20.795,20.803,20.818,20.834,20.849,20.865,20.872,20.880,20.880,20.888,20.903,20.911,20.926,20.934,20.942,20.950,20.965,20.981,20.988,21.004,21.027,21.050,21.081,21.104,21.127,21.150,21.166,21.166,21.173,21.189,21.220,21.250,21.281,21.304,21.304,21.297,21.297,21.327,21.381,21.443,21.497,21.527,21.535,21.535
,22.544,22.536,22.513,22.490,22.460,22.437,22.429,22.429,22.429,22.429,22.414,22.407,22.391,22.376,22.361,22.346,22.323,22.300,22.270,22.247,22.216,22.178,22.155,22.140,22.117,22.094,22.071,22.048,22.025,22.002,21.972,21.949,21.926,21.903,21.872,21.849,21.834,21.811,21.796,21.788,21.780,21.780,21.773,21.773,21.773,21.773,21.773,21.780,21.780,21.788,21.796,21.796,21.803,21.811,21.819,21.819,21.834,21.842,21.849,21.865,21.872,21.888,21.903,21.918,21.934,21.949,21.964,21.972,21.979,21.995,22.010,22.018,22.033,22.048,22.063,22.079,22.086,22.086,22.094,22.117,22.140,22.178,22.201,22.209,22.231,22.262,22.292,22.323,22.346,22.369,22.414,22.475,22.544,22.627,22.711,22.756,22.817,22.923,23.158,23.422,23.775,24.255,24.948,25.857,26.977,28.280,29.624,30.677,31.427,31.880,32.144,32.525,32.822,32.994,33.001,33.049,33.118,33.173,33.139,33.070,33.028,33.008,32.953,32.836,32.704,32.587,32.469,32.331,32.151,31.942,31.741,31.566,31.420,31.280,31.126,30.986,30.923,30.937,30.937,30.831,30.775,30.796,30.888,30.923,30.937,30.930,30.930,30.951,30.965,30.958,30.909,30.845,30.817,30.831,30.859,30.881,30.909,30.951,31.042,31.140,31.245,31.364,31.517,31.685,31.845,31.991,32.095,32.206,32.331,32.469,32.573,32.608,32.635,32.691,32.829,33.035,33.249,33.441,33.571,33.633,33.633,33.578,33.509,33.468,33.427,33.365,33.152,32.884,32.649,32.463,32.227,31.866,31.504,31.175,30.838,30.444,29.922,29.239,28.395,27.507,26.598,25.702,24.933,24.367,23.903,23.527,23.233,22.999,22.840,22.741,22.718,22.696,22.673,22.635,22.604,22.574,22.559,22.544,22.536,22.483,22.422,22.399,22.414,22.429,22.437,22.429,22.414,22.399,22.384,22.369,22.361,22.353,22.346,22.338,22.338,22.338,22.338,22.330,22.323,22.315,22.308,22.300,22.300,22.300,22.300,22.292,22.277,22.254,22.239,22.231,22.231,22.239,22.247,22.254,22.239,22.231,22.216,22.209,22.209,22.216,22.216,22.224,22.231,22.239,22.239,22.239,22.216,22.201,22.186,22.170,22.163,22.163,22.155,22.147,22.140,22.132,22.125,22.109,22.094,22.079,22.071,22.056,22.048,22.048,22.041,22.033,22.018,22.010,21.995,21.987,21.972,21.972,21.972,21.972,21.972,21.972,21.964,21.956,21.949,21.941,21.941,21.934,21.926,21.918,21.918,21.918,21.918,21.918,21.918,21.918,21.918,21.911,21.911,21.903,21.903,21.895,21.895,21.888,21.872,21.865,21.849,21.834,21.819,21.803,21.788,21.773,21.757,21.750,21.734,21.719,21.704,21.688,21.681,21.665,21.642,21.635,21.612,21.589,21.573,21.558,21.535,21.512,21.497,21.481,21.466,21.443,21.435,21.443,21.435,21.412,21.381,21.351,21.320,21.281,21.250,21.227,21.204,21.197,21.197,21.204,21.212,21.212,21.189,21.166,21.143,21.112,21.089,21.073,21.058,21.035,21.011,20.996,20.973,20.950,20.934,20.919,20.903,20.888,20.872,20.865,20.857,20.849,20.841,20.841,20.841,20.841,20.841,20.834,20.834,20.834,20.834,20.834,20.841,20.841,20.841,20.834,20.834,20.826,20.803,20.787,20.772,20.764,20.772,20.795,20.811,20.811,20.787,20.756,20.733,20.718,20.725,20.749,20.772,20.780,20.764,20.749,20.741,20.733,20.741,20.756,20.772,20.772,20.772,20.764,20.756,20.749,20.756,20.764,20.780,20.787,20.787,20.795,20.795,20.803,20.811,20.811,20.818,20.826,20.841,20.857,20.872,20.888,20.896,20.896,20.903,20.911,20.919,20.934,20.942,20.950,20.957,20.965,20.981,20.996,21.004,21.011,21.027,21.050,21.081,21.104,21.127,21.158,21.173,21.181,21.197,21.204,21.227,21.250,21.266,21.289,21.297,21.304,21.312,21.343,21.397,21.450,21.497,21.520,21.527,21.527
,22.521,22.513,22.498,22.475,22.445,22.429,22.422,22.422,22.422,22.414,22.407,22.399,22.384,22.369,22.353,22.338,22.315,22.292,22.262,22.231,22.201,22.170,22.140,22.125,22.109,22.086,22.063,22.041,22.018,21.995,21.964,21.941,21.918,21.895,21.865,21.849,21.826,21.811,21.796,21.788,21.780,21.773,21.773,21.773,21.773,21.773,21.773,21.765,21.773,21.773,21.780,21.788,21.796,21.803,21.803,21.811,21.819,21.826,21.834,21.842,21.857,21.865,21.888,21.895,21.911,21.926,21.941,21.949,21.956,21.964,21.979,21.995,22.010,22.025,22.041,22.041,22.048,22.056,22.071,22.094,22.125,22.155,22.178,22.186,22.209,22.239,22.277,22.308,22.330,22.353,22.399,22.452,22.521,22.597,22.680,22.726,22.787,22.893,23.120,23.384,23.730,24.203,24.873,25.769,26.861,28.129,29.460,30.550,31.350,31.866,32.123,32.476,32.773,32.980,33.028,33.084,33.152,33.214,33.194,33.118,33.070,33.042,32.994,32.891,32.760,32.635,32.504,32.366,32.185,31.970,31.761,31.573,31.420,31.280,31.126,30.986,30.923,30.937,30.937,30.831,30.782,30.810,30.902,30.944,30.951,30.944,30.944,30.958,30.972,30.965,30.909,30.845,30.810,30.817,30.859,30.873,30.895,30.944,31.042,31.154,31.266,31.399,31.573,31.755,31.928,32.081,32.185,32.289,32.407,32.539,32.628,32.663,32.691,32.753,32.932,33.173,33.420,33.626,33.728,33.763,33.728,33.639,33.557,33.496,33.434,33.331,33.084,32.808,32.573,32.386,32.123,31.755,31.406,31.077,30.726,30.310,29.744,29.004,28.114,27.203,26.276,25.392,24.665,24.135,23.700,23.339,23.089,22.878,22.733,22.673,22.680,22.665,22.635,22.612,22.597,22.582,22.566,22.559,22.551,22.490,22.429,22.391,22.407,22.422,22.429,22.422,22.407,22.391,22.376,22.361,22.353,22.346,22.338,22.330,22.330,22.330,22.338,22.330,22.323,22.308,22.300,22.292,22.292,22.300,22.300,22.292,22.270,22.247,22.231,22.224,22.224,22.239,22.254,22.254,22.254,22.239,22.224,22.216,22.209,22.201,22.201,22.209,22.216,22.231,22.239,22.239,22.216,22.193,22.170,22.147,22.140,22.147,22.147,22.147,22.140,22.132,22.125,22.109,22.094,22.079,22.071,22.056,22.056,22.056,22.048,22.033,22.025,22.010,22.002,21.995,21.987,21.987,21.987,21.987,21.987,21.987,21.979,21.972,21.964,21.949,21.941,21.934,21.926,21.918,21.918,21.918,21.918,21.918,21.918,21.918,21.918,21.918,21.911,21.911,21.911,21.903,21.895,21.888,21.880,21.865,21.857,21.842,21.826,21.819,21.803,21.780,21.765,21.750,21.742,21.719,21.704,21.696,21.688,21.665,21.650,21.642,21.619,21.596,21.581,21.566,21.543,21.520,21.504,21.489,21.474,21.450,21.450,21.443,21.435,21.420,21.381,21.351,21.320,21.289,21.250,21.227,21.212,21.197,21.197,21.204,21.212,21.212,21.197,21.166,21.143,21.112,21.089,21.073,21.058,21.042,21.019,21.004,20.988,20.965,20.942,20.919,20.903,20.880,20.872,20.865,20.865,20.865,20.857,20.857,20.849,20.849,20.841,20.834,20.826,20.826,20.826,20.834,20.834,20.841,20.841,20.841,20.834,20.826,20.803,20.780,20.764,20.756,20.756,20.780,20.795,20.795,20.780,20.756,20.733,20.718,20.725,20.749,20.764,20.772,20.756,20.741,20.733,20.733,20.741,20.756,20.764,20.772,20.764,20.756,20.749,20.749,20.749,20.764,20.772,20.787,20.787,20.795,20.803,20.811,20.818,20.826,20.834,20.849,20.857,20.872,20.888,20.903,20.903,20.911,20.919,20.926,20.934,20.942,20.950,20.965,20.973,20.981,20.988,21.004,21.019,21.019,21.035,21.058,21.081,21.104,21.135,21.158,21.181,21.197,21.212,21.227,21.243,21.250,21.266,21.281,21.297,21.312,21.335,21.366,21.420,21.458,21.489,21.520,21.520,21.520
,22.521,22.513,22.498,22.475,22.460,22.437,22.429,22.422,22.422,22.407,22.399,22.384,22.376,22.353,22.338,22.323,22.300,22.270,22.247,22.216,22.193,22.155,22.132,22.117,22.102,22.079,22.048,22.033,22.010,21.987,21.956,21.934,21.911,21.888,21.857,21.842,21.826,21.803,21.788,21.780,21.773,21.773,21.773,21.773,21.773,21.773,21.773,21.757,21.757,21.757,21.773,21.773,21.780,21.796,21.803,21.803,21.811,21.819,21.826,21.826,21.842,21.849,21.865,21.880,21.895,21.903,21.911,21.918,21.926,21.934,21.949,21.964,21.979,21.995,22.010,22.010,22.018,22.033,22.056,22.079,22.109,22.140,22.155,22.170,22.193,22.231,22.262,22.285,22.315,22.346,22.384,22.437,22.498,22.582,22.665,22.703,22.756,22.855,23.059,23.301,23.640,24.098,24.717,25.562,26.627,27.862,29.154,30.268,31.133,31.727,32.026,32.379,32.698,32.939,33.028,33.090,33.159,33.228,33.207,33.145,33.090,33.056,33.028,32.939,32.815,32.677,32.539,32.400,32.220,32.005,31.782,31.587,31.420,31.287,31.126,30.979,30.916,30.937,30.937,30.852,30.803,30.838,30.923,30.951,30.958,30.944,30.944,30.965,30.979,30.972,30.923,30.852,30.810,30.817,30.852,30.859,30.888,30.937,31.035,31.154,31.280,31.427,31.615,31.803,31.984,32.144,32.248,32.352,32.463,32.587,32.670,32.704,32.746,32.829,33.028,33.310,33.564,33.769,33.865,33.872,33.817,33.708,33.612,33.523,33.420,33.290,33.008,32.725,32.483,32.283,32.012,31.636,31.273,30.937,30.592,30.148,29.524,28.718,27.811,26.883,25.990,25.148,24.486,23.985,23.595,23.278,23.014,22.832,22.718,22.665,22.658,22.650,22.627,22.597,22.574,22.566,22.566,22.566,22.574,22.498,22.437,22.414,22.414,22.429,22.429,22.422,22.407,22.391,22.376,22.361,22.353,22.346,22.338,22.330,22.330,22.338,22.338,22.330,22.323,22.308,22.292,22.285,22.285,22.292,22.292,22.285,22.270,22.247,22.224,22.216,22.224,22.239,22.247,22.254,22.254,22.239,22.231,22.224,22.216,22.201,22.201,22.201,22.209,22.224,22.231,22.224,22.201,22.178,22.155,22.140,22.132,22.132,22.140,22.140,22.132,22.125,22.117,22.109,22.102,22.086,22.071,22.056,22.056,22.056,22.048,22.033,22.025,22.018,22.010,21.995,21.995,21.995,21.995,21.995,21.987,21.987,21.987,21.979,21.964,21.949,21.941,21.926,21.926,21.918,21.918,21.918,21.918,21.918,21.918,21.918,21.918,21.918,21.918,21.911,21.911,21.911,21.903,21.888,21.888,21.872,21.865,21.849,21.842,21.826,21.811,21.796,21.780,21.757,21.742,21.727,21.711,21.704,21.696,21.681,21.665,21.650,21.635,21.612,21.589,21.573,21.550,21.527,21.512,21.497,21.474,21.458,21.450,21.443,21.435,21.412,21.381,21.351,21.320,21.289,21.250,21.235,21.212,21.197,21.197,21.212,21.212,21.204,21.189,21.166,21.143,21.112,21.089,21.073,21.058,21.042,21.027,21.011,20.996,20.981,20.950,20.926,20.903,20.888,20.880,20.872,20.872,20.872,20.872,20.872,20.865,20.857,20.849,20.834,20.826,20.826,20.826,20.826,20.834,20.841,20.841,20.841,20.834,20.818,20.803,20.780,20.756,20.749,20.756,20.787,20.803,20.811,20.787,20.756,20.733,20.725,20.733,20.756,20.772,20.780,20.772,20.749,20.741,20.733,20.733,20.749,20.764,20.764,20.756,20.749,20.741,20.741,20.749,20.756,20.772,20.787,20.787,20.795,20.795,20.811,20.818,20.826,20.834,20.849,20.865,20.880,20.888,20.903,20.903,20.911,20.911,20.926,20.926,20.934,20.950,20.965,20.973,20.988,20.996,21.019,21.027,21.027,21.042,21.058,21.089,21.112,21.143,21.173,21.197,21.212,21.227,21.243,21.250,21.250,21.266,21.281,21.304,21.320,21.343,21.381,21.427,21.466,21.497,21.512,21.520,21.520
,22.536,22.528,22.513,22.498,22.483,22.460,22.445,22.437,22.422,22.407,22.391,22.384,22.369,22.346,22.330,22.308,22.285,22.262,22.231,22.209,22.178,22.155,22.132,22.117,22.102,22.079,22.048,22.033,22.010,21.979,21.956,21.926,21.903,21.880,21.857,21.834,21.819,21.803,21.780,21.773,21.773,21.765,21.765,21.773,21.773,21.773,21.773,21.757,21.750,21.750,21.757,21.765,21.780,21.796,21.796,21.803,21.803,21.811,21.819,21.826,21.826,21.842,21.849,21.865,21.872,21.888,21.895,21.895,21.903,21.918,21.934,21.949,21.964,21.979,21.987,21.995,21.995,22.010,22.048,22.071,22.094,22.125,22.132,22.147,22.170,22.209,22.239,22.270,22.300,22.330,22.369,22.422,22.483,22.559,22.635,22.673,22.718,22.817,22.999,23.210,23.505,23.910,24.471,25.281,26.298,27.500,28.782,29.943,30.866,31.524,31.887,32.262,32.601,32.870,33.008,33.090,33.166,33.242,33.249,33.200,33.139,33.090,33.077,32.994,32.877,32.732,32.580,32.442,32.255,32.033,31.817,31.608,31.434,31.294,31.133,30.986,30.923,30.937,30.951,30.873,30.838,30.859,30.937,30.958,30.958,30.951,30.951,30.965,30.979,30.979,30.930,30.859,30.817,30.810,30.838,30.845,30.873,30.930,31.028,31.147,31.287,31.448,31.643,31.838,32.033,32.206,32.310,32.414,32.532,32.642,32.711,32.753,32.808,32.918,33.132,33.434,33.701,33.899,33.988,33.988,33.920,33.804,33.687,33.571,33.434,33.249,32.939,32.635,32.386,32.172,31.887,31.510,31.140,30.782,30.430,29.936,29.268,28.431,27.522,26.598,25.725,24.955,24.352,23.895,23.542,23.256,23.014,22.847,22.741,22.696,22.680,22.665,22.642,22.604,22.582,22.566,22.566,22.559,22.536,22.490,22.452,22.429,22.429,22.437,22.437,22.429,22.414,22.391,22.376,22.361,22.353,22.353,22.346,22.346,22.346,22.346,22.346,22.338,22.323,22.300,22.285,22.270,22.277,22.285,22.292,22.285,22.270,22.239,22.224,22.209,22.216,22.231,22.247,22.254,22.254,22.247,22.239,22.239,22.224,22.216,22.201,22.201,22.201,22.209,22.216,22.209,22.193,22.170,22.155,22.132,22.132,22.132,22.132,22.125,22.125,22.125,22.117,22.109,22.102,22.086,22.079,22.063,22.056,22.048,22.041,22.033,22.025,22.018,22.010,22.002,22.002,22.002,22.002,21.995,21.995,21.987,21.987,21.979,21.956,21.949,21.934,21.926,21.918,21.918,21.918,21.918,21.918,21.926,21.926,21.934,21.934,21.926,21.926,21.918,21.918,21.911,21.903,21.895,21.888,21.880,21.865,21.857,21.842,21.834,21.819,21.803,21.788,21.765,21.750,21.734,21.719,21.711,21.704,21.688,21.673,21.658,21.642,21.619,21.596,21.573,21.558,21.535,21.512,21.497,21.474,21.458,21.443,21.435,21.427,21.404,21.374,21.351,21.320,21.281,21.258,21.235,21.220,21.212,21.204,21.212,21.204,21.197,21.181,21.158,21.135,21.104,21.089,21.073,21.058,21.042,21.019,21.011,20.996,20.973,20.950,20.926,20.911,20.896,20.880,20.888,20.888,20.888,20.888,20.888,20.880,20.872,20.857,20.841,20.834,20.826,20.826,20.826,20.834,20.834,20.834,20.834,20.826,20.818,20.795,20.780,20.764,20.749,20.764,20.795,20.818,20.818,20.795,20.764,20.741,20.725,20.741,20.764,20.787,20.795,20.787,20.764,20.741,20.733,20.733,20.749,20.756,20.764,20.749,20.741,20.733,20.733,20.741,20.756,20.764,20.780,20.787,20.787,20.795,20.803,20.818,20.826,20.834,20.849,20.865,20.872,20.888,20.896,20.903,20.911,20.911,20.919,20.926,20.934,20.942,20.957,20.973,20.988,21.004,21.027,21.035,21.042,21.050,21.065,21.096,21.119,21.150,21.181,21.204,21.220,21.235,21.250,21.258,21.258,21.266,21.289,21.312,21.327,21.358,21.389,21.435,21.466,21.489,21.504,21.512,21.512
,22.536,22.536,22.528,22.513,22.498,22.475,22.452,22.437,22.422,22.407,22.391,22.376,22.361,22.338,22.315,22.300,22.277,22.247,22.216,22.201,22.178,22.155,22.132,22.117,22.102,22.079,22.048,22.025,22.002,21.979,21.949,21.926,21.903,21.880,21.849,21.834,21.811,21.796,21.780,21.773,21.765,21.765,21.765,21.773,21.780,21.780,21.765,21.750,21.742,21.734,21.750,21.757,21.773,21.788,21.796,21.796,21.803,21.811,21.811,21.819,21.819,21.826,21.834,21.842,21.857,21.865,21.872,21.880,21.888,21.903,21.918,21.926,21.949,21.964,21.972,21.972,21.979,21.995,22.033,22.056,22.079,22.102,22.117,22.125,22.147,22.178,22.224,22.254,22.277,22.308,22.353,22.407,22.468,22.536,22.612,22.650,22.703,22.787,22.953,23.150,23.399,23.730,24.255,25.029,25.997,27.145,28.438,29.631,30.613,31.357,31.775,32.165,32.518,32.829,33.001,33.097,33.194,33.283,33.317,33.276,33.214,33.145,33.132,33.056,32.932,32.780,32.622,32.476,32.289,32.061,31.845,31.629,31.448,31.308,31.154,31.000,30.930,30.944,30.958,30.895,30.859,30.881,30.944,30.958,30.958,30.951,30.951,30.965,30.979,30.979,30.930,30.859,30.810,30.803,30.817,30.824,30.852,30.916,31.014,31.133,31.280,31.462,31.671,31.880,32.081,32.262,32.373,32.497,32.601,32.698,32.773,32.822,32.898,33.035,33.276,33.578,33.845,34.029,34.104,34.090,34.015,33.899,33.769,33.619,33.448,33.228,32.877,32.566,32.303,32.074,31.782,31.399,31.021,30.656,30.282,29.730,29.011,28.150,27.225,26.290,25.437,24.710,24.165,23.753,23.422,23.165,22.953,22.817,22.733,22.696,22.688,22.665,22.642,22.612,22.589,22.566,22.559,22.551,22.506,22.483,22.460,22.452,22.445,22.445,22.445,22.429,22.414,22.399,22.376,22.361,22.361,22.361,22.353,22.353,22.353,22.353,22.346,22.338,22.323,22.300,22.277,22.270,22.270,22.285,22.292,22.292,22.270,22.247,22.224,22.209,22.216,22.231,22.239,22.254,22.254,22.254,22.247,22.239,22.231,22.216,22.209,22.193,22.193,22.201,22.201,22.201,22.186,22.170,22.155,22.140,22.132,22.132,22.125,22.117,22.117,22.117,22.117,22.109,22.094,22.086,22.079,22.063,22.048,22.048,22.041,22.033,22.025,22.018,22.018,22.010,22.010,22.010,22.010,22.002,21.995,21.987,21.979,21.972,21.956,21.941,21.934,21.918,21.918,21.918,21.918,21.926,21.926,21.934,21.934,21.941,21.941,21.934,21.934,21.926,21.918,21.911,21.903,21.895,21.888,21.880,21.880,21.865,21.857,21.842,21.826,21.811,21.788,21.773,21.757,21.742,21.734,21.727,21.711,21.696,21.681,21.665,21.650,21.627,21.604,21.581,21.566,21.535,21.512,21.497,21.481,21.458,21.443,21.435,21.420,21.397,21.366,21.343,21.320,21.289,21.266,21.250,21.235,21.220,21.212,21.212,21.204,21.189,21.173,21.158,21.135,21.112,21.096,21.081,21.058,21.042,21.019,21.011,20.996,20.973,20.950,20.934,20.919,20.903,20.896,20.896,20.903,20.903,20.896,20.896,20.888,20.880,20.865,20.849,20.841,20.826,20.826,20.826,20.834,20.826,20.826,20.826,20.818,20.811,20.795,20.780,20.764,20.764,20.780,20.803,20.826,20.834,20.811,20.772,20.741,20.725,20.741,20.772,20.803,20.818,20.803,20.772,20.749,20.741,20.741,20.749,20.756,20.764,20.749,20.741,20.733,20.733,20.749,20.756,20.772,20.780,20.787,20.787,20.795,20.803,20.818,20.826,20.834,20.849,20.865,20.872,20.888,20.896,20.903,20.911,20.911,20.919,20.919,20.926,20.934,20.957,20.973,20.996,21.011,21.035,21.042,21.042,21.058,21.073,21.104,21.127,21.158,21.189,21.212,21.227,21.243,21.258,21.266,21.266,21.274,21.289,21.312,21.335,21.358,21.389,21.435,21.466,21.489,21.504,21.504,21.504
,22.536,22.528,22.521,22.513,22.498,22.483,22.460,22.437,22.422,22.399,22.384,22.361,22.346,22.323,22.300,22.277,22.254,22.231,22.209,22.193,22.178,22.155,22.132,22.117,22.102,22.079,22.048,22.025,22.002,21.972,21.941,21.926,21.903,21.880,21.849,21.834,21.819,21.796,21.780,21.773,21.765,21.765,21.765,21.773,21.780,21.780,21.765,21.750,21.734,21.734,21.742,21.757,21.765,21.780,21.788,21.796,21.803,21.803,21.803,21.803,21.811,21.811,21.819,21.826,21.834,21.842,21.857,21.857,21.865,21.880,21.895,21.911,21.926,21.941,21.949,21.949,21.956,21.979,22.018,22.041,22.056,22.079,22.094,22.102,22.125,22.155,22.201,22.231,22.262,22.292,22.338,22.399,22.452,22.521,22.597,22.642,22.696,22.779,22.931,23.112,23.324,23.602,24.098,24.829,25.739,26.824,28.129,29.346,30.395,31.231,31.692,32.095,32.469,32.808,33.015,33.132,33.235,33.345,33.406,33.386,33.317,33.221,33.194,33.111,32.987,32.829,32.663,32.511,32.317,32.088,31.873,31.650,31.462,31.322,31.182,31.028,30.944,30.937,30.965,30.916,30.881,30.888,30.944,30.951,30.951,30.944,30.944,30.958,30.972,30.965,30.923,30.852,30.803,30.789,30.796,30.803,30.838,30.909,31.007,31.119,31.273,31.476,31.699,31.922,32.130,32.317,32.456,32.580,32.684,32.760,32.849,32.911,33.022,33.194,33.461,33.749,33.995,34.165,34.199,34.179,34.097,33.968,33.831,33.667,33.468,33.214,32.836,32.511,32.234,31.998,31.685,31.301,30.923,30.543,30.120,29.517,28.761,27.869,26.919,25.975,25.141,24.442,23.948,23.565,23.263,23.021,22.840,22.741,22.688,22.665,22.658,22.642,22.627,22.612,22.589,22.566,22.551,22.544,22.498,22.483,22.475,22.460,22.460,22.452,22.445,22.429,22.414,22.391,22.376,22.361,22.353,22.353,22.353,22.346,22.346,22.346,22.346,22.338,22.323,22.300,22.277,22.270,22.270,22.285,22.292,22.292,22.277,22.254,22.231,22.216,22.224,22.239,22.247,22.254,22.254,22.247,22.247,22.239,22.224,22.216,22.209,22.193,22.193,22.193,22.193,22.186,22.186,22.170,22.155,22.140,22.140,22.132,22.125,22.117,22.117,22.109,22.109,22.102,22.094,22.086,22.071,22.056,22.048,22.041,22.033,22.025,22.025,22.025,22.025,22.018,22.018,22.018,22.010,22.002,21.995,21.987,21.979,21.964,21.956,21.941,21.934,21.926,21.918,21.918,21.926,21.926,21.926,21.934,21.941,21.941,21.941,21.941,21.934,21.926,21.926,21.918,21.911,21.903,21.895,21.895,21.888,21.872,21.865,21.849,21.842,21.819,21.796,21.788,21.773,21.750,21.742,21.734,21.727,21.704,21.688,21.673,21.658,21.635,21.612,21.596,21.573,21.543,21.520,21.504,21.489,21.466,21.443,21.435,21.420,21.397,21.366,21.343,21.320,21.297,21.274,21.266,21.250,21.235,21.220,21.212,21.204,21.189,21.173,21.166,21.143,21.127,21.104,21.089,21.065,21.042,21.027,21.011,21.004,20.981,20.957,20.950,20.934,20.919,20.911,20.911,20.919,20.911,20.911,20.903,20.896,20.880,20.872,20.865,20.849,20.841,20.834,20.834,20.834,20.826,20.826,20.818,20.818,20.803,20.795,20.780,20.772,20.772,20.795,20.818,20.841,20.841,20.818,20.780,20.741,20.725,20.749,20.787,20.818,20.834,20.818,20.787,20.764,20.749,20.749,20.756,20.764,20.772,20.764,20.756,20.749,20.749,20.756,20.764,20.780,20.787,20.795,20.795,20.795,20.811,20.818,20.826,20.834,20.849,20.865,20.880,20.888,20.903,20.911,20.911,20.911,20.919,20.919,20.926,20.934,20.950,20.973,20.996,21.019,21.042,21.050,21.050,21.058,21.073,21.104,21.135,21.166,21.197,21.220,21.227,21.235,21.258,21.266,21.274,21.281,21.297,21.320,21.335,21.358,21.389,21.435,21.466,21.489,21.504,21.504,21.504
,22.506,22.506,22.498,22.490,22.475,22.460,22.437,22.429,22.407,22.384,22.361,22.346,22.323,22.300,22.277,22.270,22.247,22.224,22.209,22.193,22.178,22.155,22.132,22.117,22.102,22.071,22.041,22.018,21.995,21.964,21.941,21.926,21.903,21.880,21.857,21.842,21.819,21.803,21.788,21.780,21.773,21.765,21.765,21.773,21.780,21.773,21.765,21.750,21.734,21.734,21.734,21.750,21.757,21.773,21.780,21.788,21.796,21.803,21.803,21.803,21.803,21.803,21.803,21.811,21.811,21.819,21.834,21.842,21.849,21.865,21.880,21.888,21.903,21.918,21.934,21.934,21.941,21.956,21.987,22.018,22.041,22.063,22.079,22.094,22.117,22.147,22.186,22.216,22.247,22.285,22.338,22.391,22.445,22.506,22.582,22.635,22.688,22.779,22.915,23.067,23.286,23.580,24.000,24.621,25.459,26.517,27.826,29.082,30.183,31.070,31.643,32.074,32.463,32.815,33.056,33.180,33.290,33.406,33.502,33.502,33.420,33.290,33.242,33.152,33.022,32.863,32.684,32.525,32.324,32.088,31.880,31.657,31.476,31.343,31.217,31.063,30.972,30.951,30.972,30.937,30.895,30.881,30.923,30.916,30.923,30.944,30.937,30.944,30.951,30.951,30.909,30.838,30.796,30.782,30.775,30.782,30.817,30.902,31.007,31.112,31.280,31.504,31.755,31.984,32.199,32.400,32.552,32.684,32.780,32.856,32.918,33.022,33.166,33.379,33.667,33.933,34.138,34.261,34.274,34.220,34.118,33.981,33.851,33.681,33.461,33.180,32.780,32.442,32.151,31.894,31.573,31.175,30.768,30.367,29.914,29.268,28.474,27.565,26.613,25.710,24.933,24.307,23.858,23.505,23.218,22.984,22.817,22.726,22.680,22.650,22.635,22.627,22.612,22.597,22.582,22.566,22.551,22.544,22.506,22.490,22.475,22.460,22.460,22.445,22.437,22.414,22.399,22.384,22.369,22.353,22.346,22.346,22.338,22.338,22.338,22.338,22.338,22.330,22.315,22.300,22.285,22.270,22.277,22.292,22.300,22.300,22.285,22.262,22.239,22.231,22.239,22.247,22.262,22.262,22.254,22.239,22.224,22.216,22.209,22.201,22.193,22.193,22.193,22.193,22.193,22.193,22.186,22.170,22.163,22.147,22.140,22.132,22.132,22.117,22.117,22.109,22.102,22.094,22.086,22.079,22.071,22.056,22.048,22.041,22.033,22.025,22.025,22.025,22.025,22.018,22.018,22.018,22.018,22.010,22.002,21.987,21.979,21.964,21.956,21.949,21.941,21.934,21.926,21.926,21.926,21.926,21.926,21.934,21.941,21.941,21.941,21.941,21.934,21.926,21.926,21.918,21.911,21.903,21.903,21.895,21.895,21.880,21.872,21.857,21.842,21.826,21.811,21.796,21.780,21.765,21.750,21.742,21.727,21.711,21.696,21.681,21.658,21.642,21.619,21.596,21.573,21.550,21.527,21.512,21.489,21.474,21.450,21.435,21.420,21.404,21.381,21.358,21.343,21.320,21.297,21.281,21.266,21.250,21.235,21.227,21.212,21.197,21.189,21.181,21.166,21.150,21.127,21.104,21.089,21.065,21.042,21.019,21.004,20.988,20.973,20.965,20.950,20.942,20.926,20.926,20.919,20.911,20.903,20.896,20.888,20.880,20.880,20.872,20.872,20.865,20.857,20.849,20.841,20.834,20.826,20.811,20.803,20.795,20.795,20.787,20.787,20.795,20.811,20.834,20.857,20.857,20.818,20.780,20.741,20.725,20.756,20.795,20.834,20.849,20.834,20.803,20.772,20.749,20.756,20.772,20.787,20.795,20.787,20.780,20.772,20.772,20.780,20.787,20.795,20.795,20.795,20.803,20.811,20.818,20.818,20.826,20.841,20.857,20.865,20.880,20.896,20.911,20.911,20.911,20.911,20.919,20.919,20.919,20.926,20.934,20.957,20.988,21.011,21.035,21.042,21.042,21.050,21.065,21.096,21.127,21.166,21.197,21.212,21.220,21.227,21.243,21.258,21.274,21.289,21.312,21.327,21.343,21.358,21.389,21.427,21.458,21.481,21.504,21.504,21.504
,22.475,22.475,22.475,22.460,22.445,22.429,22.422,22.407,22.391,22.376,22.353,22.330,22.315,22.285,22.270,22.254,22.239,22.224,22.209,22.193,22.178,22.163,22.140,22.117,22.102,22.071,22.041,22.018,21.995,21.964,21.941,21.926,21.911,21.888,21.865,21.842,21.826,21.811,21.796,21.788,21.780,21.780,21.773,21.773,21.780,21.773,21.765,21.750,21.742,21.742,21.742,21.750,21.757,21.765,21.780,21.788,21.796,21.803,21.803,21.796,21.796,21.796,21.788,21.788,21.796,21.811,21.819,21.826,21.842,21.857,21.872,21.880,21.888,21.911,21.918,21.926,21.934,21.949,21.972,21.995,22.025,22.056,22.063,22.086,22.109,22.132,22.170,22.201,22.231,22.270,22.315,22.369,22.422,22.483,22.551,22.597,22.658,22.741,22.855,22.991,23.188,23.459,23.850,24.412,25.185,26.210,27.500,28.775,29.914,30.873,31.566,32.047,32.456,32.822,33.104,33.228,33.345,33.468,33.592,33.619,33.530,33.365,33.283,33.187,33.056,32.891,32.704,32.525,32.324,32.095,31.887,31.664,31.490,31.364,31.252,31.105,31.000,30.958,30.972,30.944,30.909,30.888,30.923,30.923,30.923,30.930,30.923,30.923,30.930,30.923,30.888,30.824,30.789,30.782,30.761,30.761,30.810,30.902,31.014,31.119,31.287,31.538,31.803,32.040,32.269,32.476,32.628,32.753,32.849,32.925,32.994,33.132,33.317,33.557,33.845,34.104,34.288,34.383,34.363,34.267,34.145,34.002,33.851,33.660,33.413,33.097,32.691,32.338,32.040,31.761,31.434,31.035,30.627,30.212,29.702,28.997,28.165,27.246,26.290,25.451,24.747,24.188,23.775,23.459,23.203,22.984,22.840,22.756,22.703,22.673,22.650,22.635,22.612,22.597,22.582,22.566,22.559,22.551,22.506,22.490,22.475,22.460,22.445,22.437,22.422,22.407,22.391,22.369,22.361,22.346,22.338,22.330,22.323,22.323,22.323,22.323,22.323,22.323,22.315,22.300,22.292,22.285,22.285,22.300,22.308,22.308,22.292,22.277,22.262,22.254,22.254,22.270,22.277,22.270,22.247,22.224,22.201,22.186,22.186,22.186,22.186,22.193,22.193,22.201,22.201,22.201,22.193,22.178,22.163,22.155,22.147,22.140,22.140,22.132,22.117,22.109,22.102,22.094,22.079,22.071,22.063,22.056,22.041,22.041,22.033,22.025,22.025,22.025,22.025,22.025,22.025,22.025,22.018,22.010,22.002,21.987,21.979,21.964,21.956,21.956,21.949,21.949,21.934,21.934,21.926,21.926,21.926,21.934,21.941,21.941,21.941,21.934,21.934,21.926,21.926,21.918,21.918,21.911,21.903,21.903,21.895,21.888,21.872,21.857,21.842,21.826,21.811,21.803,21.788,21.773,21.757,21.742,21.727,21.711,21.688,21.673,21.658,21.635,21.612,21.596,21.573,21.550,21.527,21.512,21.497,21.474,21.458,21.443,21.427,21.412,21.389,21.374,21.358,21.343,21.320,21.304,21.289,21.266,21.250,21.235,21.227,21.212,21.204,21.197,21.181,21.173,21.150,21.127,21.104,21.081,21.050,21.027,21.011,20.996,20.981,20.981,20.973,20.965,20.950,20.934,20.919,20.911,20.896,20.888,20.880,20.872,20.880,20.888,20.888,20.888,20.880,20.865,20.857,20.841,20.818,20.811,20.803,20.795,20.795,20.803,20.803,20.811,20.834,20.849,20.865,20.857,20.826,20.780,20.741,20.725,20.756,20.803,20.841,20.857,20.841,20.811,20.780,20.764,20.772,20.795,20.811,20.826,20.818,20.811,20.803,20.803,20.803,20.803,20.811,20.811,20.811,20.811,20.818,20.818,20.826,20.834,20.841,20.857,20.872,20.888,20.903,20.911,20.919,20.919,20.919,20.919,20.919,20.911,20.911,20.926,20.942,20.973,20.996,21.027,21.035,21.035,21.035,21.050,21.089,21.127,21.158,21.189,21.204,21.204,21.212,21.227,21.250,21.274,21.297,21.320,21.335,21.343,21.351,21.374,21.412,21.450,21.481,21.504,21.512,21.512
,22.452,22.452,22.445,22.437,22.422,22.407,22.407,22.391,22.384,22.369,22.346,22.323,22.300,22.277,22.262,22.247,22.239,22.224,22.209,22.201,22.186,22.163,22.140,22.125,22.102,22.071,22.041,22.018,21.995,21.964,21.941,21.926,21.911,21.888,21.865,21.849,21.834,21.819,21.803,21.796,21.788,21.788,21.780,21.780,21.780,21.773,21.765,21.750,21.750,21.750,21.750,21.750,21.757,21.765,21.773,21.780,21.796,21.796,21.796,21.796,21.788,21.788,21.780,21.780,21.780,21.796,21.803,21.819,21.834,21.849,21.865,21.872,21.880,21.895,21.911,21.918,21.934,21.949,21.972,21.979,22.002,22.041,22.048,22.071,22.094,22.117,22.155,22.186,22.216,22.254,22.292,22.338,22.399,22.452,22.506,22.551,22.604,22.680,22.779,22.900,23.074,23.324,23.715,24.225,24.948,25.909,27.174,28.438,29.617,30.656,31.420,31.963,32.414,32.801,33.097,33.249,33.379,33.523,33.674,33.728,33.646,33.448,33.345,33.242,33.104,32.925,32.732,32.539,32.331,32.102,31.901,31.678,31.510,31.392,31.280,31.140,31.028,30.972,30.979,30.958,30.923,30.895,30.923,30.930,30.930,30.930,30.916,30.909,30.909,30.909,30.866,30.817,30.789,30.789,30.761,30.747,30.803,30.909,31.028,31.133,31.308,31.566,31.852,32.088,32.317,32.532,32.684,32.822,32.925,32.994,33.090,33.255,33.482,33.756,34.029,34.274,34.451,34.526,34.472,34.336,34.186,34.029,33.838,33.612,33.331,32.980,32.559,32.213,31.908,31.629,31.287,30.909,30.508,30.077,29.503,28.739,27.876,26.941,25.967,25.170,24.516,24.015,23.632,23.346,23.112,22.923,22.809,22.749,22.703,22.673,22.658,22.635,22.612,22.597,22.582,22.574,22.574,22.559,22.513,22.490,22.468,22.452,22.437,22.429,22.414,22.399,22.384,22.361,22.353,22.338,22.323,22.323,22.315,22.308,22.308,22.315,22.315,22.315,22.308,22.300,22.300,22.292,22.292,22.308,22.315,22.315,22.300,22.285,22.270,22.262,22.270,22.285,22.285,22.277,22.254,22.216,22.186,22.170,22.163,22.170,22.186,22.193,22.201,22.209,22.209,22.209,22.201,22.186,22.170,22.163,22.155,22.147,22.147,22.140,22.125,22.109,22.102,22.086,22.071,22.063,22.056,22.048,22.041,22.041,22.033,22.033,22.033,22.033,22.033,22.025,22.025,22.025,22.018,22.010,22.002,21.987,21.979,21.972,21.964,21.964,21.964,21.956,21.941,21.934,21.934,21.934,21.934,21.934,21.934,21.934,21.934,21.934,21.926,21.926,21.926,21.926,21.918,21.918,21.911,21.911,21.903,21.895,21.880,21.865,21.849,21.834,21.811,21.803,21.796,21.780,21.757,21.750,21.734,21.711,21.688,21.681,21.658,21.635,21.619,21.596,21.581,21.558,21.535,21.520,21.504,21.481,21.466,21.450,21.435,21.420,21.404,21.389,21.381,21.358,21.335,21.320,21.304,21.281,21.266,21.250,21.243,21.227,21.220,21.212,21.204,21.189,21.166,21.150,21.127,21.096,21.065,21.042,21.019,21.004,20.996,20.988,20.988,20.981,20.965,20.942,20.926,20.903,20.888,20.880,20.872,20.872,20.888,20.896,20.911,20.911,20.903,20.888,20.865,20.841,20.826,20.811,20.803,20.803,20.803,20.811,20.818,20.834,20.849,20.865,20.872,20.865,20.834,20.780,20.741,20.733,20.756,20.811,20.849,20.872,20.857,20.826,20.795,20.780,20.795,20.818,20.834,20.849,20.849,20.841,20.834,20.826,20.826,20.826,20.826,20.826,20.826,20.818,20.826,20.826,20.834,20.841,20.849,20.865,20.880,20.896,20.911,20.919,20.926,20.926,20.919,20.919,20.919,20.911,20.911,20.919,20.942,20.965,20.996,21.019,21.027,21.027,21.027,21.042,21.081,21.119,21.150,21.181,21.197,21.197,21.204,21.220,21.243,21.274,21.297,21.327,21.343,21.343,21.351,21.366,21.412,21.450,21.481,21.504,21.520,21.520
,22.429,22.429,22.422,22.414,22.407,22.391,22.391,22.384,22.376,22.361,22.338,22.315,22.292,22.270,22.254,22.254,22.247,22.239,22.216,22.201,22.186,22.163,22.140,22.125,22.102,22.071,22.041,22.018,21.995,21.972,21.949,21.934,21.911,21.895,21.872,21.857,21.834,21.819,21.811,21.811,21.803,21.796,21.788,21.780,21.780,21.773,21.765,21.757,21.757,21.757,21.757,21.757,21.757,21.765,21.765,21.780,21.788,21.796,21.788,21.788,21.780,21.773,21.765,21.765,21.773,21.780,21.796,21.811,21.826,21.849,21.857,21.865,21.872,21.888,21.903,21.918,21.934,21.949,21.964,21.979,21.995,22.025,22.041,22.071,22.094,22.109,22.140,22.170,22.209,22.239,22.277,22.315,22.369,22.422,22.460,22.506,22.551,22.620,22.703,22.817,22.976,23.218,23.595,24.083,24.747,25.621,26.846,28.093,29.296,30.409,31.217,31.824,32.324,32.732,33.042,33.228,33.393,33.564,33.749,33.845,33.763,33.544,33.413,33.303,33.166,32.980,32.773,32.573,32.352,32.130,31.922,31.706,31.538,31.420,31.315,31.175,31.056,30.979,30.993,30.972,30.944,30.902,30.923,30.937,30.944,30.944,30.923,30.916,30.909,30.902,30.859,30.810,30.789,30.796,30.768,30.747,30.803,30.916,31.049,31.147,31.322,31.587,31.887,32.123,32.352,32.559,32.725,32.898,33.008,33.070,33.207,33.413,33.667,33.961,34.220,34.444,34.601,34.668,34.580,34.417,34.233,34.043,33.810,33.550,33.221,32.836,32.414,32.061,31.761,31.490,31.147,30.796,30.402,29.936,29.318,28.510,27.616,26.649,25.666,24.888,24.277,23.820,23.459,23.180,22.961,22.802,22.733,22.703,22.673,22.650,22.642,22.635,22.620,22.597,22.582,22.574,22.574,22.566,22.521,22.490,22.468,22.445,22.437,22.422,22.414,22.391,22.376,22.361,22.353,22.338,22.323,22.315,22.308,22.308,22.308,22.308,22.315,22.308,22.308,22.308,22.300,22.300,22.300,22.315,22.315,22.315,22.308,22.285,22.277,22.270,22.277,22.292,22.292,22.285,22.254,22.216,22.186,22.163,22.155,22.163,22.178,22.193,22.201,22.216,22.224,22.224,22.216,22.193,22.178,22.170,22.163,22.163,22.155,22.140,22.132,22.117,22.094,22.079,22.063,22.056,22.048,22.041,22.041,22.033,22.033,22.033,22.033,22.033,22.025,22.025,22.025,22.025,22.018,22.010,22.002,21.995,21.987,21.979,21.972,21.972,21.964,21.956,21.956,21.941,21.934,21.934,21.934,21.934,21.934,21.934,21.934,21.926,21.926,21.926,21.926,21.926,21.926,21.926,21.918,21.918,21.911,21.895,21.888,21.872,21.857,21.834,21.819,21.811,21.803,21.780,21.765,21.757,21.742,21.719,21.696,21.688,21.665,21.650,21.627,21.612,21.596,21.573,21.550,21.535,21.520,21.497,21.474,21.466,21.450,21.427,21.412,21.404,21.397,21.374,21.351,21.335,21.312,21.289,21.274,21.258,21.250,21.243,21.235,21.227,21.220,21.204,21.181,21.166,21.135,21.104,21.073,21.050,21.035,21.019,21.004,21.004,21.004,20.996,20.973,20.950,20.926,20.903,20.888,20.880,20.872,20.872,20.888,20.911,20.919,20.926,20.919,20.896,20.872,20.849,20.834,20.826,20.818,20.811,20.818,20.818,20.826,20.841,20.857,20.872,20.888,20.880,20.841,20.787,20.749,20.733,20.764,20.811,20.857,20.880,20.865,20.834,20.811,20.795,20.811,20.834,20.857,20.880,20.880,20.872,20.865,20.857,20.857,20.849,20.849,20.849,20.841,20.834,20.834,20.841,20.841,20.841,20.857,20.872,20.888,20.911,20.926,20.934,20.942,20.942,20.942,20.934,20.926,20.919,20.919,20.926,20.950,20.973,21.004,21.027,21.035,21.027,21.035,21.042,21.081,21.112,21.150,21.181,21.189,21.189,21.197,21.212,21.243,21.274,21.297,21.327,21.343,21.343,21.351,21.374,21.412,21.458,21.489,21.512,21.520,21.527
,22.422,22.422,22.422,22.414,22.407,22.391,22.391,22.384,22.376,22.361,22.338,22.315,22.292,22.270,22.262,22.270,22.262,22.254,22.239,22.216,22.193,22.163,22.140,22.125,22.109,22.086,22.056,22.033,22.002,21.979,21.949,21.934,21.911,21.888,21.865,21.849,21.842,21.826,21.819,21.819,21.811,21.803,21.796,21.788,21.780,21.765,21.765,21.757,21.757,21.757,21.757,21.757,21.757,21.765,21.765,21.780,21.788,21.788,21.788,21.773,21.765,21.765,21.757,21.757,21.757,21.765,21.780,21.803,21.819,21.834,21.849,21.849,21.865,21.872,21.888,21.911,21.926,21.941,21.956,21.964,21.979,22.002,22.033,22.079,22.109,22.125,22.132,22.163,22.201,22.231,22.270,22.308,22.361,22.414,22.460,22.490,22.544,22.612,22.696,22.802,22.961,23.195,23.520,23.955,24.568,25.385,26.496,27.725,28.925,30.049,30.979,31.657,32.192,32.628,32.980,33.207,33.400,33.592,33.824,33.961,33.892,33.660,33.502,33.393,33.255,33.063,32.836,32.635,32.414,32.179,31.970,31.755,31.580,31.455,31.343,31.203,31.084,31.000,31.007,30.993,30.965,30.923,30.930,30.958,30.979,30.979,30.965,30.951,30.937,30.916,30.859,30.810,30.803,30.810,30.775,30.754,30.817,30.944,31.070,31.168,31.343,31.608,31.908,32.137,32.359,32.580,32.773,32.967,33.104,33.194,33.372,33.619,33.886,34.159,34.397,34.573,34.682,34.723,34.648,34.472,34.254,34.022,33.797,33.502,33.139,32.718,32.296,31.928,31.601,31.301,31.000,30.635,30.204,29.702,29.082,28.273,27.370,26.408,25.451,24.732,24.173,23.745,23.407,23.127,22.915,22.779,22.718,22.688,22.665,22.635,22.627,22.620,22.604,22.582,22.574,22.574,22.574,22.566,22.521,22.498,22.475,22.460,22.445,22.429,22.414,22.399,22.384,22.369,22.361,22.346,22.338,22.330,22.323,22.315,22.308,22.308,22.315,22.308,22.308,22.308,22.300,22.300,22.300,22.308,22.315,22.308,22.300,22.277,22.262,22.262,22.270,22.292,22.300,22.300,22.262,22.224,22.193,22.163,22.163,22.163,22.170,22.186,22.201,22.216,22.224,22.231,22.224,22.201,22.186,22.170,22.170,22.163,22.163,22.147,22.132,22.109,22.094,22.071,22.056,22.048,22.041,22.041,22.033,22.033,22.033,22.033,22.033,22.033,22.025,22.025,22.025,22.025,22.018,22.010,22.002,21.995,21.987,21.979,21.979,21.972,21.964,21.956,21.956,21.941,21.934,21.934,21.934,21.934,21.934,21.934,21.934,21.926,21.926,21.926,21.926,21.926,21.926,21.926,21.926,21.918,21.911,21.895,21.888,21.872,21.857,21.842,21.834,21.826,21.811,21.796,21.780,21.765,21.750,21.734,21.719,21.696,21.681,21.665,21.650,21.635,21.619,21.596,21.573,21.558,21.543,21.520,21.497,21.481,21.466,21.443,21.427,21.420,21.404,21.381,21.358,21.335,21.312,21.289,21.274,21.266,21.258,21.243,21.243,21.235,21.220,21.204,21.181,21.158,21.135,21.104,21.081,21.058,21.042,21.027,21.019,21.011,21.004,20.988,20.973,20.957,20.934,20.919,20.903,20.896,20.888,20.888,20.896,20.911,20.919,20.919,20.919,20.903,20.880,20.857,20.849,20.841,20.834,20.826,20.826,20.826,20.834,20.841,20.857,20.872,20.888,20.888,20.841,20.795,20.756,20.741,20.772,20.818,20.857,20.880,20.872,20.841,20.818,20.811,20.826,20.849,20.872,20.888,20.896,20.888,20.888,20.880,20.880,20.872,20.872,20.865,20.857,20.857,20.849,20.849,20.849,20.857,20.865,20.888,20.903,20.919,20.934,20.950,20.957,20.965,20.965,20.965,20.957,20.950,20.942,20.950,20.973,20.996,21.019,21.035,21.042,21.042,21.042,21.058,21.089,21.119,21.143,21.173,21.181,21.189,21.197,21.212,21.235,21.266,21.297,21.320,21.335,21.343,21.351,21.374,21.420,21.466,21.497,21.520,21.520,21.527
,22.422,22.422,22.422,22.422,22.414,22.407,22.399,22.391,22.384,22.369,22.346,22.323,22.300,22.285,22.285,22.292,22.285,22.277,22.247,22.224,22.193,22.155,22.140,22.132,22.117,22.094,22.063,22.041,22.018,21.979,21.949,21.926,21.903,21.880,21.857,21.849,21.842,21.834,21.826,21.826,21.819,21.811,21.796,21.788,21.780,21.765,21.765,21.765,21.765,21.765,21.765,21.765,21.765,21.765,21.765,21.773,21.780,21.780,21.773,21.765,21.765,21.757,21.750,21.750,21.750,21.765,21.780,21.788,21.803,21.826,21.842,21.849,21.857,21.872,21.888,21.903,21.918,21.934,21.956,21.964,21.979,22.002,22.033,22.086,22.109,22.117,22.125,22.147,22.186,22.224,22.262,22.292,22.338,22.399,22.445,22.483,22.536,22.604,22.673,22.764,22.900,23.089,23.384,23.760,24.292,25.029,26.085,27.319,28.546,29.716,30.733,31.510,32.109,32.566,32.932,33.187,33.413,33.626,33.879,34.043,33.995,33.749,33.571,33.461,33.317,33.125,32.891,32.691,32.476,32.234,32.005,31.796,31.629,31.497,31.378,31.231,31.105,31.021,31.028,31.021,30.986,30.944,30.937,30.972,31.007,31.035,31.035,31.021,30.986,30.944,30.866,30.817,30.810,30.831,30.796,30.775,30.831,30.972,31.098,31.182,31.357,31.622,31.922,32.151,32.373,32.601,32.829,33.049,33.214,33.345,33.544,33.817,34.090,34.342,34.526,34.648,34.723,34.736,34.641,34.465,34.240,33.995,33.735,33.441,33.063,32.615,32.165,31.789,31.448,31.119,30.796,30.444,29.992,29.439,28.754,27.963,27.065,26.114,25.230,24.576,24.075,23.685,23.376,23.120,22.931,22.809,22.749,22.711,22.680,22.650,22.627,22.620,22.604,22.589,22.574,22.574,22.582,22.574,22.536,22.506,22.490,22.468,22.460,22.445,22.429,22.414,22.399,22.384,22.376,22.361,22.353,22.346,22.338,22.330,22.330,22.323,22.323,22.323,22.315,22.308,22.300,22.300,22.300,22.308,22.308,22.300,22.285,22.262,22.247,22.239,22.254,22.285,22.300,22.300,22.270,22.239,22.209,22.186,22.178,22.170,22.178,22.186,22.201,22.216,22.224,22.231,22.224,22.209,22.193,22.178,22.170,22.170,22.163,22.147,22.132,22.109,22.086,22.071,22.056,22.048,22.041,22.033,22.033,22.033,22.041,22.033,22.033,22.033,22.025,22.018,22.018,22.018,22.018,22.010,22.002,22.002,21.995,21.987,21.979,21.979,21.972,21.956,21.956,21.949,21.941,21.934,21.934,21.934,21.934,21.934,21.934,21.926,21.926,21.926,21.926,21.926,21.934,21.926,21.926,21.918,21.911,21.895,21.888,21.880,21.865,21.849,21.834,21.834,21.819,21.803,21.788,21.780,21.765,21.750,21.734,21.719,21.696,21.681,21.665,21.658,21.642,21.619,21.596,21.581,21.566,21.535,21.512,21.497,21.481,21.458,21.435,21.420,21.404,21.381,21.351,21.327,21.304,21.289,21.274,21.266,21.258,21.243,21.235,21.227,21.220,21.197,21.173,21.150,21.127,21.096,21.081,21.065,21.058,21.035,21.019,21.011,20.996,20.981,20.965,20.950,20.942,20.926,20.919,20.911,20.903,20.903,20.903,20.911,20.919,20.911,20.903,20.896,20.880,20.872,20.865,20.857,20.849,20.849,20.834,20.826,20.826,20.826,20.841,20.865,20.880,20.888,20.849,20.803,20.764,20.749,20.772,20.818,20.857,20.880,20.872,20.841,20.818,20.818,20.834,20.857,20.880,20.896,20.903,20.903,20.896,20.896,20.896,20.888,20.880,20.880,20.872,20.865,20.865,20.865,20.865,20.865,20.880,20.896,20.911,20.934,20.950,20.973,20.981,20.981,20.988,20.988,20.988,20.981,20.973,20.981,20.996,21.019,21.035,21.058,21.058,21.058,21.058,21.065,21.096,21.119,21.143,21.166,21.181,21.189,21.197,21.220,21.235,21.258,21.281,21.304,21.327,21.335,21.358,21.389,21.435,21.474,21.497,21.520,21.520,21.527
,22.429,22.429,22.429,22.429,22.429,22.422,22.407,22.399,22.391,22.376,22.353,22.330,22.315,22.300,22.300,22.308,22.308,22.300,22.262,22.231,22.193,22.155,22.140,22.132,22.117,22.102,22.071,22.048,22.025,21.987,21.949,21.926,21.903,21.872,21.857,21.849,21.849,21.842,21.834,21.834,21.826,21.819,21.803,21.788,21.780,21.773,21.765,21.765,21.765,21.765,21.765,21.765,21.765,21.773,21.773,21.773,21.773,21.773,21.765,21.757,21.757,21.750,21.750,21.750,21.750,21.765,21.773,21.780,21.796,21.819,21.834,21.842,21.857,21.872,21.888,21.903,21.918,21.934,21.956,21.964,21.979,21.995,22.025,22.079,22.109,22.109,22.117,22.132,22.163,22.209,22.247,22.285,22.323,22.376,22.429,22.475,22.521,22.574,22.635,22.711,22.817,22.976,23.248,23.580,24.038,24.695,25.747,26.992,28.244,29.453,30.508,31.371,32.033,32.525,32.884,33.173,33.420,33.653,33.920,34.118,34.077,33.824,33.619,33.502,33.365,33.173,32.939,32.746,32.525,32.276,32.040,31.845,31.678,31.538,31.413,31.259,31.126,31.042,31.049,31.042,31.007,30.965,30.944,30.979,31.028,31.070,31.077,31.056,31.021,30.972,30.888,30.831,30.824,30.845,30.810,30.789,30.852,30.993,31.119,31.196,31.364,31.629,31.928,32.158,32.386,32.628,32.870,33.118,33.317,33.489,33.715,34.002,34.267,34.499,34.607,34.689,34.736,34.729,34.601,34.410,34.193,33.947,33.653,33.331,32.939,32.483,32.019,31.629,31.287,30.958,30.606,30.233,29.773,29.182,28.438,27.623,26.722,25.769,24.948,24.374,23.925,23.557,23.286,23.059,22.893,22.794,22.749,22.711,22.680,22.650,22.635,22.620,22.612,22.604,22.582,22.582,22.582,22.574,22.544,22.521,22.498,22.483,22.468,22.460,22.445,22.429,22.414,22.399,22.391,22.376,22.369,22.361,22.353,22.346,22.338,22.338,22.338,22.330,22.323,22.308,22.300,22.300,22.300,22.300,22.300,22.300,22.277,22.247,22.231,22.224,22.239,22.270,22.292,22.300,22.277,22.254,22.231,22.209,22.193,22.186,22.178,22.186,22.193,22.216,22.231,22.239,22.231,22.216,22.193,22.178,22.178,22.170,22.163,22.147,22.132,22.109,22.094,22.071,22.056,22.048,22.041,22.033,22.033,22.041,22.041,22.041,22.041,22.033,22.025,22.018,22.018,22.018,22.010,22.010,22.010,22.002,22.002,21.995,21.987,21.979,21.972,21.956,21.956,21.949,21.941,21.934,21.934,21.934,21.934,21.934,21.934,21.926,21.926,21.926,21.926,21.926,21.934,21.926,21.926,21.918,21.911,21.895,21.888,21.880,21.872,21.865,21.842,21.834,21.826,21.811,21.796,21.788,21.780,21.765,21.750,21.734,21.719,21.696,21.681,21.673,21.658,21.642,21.619,21.604,21.581,21.558,21.527,21.512,21.497,21.466,21.443,21.427,21.404,21.381,21.351,21.327,21.304,21.281,21.274,21.266,21.258,21.243,21.235,21.227,21.212,21.197,21.166,21.143,21.119,21.096,21.081,21.073,21.065,21.050,21.027,21.011,20.996,20.973,20.957,20.950,20.942,20.942,20.934,20.926,20.919,20.919,20.911,20.911,20.911,20.903,20.896,20.888,20.888,20.880,20.880,20.872,20.872,20.865,20.849,20.834,20.818,20.818,20.834,20.857,20.880,20.888,20.857,20.803,20.764,20.749,20.772,20.818,20.857,20.880,20.872,20.841,20.826,20.826,20.841,20.865,20.888,20.903,20.911,20.911,20.911,20.903,20.903,20.903,20.896,20.896,20.888,20.880,20.880,20.880,20.880,20.880,20.896,20.911,20.926,20.950,20.965,20.988,20.996,21.004,21.011,21.011,21.011,21.011,21.011,21.011,21.027,21.042,21.065,21.073,21.081,21.073,21.081,21.089,21.104,21.127,21.150,21.173,21.189,21.197,21.204,21.227,21.243,21.258,21.274,21.297,21.320,21.343,21.366,21.404,21.450,21.481,21.504,21.520,21.527,21.527
,22.437,22.437,22.437,22.429,22.429,22.422,22.414,22.407,22.391,22.376,22.353,22.338,22.323,22.308,22.308,22.315,22.315,22.300,22.270,22.231,22.193,22.155,22.140,22.132,22.117,22.102,22.079,22.056,22.025,21.995,21.956,21.926,21.903,21.872,21.857,21.857,21.849,21.849,21.842,21.842,21.834,21.819,21.811,21.796,21.780,21.773,21.773,21.773,21.773,21.773,21.780,21.780,21.780,21.780,21.773,21.773,21.765,21.765,21.757,21.750,21.742,21.742,21.742,21.742,21.750,21.765,21.765,21.780,21.796,21.811,21.826,21.842,21.857,21.872,21.888,21.903,21.918,21.934,21.956,21.964,21.979,21.995,22.025,22.071,22.094,22.094,22.102,22.117,22.147,22.186,22.231,22.270,22.308,22.361,22.414,22.452,22.490,22.544,22.597,22.658,22.741,22.885,23.142,23.444,23.850,24.457,25.511,26.759,28.021,29.239,30.310,31.224,31.942,32.469,32.815,33.145,33.427,33.667,33.954,34.172,34.152,33.899,33.667,33.537,33.400,33.221,32.973,32.787,32.573,32.310,32.067,31.880,31.720,31.580,31.441,31.287,31.147,31.056,31.070,31.063,31.035,30.979,30.944,30.979,31.028,31.063,31.077,31.063,31.035,30.993,30.916,30.852,30.838,30.852,30.824,30.803,30.873,31.014,31.140,31.210,31.371,31.629,31.928,32.158,32.400,32.670,32.905,33.173,33.400,33.605,33.865,34.145,34.410,34.607,34.662,34.702,34.729,34.702,34.539,34.322,34.097,33.865,33.550,33.166,32.753,32.310,31.866,31.462,31.112,30.803,30.437,30.028,29.531,28.932,28.136,27.283,26.356,25.407,24.650,24.143,23.730,23.384,23.135,22.938,22.802,22.733,22.711,22.680,22.650,22.635,22.627,22.620,22.612,22.604,22.589,22.582,22.574,22.574,22.551,22.528,22.506,22.490,22.475,22.460,22.452,22.437,22.422,22.407,22.399,22.384,22.376,22.369,22.361,22.353,22.346,22.346,22.338,22.330,22.323,22.308,22.300,22.292,22.292,22.300,22.300,22.292,22.270,22.247,22.224,22.216,22.231,22.262,22.285,22.292,22.285,22.270,22.247,22.231,22.209,22.201,22.193,22.186,22.201,22.216,22.231,22.239,22.231,22.216,22.193,22.178,22.178,22.170,22.163,22.147,22.132,22.117,22.094,22.071,22.063,22.048,22.041,22.041,22.041,22.041,22.048,22.041,22.041,22.033,22.025,22.025,22.018,22.018,22.010,22.010,22.010,22.010,22.002,21.995,21.987,21.979,21.972,21.956,21.956,21.949,21.941,21.941,21.941,21.941,21.934,21.934,21.934,21.926,21.926,21.926,21.926,21.926,21.926,21.926,21.926,21.918,21.911,21.903,21.895,21.888,21.880,21.865,21.849,21.834,21.826,21.811,21.803,21.796,21.788,21.773,21.757,21.742,21.734,21.711,21.696,21.681,21.665,21.650,21.627,21.612,21.596,21.566,21.543,21.527,21.504,21.474,21.450,21.427,21.404,21.374,21.343,21.327,21.304,21.281,21.274,21.266,21.258,21.243,21.235,21.227,21.212,21.197,21.166,21.143,21.119,21.096,21.089,21.089,21.073,21.058,21.035,21.019,20.996,20.981,20.965,20.957,20.957,20.957,20.950,20.942,20.934,20.926,20.926,20.911,20.903,20.896,20.896,20.896,20.888,20.888,20.896,20.896,20.888,20.880,20.865,20.841,20.818,20.811,20.826,20.857,20.888,20.896,20.857,20.811,20.772,20.756,20.780,20.826,20.865,20.880,20.872,20.849,20.834,20.834,20.849,20.872,20.896,20.911,20.919,20.919,20.919,20.919,20.919,20.919,20.911,20.911,20.903,20.896,20.896,20.896,20.896,20.903,20.919,20.926,20.950,20.965,20.981,21.004,21.019,21.027,21.035,21.042,21.042,21.042,21.042,21.050,21.058,21.073,21.089,21.104,21.104,21.104,21.104,21.112,21.127,21.143,21.166,21.181,21.197,21.204,21.220,21.235,21.258,21.266,21.281,21.304,21.335,21.358,21.381,21.420,21.466,21.497,21.520,21.527,21.535,21.535
,22.437,22.437,22.437,22.429,22.422,22.414,22.407,22.391,22.384,22.361,22.346,22.330,22.315,22.308,22.300,22.300,22.300,22.285,22.254,22.224,22.193,22.155,22.132,22.117,22.102,22.079,22.056,22.041,22.025,22.002,21.964,21.934,21.911,21.888,21.872,21.865,21.865,21.857,21.849,21.842,21.834,21.826,21.811,21.796,21.780,21.773,21.773,21.773,21.780,21.780,21.780,21.780,21.780,21.780,21.773,21.765,21.757,21.757,21.742,21.742,21.742,21.742,21.742,21.742,21.750,21.765,21.765,21.780,21.788,21.803,21.819,21.834,21.857,21.880,21.895,21.911,21.926,21.941,21.956,21.972,21.979,21.995,22.018,22.041,22.063,22.086,22.102,22.117,22.140,22.186,22.231,22.262,22.300,22.346,22.407,22.445,22.483,22.536,22.589,22.658,22.756,22.900,23.127,23.414,23.828,24.419,25.363,26.561,27.790,28.982,30.120,31.049,31.782,32.331,32.732,33.077,33.386,33.667,33.995,34.240,34.233,33.981,33.715,33.571,33.434,33.255,33.015,32.836,32.608,32.324,32.074,31.908,31.755,31.615,31.476,31.308,31.168,31.077,31.091,31.084,31.042,30.986,30.951,30.979,31.021,31.049,31.049,31.042,31.028,31.007,30.937,30.873,30.852,30.866,30.845,30.824,30.895,31.035,31.161,31.231,31.378,31.636,31.935,32.165,32.407,32.677,32.918,33.194,33.448,33.667,33.961,34.240,34.465,34.621,34.696,34.709,34.682,34.614,34.485,34.240,33.968,33.687,33.386,32.973,32.525,32.074,31.699,31.308,30.930,30.585,30.303,29.865,29.304,28.646,27.855,26.970,26.048,25.155,24.457,23.993,23.625,23.324,23.059,22.885,22.771,22.718,22.696,22.658,22.627,22.620,22.627,22.620,22.612,22.604,22.582,22.566,22.559,22.559,22.551,22.536,22.513,22.490,22.475,22.460,22.445,22.429,22.414,22.399,22.391,22.376,22.361,22.361,22.353,22.346,22.338,22.338,22.330,22.323,22.315,22.300,22.292,22.285,22.292,22.300,22.308,22.308,22.285,22.254,22.231,22.224,22.231,22.262,22.285,22.292,22.292,22.277,22.262,22.247,22.231,22.216,22.209,22.201,22.209,22.224,22.231,22.231,22.224,22.209,22.193,22.178,22.170,22.170,22.163,22.147,22.132,22.117,22.094,22.079,22.071,22.063,22.056,22.048,22.041,22.041,22.048,22.041,22.041,22.033,22.025,22.025,22.025,22.018,22.010,22.010,22.010,22.010,22.002,21.995,21.995,21.979,21.972,21.964,21.956,21.949,21.941,21.941,21.941,21.941,21.934,21.934,21.934,21.926,21.926,21.926,21.926,21.926,21.926,21.926,21.926,21.918,21.911,21.903,21.903,21.895,21.888,21.872,21.857,21.842,21.819,21.803,21.796,21.796,21.788,21.773,21.765,21.750,21.734,21.719,21.696,21.681,21.658,21.627,21.612,21.604,21.589,21.566,21.543,21.527,21.504,21.474,21.443,21.427,21.404,21.374,21.343,21.327,21.304,21.289,21.274,21.266,21.258,21.250,21.243,21.227,21.212,21.197,21.173,21.150,21.127,21.104,21.096,21.089,21.081,21.065,21.042,21.027,21.004,20.988,20.981,20.973,20.965,20.957,20.957,20.950,20.942,20.934,20.926,20.911,20.903,20.896,20.896,20.896,20.896,20.896,20.903,20.903,20.903,20.896,20.872,20.841,20.818,20.811,20.826,20.865,20.896,20.903,20.865,20.818,20.787,20.772,20.787,20.826,20.865,20.888,20.880,20.865,20.849,20.849,20.865,20.880,20.903,20.919,20.919,20.926,20.926,20.926,20.926,20.926,20.926,20.919,20.911,20.911,20.911,20.911,20.919,20.926,20.934,20.950,20.965,20.981,20.996,21.019,21.035,21.042,21.058,21.065,21.073,21.073,21.073,21.081,21.096,21.104,21.119,21.135,21.135,21.135,21.135,21.143,21.158,21.173,21.189,21.204,21.220,21.227,21.243,21.258,21.274,21.281,21.304,21.335,21.358,21.381,21.412,21.450,21.481,21.512,21.527,21.543,21.550,21.550
,22.437,22.429,22.429,22.422,22.414,22.407,22.399,22.384,22.369,22.361,22.338,22.323,22.308,22.292,22.285,22.277,22.277,22.262,22.239,22.216,22.186,22.155,22.125,22.109,22.086,22.063,22.041,22.033,22.018,22.002,21.972,21.949,21.926,21.903,21.888,21.880,21.872,21.865,21.849,21.842,21.834,21.826,21.803,21.788,21.780,21.773,21.773,21.780,21.788,21.788,21.788,21.788,21.788,21.780,21.773,21.757,21.757,21.750,21.734,21.734,21.734,21.734,21.734,21.750,21.757,21.765,21.773,21.780,21.788,21.803,21.819,21.834,21.857,21.880,21.895,21.911,21.926,21.949,21.964,21.972,21.987,22.002,22.018,22.033,22.056,22.079,22.102,22.109,22.132,22.170,22.224,22.262,22.292,22.338,22.391,22.429,22.468,22.513,22.566,22.635,22.733,22.862,23.059,23.331,23.708,24.240,25.081,26.202,27.399,28.603,29.780,30.782,31.587,32.199,32.628,33.001,33.345,33.667,34.015,34.295,34.315,34.077,33.776,33.619,33.468,33.297,33.056,32.870,32.628,32.317,32.067,31.908,31.768,31.622,31.483,31.315,31.175,31.084,31.112,31.098,31.056,30.993,30.965,30.986,31.007,31.028,31.021,31.021,31.014,31.014,30.958,30.888,30.859,30.873,30.852,30.845,30.909,31.049,31.175,31.245,31.392,31.643,31.942,32.165,32.414,32.691,32.953,33.249,33.523,33.769,34.104,34.376,34.553,34.655,34.696,34.702,34.648,34.533,34.370,34.152,33.872,33.544,33.187,32.767,32.324,31.887,31.504,31.140,30.768,30.388,30.049,29.602,29.011,28.280,27.450,26.517,25.636,24.859,24.285,23.843,23.520,23.271,23.052,22.893,22.794,22.749,22.711,22.673,22.642,22.627,22.620,22.620,22.620,22.612,22.582,22.566,22.559,22.559,22.544,22.528,22.506,22.490,22.468,22.460,22.445,22.422,22.407,22.391,22.376,22.361,22.353,22.346,22.338,22.330,22.323,22.323,22.323,22.323,22.308,22.292,22.285,22.277,22.285,22.308,22.315,22.315,22.292,22.262,22.239,22.224,22.239,22.262,22.277,22.292,22.292,22.277,22.270,22.254,22.247,22.231,22.224,22.216,22.224,22.231,22.231,22.231,22.216,22.201,22.178,22.163,22.155,22.155,22.155,22.147,22.132,22.117,22.102,22.086,22.079,22.071,22.063,22.063,22.048,22.048,22.048,22.041,22.041,22.033,22.033,22.033,22.025,22.018,22.010,22.010,22.010,22.002,22.002,21.995,21.995,21.987,21.979,21.964,21.956,21.949,21.941,21.941,21.941,21.941,21.941,21.941,21.934,21.934,21.934,21.934,21.934,21.926,21.926,21.918,21.918,21.918,21.911,21.911,21.903,21.903,21.888,21.880,21.857,21.842,21.819,21.803,21.788,21.780,21.780,21.765,21.757,21.750,21.734,21.719,21.688,21.665,21.635,21.612,21.589,21.589,21.573,21.558,21.535,21.512,21.497,21.466,21.443,21.420,21.397,21.366,21.343,21.327,21.304,21.289,21.274,21.266,21.258,21.250,21.235,21.227,21.220,21.204,21.181,21.158,21.135,21.112,21.096,21.081,21.073,21.058,21.042,21.027,21.011,21.004,20.988,20.981,20.973,20.965,20.957,20.942,20.942,20.934,20.919,20.911,20.903,20.903,20.896,20.903,20.903,20.903,20.903,20.911,20.911,20.903,20.880,20.849,20.826,20.818,20.834,20.872,20.896,20.903,20.872,20.826,20.795,20.780,20.795,20.834,20.872,20.888,20.888,20.872,20.857,20.849,20.865,20.880,20.896,20.911,20.919,20.926,20.934,20.934,20.934,20.934,20.926,20.919,20.919,20.926,20.926,20.926,20.934,20.934,20.950,20.965,20.973,20.988,21.004,21.027,21.042,21.058,21.073,21.089,21.089,21.096,21.096,21.104,21.119,21.135,21.150,21.158,21.166,21.166,21.173,21.181,21.197,21.212,21.220,21.235,21.243,21.250,21.266,21.281,21.297,21.320,21.343,21.374,21.397,21.420,21.443,21.474,21.504,21.527,21.550,21.558,21.566,21.566
,22.437,22.429,22.429,22.422,22.414,22.399,22.384,22.376,22.361,22.346,22.330,22.315,22.300,22.285,22.270,22.262,22.254,22.239,22.224,22.201,22.186,22.155,22.125,22.102,22.071,22.041,22.025,22.018,22.010,22.002,21.972,21.956,21.934,21.918,21.895,21.888,21.880,21.865,21.849,21.842,21.834,21.819,21.803,21.796,21.788,21.780,21.780,21.788,21.788,21.796,21.796,21.796,21.788,21.780,21.773,21.757,21.750,21.742,21.727,21.727,21.727,21.734,21.734,21.750,21.757,21.773,21.773,21.780,21.788,21.803,21.819,21.834,21.857,21.880,21.895,21.911,21.926,21.949,21.964,21.979,21.987,22.002,22.025,22.041,22.056,22.079,22.102,22.109,22.125,22.163,22.216,22.254,22.285,22.323,22.376,22.414,22.445,22.490,22.544,22.604,22.688,22.794,22.961,23.195,23.512,23.978,24.740,25.791,26.955,28.179,29.396,30.494,31.399,32.088,32.532,32.925,33.297,33.660,34.015,34.329,34.376,34.159,33.838,33.660,33.509,33.338,33.097,32.898,32.635,32.303,32.054,31.901,31.768,31.629,31.476,31.308,31.175,31.098,31.126,31.105,31.063,31.000,30.965,30.979,31.000,31.014,31.000,30.993,31.000,31.007,30.965,30.902,30.873,30.873,30.859,30.859,30.923,31.056,31.182,31.252,31.406,31.650,31.942,32.172,32.421,32.704,32.994,33.310,33.605,33.899,34.261,34.499,34.641,34.702,34.689,34.668,34.601,34.478,34.274,34.056,33.783,33.441,33.015,32.587,32.158,31.727,31.329,30.972,30.606,30.226,29.794,29.289,28.660,27.891,27.006,26.070,25.230,24.531,24.075,23.693,23.399,23.173,22.999,22.878,22.794,22.749,22.718,22.680,22.650,22.635,22.627,22.635,22.642,22.627,22.589,22.574,22.559,22.551,22.536,22.521,22.506,22.483,22.468,22.452,22.437,22.414,22.399,22.376,22.361,22.353,22.338,22.330,22.330,22.323,22.315,22.315,22.315,22.315,22.300,22.285,22.277,22.270,22.285,22.308,22.323,22.323,22.308,22.277,22.247,22.231,22.239,22.262,22.277,22.285,22.285,22.277,22.270,22.270,22.254,22.247,22.239,22.231,22.231,22.231,22.231,22.224,22.209,22.193,22.170,22.155,22.155,22.155,22.155,22.147,22.132,22.125,22.109,22.102,22.094,22.086,22.079,22.071,22.063,22.056,22.056,22.048,22.041,22.041,22.041,22.041,22.025,22.018,22.018,22.010,22.010,22.002,22.002,21.995,21.995,21.987,21.979,21.972,21.964,21.956,21.949,21.941,21.941,21.941,21.941,21.941,21.941,21.941,21.941,21.934,21.934,21.926,21.918,21.911,21.911,21.918,21.918,21.911,21.911,21.903,21.895,21.880,21.857,21.834,21.819,21.796,21.788,21.780,21.773,21.757,21.757,21.750,21.734,21.719,21.681,21.650,21.619,21.589,21.573,21.573,21.566,21.550,21.527,21.512,21.489,21.466,21.435,21.412,21.389,21.366,21.343,21.327,21.312,21.297,21.281,21.274,21.258,21.243,21.235,21.227,21.220,21.204,21.189,21.166,21.150,21.127,21.104,21.089,21.073,21.058,21.042,21.035,21.027,21.011,21.004,20.996,20.981,20.973,20.957,20.950,20.934,20.926,20.919,20.911,20.911,20.911,20.911,20.911,20.911,20.911,20.911,20.911,20.911,20.903,20.880,20.857,20.834,20.826,20.849,20.880,20.903,20.911,20.880,20.834,20.803,20.787,20.803,20.841,20.880,20.896,20.896,20.880,20.865,20.865,20.872,20.888,20.896,20.911,20.919,20.926,20.934,20.942,20.942,20.934,20.934,20.926,20.926,20.934,20.942,20.950,20.950,20.957,20.965,20.981,20.988,21.004,21.011,21.035,21.050,21.065,21.081,21.096,21.104,21.112,21.119,21.127,21.135,21.158,21.166,21.181,21.189,21.197,21.197,21.204,21.227,21.235,21.258,21.266,21.274,21.274,21.289,21.304,21.320,21.343,21.374,21.404,21.427,21.443,21.458,21.489,21.520,21.543,21.558,21.573,21.573,21.573
,22.437,22.429,22.429,22.422,22.407,22.391,22.384,22.369,22.353,22.338,22.323,22.308,22.292,22.270,22.262,22.254,22.247,22.239,22.216,22.201,22.186,22.155,22.125,22.102,22.071,22.033,22.018,22.018,22.010,21.995,21.979,21.956,21.941,21.918,21.903,21.888,21.880,21.865,21.849,21.842,21.834,21.819,21.811,21.803,21.796,21.788,21.788,21.788,21.796,21.796,21.788,21.788,21.788,21.780,21.765,21.757,21.750,21.734,21.727,21.727,21.727,21.734,21.734,21.750,21.757,21.773,21.773,21.780,21.788,21.803,21.819,21.834,21.857,21.880,21.903,21.918,21.934,21.949,21.964,21.979,21.995,22.010,22.025,22.041,22.056,22.079,22.094,22.102,22.117,22.147,22.201,22.239,22.270,22.300,22.353,22.391,22.429,22.468,22.513,22.566,22.627,22.711,22.847,23.044,23.301,23.685,24.382,25.378,26.517,27.754,29.018,30.204,31.217,31.984,32.428,32.829,33.228,33.633,34.002,34.336,34.417,34.227,33.892,33.701,33.544,33.372,33.125,32.918,32.635,32.289,32.040,31.887,31.755,31.622,31.469,31.301,31.175,31.105,31.126,31.105,31.056,30.993,30.965,30.979,30.993,31.000,30.979,30.972,30.979,30.993,30.965,30.909,30.873,30.866,30.866,30.873,30.937,31.049,31.175,31.259,31.413,31.657,31.942,32.165,32.421,32.725,33.028,33.365,33.694,34.029,34.410,34.601,34.702,34.736,34.689,34.621,34.546,34.438,34.213,33.968,33.687,33.345,32.877,32.421,31.991,31.594,31.189,30.789,30.430,30.077,29.567,28.954,28.266,27.486,26.561,25.658,24.859,24.225,23.835,23.542,23.278,23.044,22.915,22.824,22.764,22.726,22.711,22.673,22.650,22.642,22.642,22.658,22.658,22.650,22.612,22.589,22.566,22.551,22.536,22.521,22.506,22.483,22.460,22.445,22.429,22.407,22.391,22.376,22.361,22.338,22.330,22.330,22.323,22.323,22.315,22.315,22.315,22.308,22.300,22.285,22.270,22.262,22.277,22.308,22.323,22.330,22.315,22.285,22.254,22.239,22.239,22.254,22.270,22.277,22.277,22.277,22.270,22.270,22.270,22.254,22.247,22.247,22.239,22.239,22.231,22.224,22.209,22.186,22.170,22.163,22.155,22.155,22.155,22.155,22.140,22.132,22.125,22.117,22.109,22.102,22.094,22.094,22.079,22.071,22.056,22.056,22.048,22.048,22.048,22.041,22.041,22.025,22.018,22.010,22.010,22.010,22.002,22.002,21.995,21.995,21.987,21.979,21.972,21.956,21.949,21.949,21.941,21.941,21.949,21.941,21.941,21.941,21.941,21.934,21.934,21.918,21.911,21.911,21.911,21.918,21.918,21.911,21.911,21.903,21.888,21.872,21.857,21.834,21.811,21.796,21.788,21.780,21.773,21.765,21.757,21.750,21.742,21.719,21.681,21.642,21.604,21.573,21.566,21.566,21.558,21.550,21.527,21.520,21.497,21.466,21.443,21.412,21.389,21.358,21.343,21.327,21.320,21.304,21.289,21.281,21.266,21.250,21.243,21.235,21.227,21.212,21.197,21.181,21.158,21.135,21.112,21.096,21.081,21.065,21.050,21.042,21.035,21.027,21.019,21.004,20.996,20.981,20.965,20.957,20.942,20.934,20.926,20.926,20.926,20.926,20.926,20.926,20.919,20.919,20.919,20.919,20.911,20.903,20.888,20.865,20.849,20.841,20.865,20.888,20.911,20.911,20.880,20.841,20.811,20.795,20.811,20.857,20.888,20.911,20.911,20.896,20.888,20.880,20.888,20.888,20.896,20.911,20.919,20.934,20.942,20.950,20.950,20.942,20.942,20.942,20.942,20.950,20.957,20.965,20.973,20.981,20.988,20.996,21.011,21.011,21.027,21.042,21.058,21.073,21.096,21.112,21.119,21.119,21.127,21.143,21.150,21.166,21.181,21.197,21.204,21.204,21.212,21.227,21.243,21.258,21.281,21.289,21.289,21.289,21.297,21.312,21.335,21.358,21.397,21.427,21.450,21.458,21.474,21.497,21.520,21.550,21.566,21.581,21.581,21.581
,22.429,22.429,22.429,22.422,22.407,22.391,22.376,22.361,22.346,22.323,22.315,22.300,22.292,22.277,22.270,22.270,22.270,22.262,22.239,22.216,22.193,22.163,22.132,22.109,22.079,22.056,22.033,22.018,22.002,21.987,21.964,21.949,21.934,21.911,21.895,21.880,21.872,21.857,21.849,21.842,21.834,21.826,21.819,21.819,21.811,21.803,21.796,21.796,21.788,21.788,21.780,21.780,21.773,21.765,21.757,21.750,21.742,21.727,21.727,21.727,21.727,21.727,21.734,21.750,21.757,21.773,21.773,21.780,21.780,21.796,21.811,21.834,21.857,21.880,21.895,21.911,21.934,21.949,21.964,21.979,21.995,22.010,22.018,22.033,22.048,22.063,22.094,22.102,22.109,22.132,22.193,22.231,22.262,22.292,22.338,22.384,22.422,22.468,22.513,22.566,22.627,22.711,22.832,23.006,23.241,23.587,24.203,25.141,26.239,27.457,28.732,29.950,30.979,31.782,32.283,32.677,33.084,33.516,33.927,34.288,34.397,34.240,33.920,33.728,33.564,33.386,33.139,32.925,32.628,32.269,32.019,31.873,31.741,31.608,31.455,31.294,31.175,31.105,31.112,31.091,31.042,30.979,30.951,30.965,30.979,30.979,30.958,30.951,30.951,30.958,30.937,30.902,30.881,30.866,30.859,30.873,30.937,31.042,31.161,31.259,31.420,31.664,31.928,32.151,32.414,32.725,33.049,33.400,33.756,34.111,34.519,34.689,34.736,34.709,34.675,34.587,34.465,34.315,34.152,33.872,33.537,33.145,32.698,32.227,31.789,31.392,31.028,30.606,30.190,29.780,29.282,28.603,27.847,27.021,26.063,25.252,24.591,24.068,23.640,23.399,23.203,23.029,22.878,22.809,22.764,22.733,22.703,22.658,22.642,22.642,22.642,22.665,22.673,22.658,22.612,22.589,22.566,22.551,22.536,22.521,22.506,22.483,22.468,22.452,22.429,22.414,22.399,22.384,22.361,22.346,22.338,22.330,22.330,22.323,22.323,22.323,22.323,22.323,22.308,22.285,22.270,22.270,22.285,22.315,22.330,22.330,22.315,22.277,22.247,22.231,22.239,22.254,22.262,22.277,22.277,22.270,22.270,22.270,22.270,22.262,22.254,22.247,22.247,22.239,22.239,22.224,22.216,22.193,22.186,22.170,22.163,22.170,22.170,22.163,22.155,22.147,22.140,22.125,22.117,22.117,22.109,22.102,22.094,22.079,22.071,22.056,22.056,22.048,22.048,22.041,22.041,22.033,22.025,22.010,22.010,22.010,22.010,22.002,22.002,21.995,21.995,21.979,21.979,21.964,21.956,21.949,21.949,21.941,21.949,21.941,21.941,21.941,21.941,21.934,21.934,21.926,21.918,21.911,21.911,21.918,21.918,21.911,21.911,21.895,21.888,21.865,21.849,21.834,21.819,21.803,21.796,21.796,21.788,21.780,21.765,21.765,21.750,21.727,21.688,21.650,21.612,21.581,21.573,21.573,21.573,21.566,21.550,21.535,21.520,21.489,21.458,21.427,21.397,21.366,21.351,21.343,21.335,21.320,21.304,21.289,21.274,21.258,21.250,21.243,21.235,21.220,21.204,21.189,21.173,21.150,21.135,21.112,21.096,21.081,21.065,21.058,21.050,21.035,21.027,21.011,21.004,20.988,20.981,20.965,20.957,20.942,20.934,20.934,20.934,20.934,20.934,20.934,20.934,20.926,20.926,20.926,20.919,20.911,20.903,20.888,20.880,20.872,20.880,20.903,20.919,20.919,20.888,20.849,20.818,20.811,20.834,20.872,20.903,20.926,20.926,20.911,20.903,20.896,20.896,20.903,20.911,20.919,20.926,20.942,20.950,20.957,20.957,20.957,20.950,20.950,20.957,20.965,20.973,20.981,20.988,20.996,21.004,21.011,21.019,21.027,21.035,21.050,21.065,21.081,21.096,21.112,21.112,21.119,21.119,21.127,21.143,21.158,21.173,21.181,21.197,21.197,21.204,21.212,21.235,21.258,21.281,21.289,21.289,21.281,21.281,21.289,21.320,21.351,21.389,21.427,21.443,21.450,21.458,21.474,21.504,21.535,21.558,21.581,21.581,21.581
,22.422,22.422,22.422,22.414,22.407,22.391,22.376,22.361,22.338,22.323,22.308,22.300,22.285,22.285,22.285,22.300,22.300,22.292,22.262,22.231,22.193,22.163,22.140,22.117,22.102,22.079,22.048,22.025,22.002,21.979,21.956,21.941,21.918,21.903,21.888,21.872,21.865,21.857,21.849,21.842,21.834,21.834,21.834,21.834,21.826,21.819,21.803,21.796,21.780,21.773,21.765,21.757,21.750,21.750,21.742,21.742,21.742,21.734,21.727,21.727,21.727,21.727,21.734,21.750,21.757,21.773,21.773,21.780,21.780,21.796,21.811,21.834,21.849,21.872,21.895,21.911,21.926,21.941,21.964,21.972,21.987,22.002,22.018,22.025,22.041,22.063,22.094,22.102,22.109,22.117,22.170,22.224,22.254,22.285,22.323,22.369,22.414,22.452,22.498,22.544,22.604,22.680,22.787,22.938,23.173,23.512,24.060,24.918,25.960,27.137,28.395,29.624,30.691,31.538,32.088,32.511,32.939,33.400,33.838,34.213,34.356,34.254,33.954,33.763,33.592,33.413,33.159,32.932,32.622,32.255,32.012,31.859,31.734,31.594,31.434,31.280,31.161,31.098,31.105,31.070,31.021,30.958,30.930,30.937,30.944,30.937,30.923,30.909,30.909,30.916,30.916,30.888,30.873,30.859,30.852,30.873,30.937,31.035,31.140,31.245,31.413,31.650,31.908,32.123,32.386,32.711,33.049,33.413,33.783,34.159,34.573,34.736,34.757,34.689,34.634,34.546,34.410,34.213,34.002,33.735,33.372,32.925,32.442,32.012,31.594,31.182,30.789,30.402,29.985,29.503,28.897,28.194,27.421,26.576,25.651,24.881,24.300,23.903,23.572,23.324,23.142,23.014,22.893,22.824,22.771,22.741,22.696,22.650,22.620,22.620,22.627,22.650,22.650,22.635,22.612,22.589,22.574,22.559,22.536,22.521,22.506,22.483,22.468,22.452,22.445,22.422,22.407,22.391,22.376,22.361,22.353,22.346,22.338,22.338,22.330,22.330,22.338,22.330,22.315,22.292,22.277,22.270,22.285,22.315,22.330,22.330,22.308,22.270,22.239,22.224,22.224,22.247,22.254,22.262,22.262,22.262,22.254,22.254,22.254,22.254,22.254,22.247,22.247,22.247,22.239,22.231,22.224,22.209,22.201,22.186,22.186,22.186,22.186,22.178,22.170,22.163,22.147,22.140,22.125,22.125,22.117,22.109,22.094,22.086,22.071,22.063,22.056,22.056,22.056,22.048,22.041,22.033,22.025,22.018,22.018,22.018,22.018,22.018,22.010,22.002,21.995,21.987,21.979,21.972,21.964,21.956,21.949,21.949,21.941,21.941,21.934,21.934,21.934,21.934,21.934,21.926,21.926,21.926,21.918,21.918,21.918,21.911,21.903,21.888,21.872,21.857,21.842,21.834,21.826,21.819,21.811,21.811,21.803,21.796,21.788,21.773,21.757,21.727,21.696,21.658,21.619,21.596,21.581,21.581,21.589,21.581,21.566,21.558,21.543,21.512,21.481,21.443,21.412,21.374,21.358,21.351,21.343,21.327,21.312,21.304,21.289,21.274,21.258,21.250,21.235,21.227,21.212,21.197,21.181,21.166,21.150,21.135,21.112,21.096,21.081,21.065,21.058,21.042,21.027,21.019,21.004,20.996,20.981,20.973,20.965,20.957,20.957,20.950,20.950,20.950,20.950,20.950,20.942,20.942,20.934,20.934,20.926,20.919,20.911,20.903,20.896,20.896,20.896,20.911,20.919,20.911,20.888,20.857,20.826,20.818,20.849,20.888,20.919,20.942,20.942,20.926,20.919,20.911,20.911,20.911,20.911,20.919,20.934,20.950,20.965,20.973,20.973,20.965,20.965,20.957,20.973,20.973,20.988,20.996,21.004,21.004,21.011,21.019,21.027,21.035,21.042,21.050,21.065,21.073,21.089,21.096,21.096,21.096,21.096,21.104,21.112,21.127,21.143,21.158,21.166,21.166,21.173,21.197,21.220,21.243,21.258,21.274,21.274,21.258,21.258,21.266,21.297,21.335,21.366,21.404,21.420,21.420,21.427,21.443,21.481,21.512,21.543,21.558,21.566,21.566
,22.414,22.414,22.414,22.407,22.399,22.391,22.376,22.353,22.338,22.315,22.300,22.292,22.285,22.285,22.292,22.315,22.323,22.315,22.277,22.239,22.201,22.163,22.140,22.132,22.117,22.102,22.063,22.033,22.002,21.972,21.941,21.926,21.911,21.895,21.880,21.865,21.857,21.849,21.842,21.842,21.842,21.842,21.842,21.842,21.842,21.826,21.811,21.796,21.773,21.765,21.750,21.742,21.742,21.734,21.734,21.734,21.742,21.734,21.734,21.727,21.727,21.727,21.727,21.742,21.757,21.765,21.773,21.773,21.780,21.796,21.811,21.826,21.849,21.872,21.888,21.903,21.918,21.941,21.956,21.964,21.979,21.995,22.010,22.018,22.033,22.063,22.094,22.102,22.102,22.109,22.155,22.209,22.247,22.277,22.315,22.353,22.399,22.437,22.475,22.521,22.566,22.620,22.711,22.847,23.052,23.361,23.850,24.621,25.592,26.729,28.013,29.282,30.409,31.329,31.922,32.386,32.842,33.317,33.756,34.131,34.315,34.274,33.981,33.790,33.612,33.427,33.173,32.939,32.628,32.269,32.026,31.873,31.734,31.587,31.420,31.273,31.168,31.098,31.091,31.056,31.007,30.944,30.909,30.909,30.909,30.902,30.888,30.881,30.881,30.888,30.888,30.873,30.859,30.852,30.838,30.866,30.930,31.021,31.126,31.231,31.399,31.629,31.880,32.095,32.366,32.691,33.042,33.406,33.783,34.172,34.594,34.757,34.770,34.689,34.594,34.485,34.329,34.131,33.858,33.557,33.173,32.704,32.199,31.782,31.392,30.993,30.564,30.169,29.730,29.204,28.495,27.761,26.955,26.092,25.259,24.576,24.068,23.708,23.482,23.263,23.097,22.976,22.908,22.840,22.787,22.741,22.703,22.650,22.620,22.604,22.620,22.635,22.635,22.620,22.604,22.589,22.574,22.559,22.536,22.521,22.506,22.483,22.468,22.460,22.445,22.429,22.407,22.399,22.384,22.376,22.361,22.353,22.353,22.346,22.338,22.346,22.346,22.338,22.315,22.300,22.285,22.277,22.285,22.315,22.330,22.330,22.300,22.270,22.239,22.216,22.216,22.239,22.254,22.262,22.262,22.254,22.247,22.247,22.247,22.247,22.247,22.239,22.239,22.247,22.239,22.239,22.231,22.224,22.216,22.209,22.209,22.209,22.201,22.193,22.186,22.170,22.163,22.147,22.140,22.140,22.132,22.117,22.109,22.102,22.086,22.079,22.071,22.063,22.063,22.056,22.048,22.041,22.033,22.033,22.025,22.025,22.025,22.025,22.018,22.010,22.002,21.995,21.987,21.979,21.972,21.964,21.956,21.949,21.941,21.934,21.934,21.926,21.926,21.926,21.926,21.934,21.934,21.926,21.926,21.926,21.918,21.911,21.895,21.872,21.857,21.849,21.834,21.834,21.826,21.826,21.819,21.819,21.819,21.811,21.796,21.780,21.765,21.734,21.704,21.665,21.635,21.604,21.596,21.596,21.596,21.596,21.581,21.581,21.566,21.535,21.497,21.458,21.420,21.389,21.366,21.358,21.351,21.343,21.327,21.312,21.297,21.289,21.274,21.258,21.243,21.235,21.212,21.204,21.189,21.181,21.166,21.150,21.127,21.112,21.096,21.081,21.065,21.050,21.035,21.027,21.011,21.004,20.996,20.988,20.981,20.973,20.965,20.965,20.965,20.965,20.965,20.957,20.957,20.950,20.942,20.934,20.934,20.926,20.919,20.919,20.911,20.911,20.919,20.919,20.926,20.911,20.888,20.857,20.841,20.834,20.865,20.903,20.934,20.950,20.950,20.942,20.934,20.926,20.919,20.919,20.919,20.919,20.942,20.957,20.973,20.981,20.981,20.973,20.973,20.965,20.981,20.988,20.996,21.004,21.011,21.019,21.019,21.027,21.035,21.042,21.050,21.050,21.065,21.073,21.081,21.089,21.089,21.081,21.081,21.089,21.096,21.104,21.119,21.135,21.143,21.150,21.166,21.181,21.204,21.227,21.243,21.258,21.258,21.250,21.243,21.258,21.281,21.320,21.351,21.381,21.397,21.397,21.404,21.420,21.458,21.497,21.527,21.550,21.550,21.558
,22.407,22.399,22.399,22.399,22.399,22.384,22.369,22.353,22.330,22.308,22.300,22.285,22.277,22.285,22.292,22.315,22.330,22.323,22.285,22.239,22.193,22.155,22.140,22.140,22.125,22.109,22.071,22.033,21.995,21.964,21.934,21.918,21.903,21.888,21.872,21.857,21.849,21.849,21.842,21.842,21.849,21.849,21.849,21.849,21.849,21.834,21.819,21.796,21.773,21.750,21.742,21.734,21.734,21.734,21.734,21.734,21.734,21.734,21.734,21.727,21.719,21.727,21.727,21.742,21.750,21.765,21.765,21.765,21.780,21.796,21.811,21.826,21.849,21.865,21.888,21.903,21.918,21.934,21.949,21.964,21.979,21.995,22.010,22.018,22.033,22.063,22.094,22.102,22.102,22.109,22.147,22.201,22.239,22.270,22.300,22.338,22.376,22.414,22.460,22.490,22.528,22.566,22.635,22.741,22.908,23.165,23.595,24.270,25.155,26.254,27.587,28.918,30.127,31.133,31.782,32.289,32.767,33.249,33.667,34.043,34.261,34.274,33.988,33.804,33.633,33.441,33.187,32.946,32.642,32.289,32.054,31.894,31.748,31.594,31.427,31.280,31.175,31.112,31.091,31.049,30.986,30.923,30.888,30.881,30.881,30.881,30.866,30.859,30.859,30.866,30.873,30.866,30.852,30.838,30.824,30.859,30.930,31.021,31.105,31.224,31.392,31.615,31.859,32.074,32.338,32.670,33.022,33.386,33.763,34.152,34.580,34.743,34.763,34.696,34.560,34.397,34.233,34.056,33.728,33.358,32.939,32.483,31.984,31.566,31.182,30.810,30.367,29.907,29.410,28.847,28.100,27.304,26.452,25.577,24.859,24.337,23.888,23.520,23.354,23.210,23.059,22.923,22.900,22.855,22.802,22.741,22.711,22.665,22.627,22.620,22.627,22.627,22.627,22.612,22.597,22.582,22.566,22.551,22.536,22.521,22.498,22.483,22.468,22.460,22.445,22.429,22.414,22.399,22.391,22.376,22.369,22.361,22.353,22.346,22.346,22.346,22.346,22.338,22.323,22.308,22.285,22.277,22.285,22.315,22.330,22.330,22.300,22.262,22.231,22.216,22.224,22.239,22.262,22.270,22.262,22.247,22.239,22.231,22.231,22.231,22.231,22.239,22.239,22.247,22.247,22.247,22.247,22.231,22.224,22.224,22.224,22.224,22.216,22.209,22.201,22.193,22.178,22.170,22.163,22.155,22.147,22.140,22.125,22.117,22.109,22.102,22.086,22.079,22.071,22.071,22.056,22.048,22.048,22.048,22.041,22.041,22.041,22.041,22.025,22.018,22.010,22.002,21.995,21.987,21.979,21.972,21.964,21.956,21.949,21.934,21.934,21.926,21.918,21.918,21.926,21.926,21.926,21.926,21.926,21.934,21.926,21.911,21.895,21.872,21.857,21.834,21.834,21.834,21.826,21.826,21.826,21.826,21.826,21.819,21.803,21.788,21.765,21.734,21.704,21.673,21.642,21.627,21.612,21.612,21.604,21.596,21.589,21.589,21.573,21.550,21.504,21.474,21.435,21.397,21.374,21.366,21.358,21.343,21.335,21.320,21.304,21.289,21.281,21.266,21.250,21.235,21.220,21.212,21.204,21.181,21.173,21.158,21.143,21.119,21.104,21.089,21.073,21.050,21.042,21.027,21.019,21.011,21.004,20.996,20.988,20.988,20.981,20.981,20.981,20.981,20.981,20.973,20.965,20.957,20.950,20.942,20.934,20.934,20.934,20.934,20.934,20.934,20.934,20.934,20.926,20.919,20.896,20.872,20.857,20.849,20.872,20.911,20.942,20.965,20.965,20.950,20.942,20.942,20.934,20.926,20.926,20.926,20.942,20.965,20.973,20.988,20.988,20.981,20.981,20.981,20.988,20.988,20.996,21.011,21.019,21.019,21.035,21.042,21.050,21.050,21.058,21.065,21.073,21.081,21.081,21.089,21.089,21.081,21.089,21.089,21.096,21.104,21.112,21.127,21.143,21.150,21.173,21.189,21.212,21.227,21.243,21.258,21.258,21.258,21.258,21.274,21.297,21.320,21.343,21.374,21.381,21.389,21.397,21.420,21.458,21.497,21.527,21.550,21.558,21.558
,22.399,22.399,22.399,22.399,22.391,22.376,22.361,22.346,22.323,22.308,22.292,22.277,22.270,22.270,22.285,22.300,22.315,22.308,22.277,22.231,22.193,22.147,22.140,22.140,22.125,22.109,22.063,22.033,21.995,21.956,21.934,21.918,21.911,21.895,21.880,21.865,21.857,21.849,21.849,21.842,21.849,21.849,21.849,21.849,21.849,21.834,21.819,21.803,21.780,21.757,21.750,21.742,21.734,21.734,21.734,21.734,21.734,21.734,21.727,21.719,21.719,21.719,21.727,21.734,21.742,21.757,21.765,21.765,21.780,21.796,21.811,21.826,21.842,21.865,21.888,21.903,21.918,21.934,21.956,21.972,21.987,22.002,22.010,22.018,22.033,22.063,22.094,22.109,22.109,22.117,22.147,22.201,22.247,22.277,22.292,22.330,22.369,22.414,22.452,22.483,22.521,22.551,22.627,22.726,22.878,23.112,23.489,24.060,24.851,25.887,27.181,28.510,29.730,30.775,31.538,32.102,32.608,33.084,33.537,33.933,34.165,34.206,33.968,33.804,33.639,33.448,33.200,32.967,32.670,32.324,32.081,31.915,31.755,31.594,31.427,31.294,31.189,31.119,31.084,31.035,30.972,30.909,30.866,30.859,30.866,30.866,30.845,30.831,30.831,30.831,30.845,30.838,30.831,30.824,30.810,30.852,30.923,31.021,31.105,31.217,31.385,31.608,31.845,32.061,32.324,32.642,33.001,33.352,33.722,34.104,34.546,34.709,34.723,34.634,34.512,34.349,34.152,33.913,33.633,33.207,32.732,32.248,31.796,31.371,30.958,30.543,30.148,29.659,29.068,28.395,27.638,26.839,26.004,25.178,24.494,24.075,23.753,23.482,23.241,23.112,23.021,22.946,22.885,22.847,22.809,22.756,22.726,22.688,22.665,22.650,22.642,22.635,22.612,22.597,22.574,22.566,22.559,22.551,22.536,22.521,22.498,22.475,22.460,22.452,22.445,22.422,22.407,22.399,22.391,22.376,22.369,22.353,22.346,22.346,22.346,22.346,22.346,22.346,22.330,22.300,22.285,22.277,22.285,22.308,22.323,22.330,22.300,22.270,22.239,22.224,22.231,22.254,22.270,22.277,22.270,22.254,22.247,22.231,22.231,22.231,22.231,22.231,22.239,22.247,22.247,22.247,22.247,22.239,22.231,22.224,22.224,22.224,22.216,22.216,22.209,22.209,22.201,22.193,22.186,22.178,22.170,22.163,22.147,22.140,22.125,22.117,22.102,22.102,22.086,22.079,22.071,22.071,22.071,22.063,22.056,22.056,22.056,22.048,22.041,22.025,22.018,22.002,22.002,21.995,21.987,21.972,21.964,21.956,21.949,21.941,21.934,21.918,21.918,21.918,21.918,21.918,21.926,21.926,21.926,21.934,21.934,21.918,21.903,21.880,21.865,21.842,21.834,21.834,21.826,21.826,21.826,21.826,21.826,21.811,21.796,21.780,21.757,21.734,21.704,21.681,21.665,21.642,21.627,21.619,21.604,21.589,21.581,21.573,21.566,21.543,21.504,21.474,21.443,21.412,21.389,21.374,21.358,21.343,21.327,21.320,21.304,21.289,21.281,21.266,21.250,21.235,21.227,21.220,21.204,21.189,21.173,21.158,21.143,21.127,21.112,21.096,21.081,21.065,21.050,21.035,21.027,21.019,21.011,21.004,20.996,20.988,20.988,20.988,20.988,20.988,20.988,20.988,20.981,20.965,20.957,20.957,20.950,20.942,20.942,20.950,20.950,20.942,20.942,20.942,20.942,20.926,20.911,20.888,20.872,20.872,20.896,20.919,20.950,20.965,20.965,20.957,20.950,20.942,20.942,20.934,20.926,20.934,20.950,20.965,20.981,20.988,20.996,20.996,20.988,20.988,20.996,21.004,21.011,21.019,21.027,21.035,21.042,21.050,21.058,21.065,21.073,21.073,21.089,21.096,21.104,21.104,21.112,21.112,21.112,21.119,21.119,21.119,21.127,21.143,21.166,21.189,21.212,21.235,21.243,21.243,21.250,21.258,21.281,21.297,21.312,21.327,21.335,21.343,21.351,21.374,21.389,21.404,21.427,21.458,21.504,21.535,21.566,21.589,21.596,21.596
,22.391,22.391,22.384,22.384,22.384,22.369,22.353,22.338,22.330,22.315,22.300,22.277,22.270,22.262,22.270,22.285,22.292,22.285,22.254,22.216,22.186,22.147,22.132,22.125,22.117,22.094,22.056,22.025,21.995,21.964,21.941,21.926,21.918,21.903,21.888,21.880,21.865,21.857,21.849,21.849,21.849,21.842,21.842,21.849,21.842,21.834,21.819,21.803,21.780,21.765,21.757,21.750,21.742,21.742,21.734,21.727,21.727,21.719,21.711,21.711,21.711,21.719,21.719,21.727,21.742,21.750,21.757,21.773,21.780,21.796,21.811,21.826,21.842,21.865,21.888,21.903,21.918,21.941,21.964,21.972,21.987,22.002,22.018,22.025,22.041,22.063,22.094,22.109,22.117,22.125,22.140,22.193,22.239,22.277,22.292,22.323,22.361,22.407,22.452,22.483,22.513,22.544,22.604,22.703,22.847,23.052,23.392,23.888,24.598,25.540,26.773,28.064,29.289,30.381,31.224,31.859,32.414,32.918,33.386,33.783,34.036,34.111,33.913,33.756,33.585,33.393,33.145,32.905,32.615,32.289,32.061,31.873,31.706,31.552,31.392,31.266,31.161,31.091,31.042,30.986,30.923,30.859,30.817,30.817,30.817,30.824,30.803,30.782,30.782,30.789,30.810,30.810,30.803,30.789,30.775,30.817,30.888,30.986,31.070,31.182,31.357,31.573,31.810,32.033,32.289,32.594,32.953,33.310,33.681,34.070,34.512,34.675,34.675,34.567,34.438,34.288,34.070,33.776,33.441,33.008,32.525,32.019,31.566,31.175,30.775,30.339,29.879,29.332,28.689,27.970,27.174,26.320,25.525,24.821,24.285,23.888,23.602,23.399,23.218,23.067,22.976,22.938,22.893,22.855,22.809,22.779,22.749,22.718,22.696,22.673,22.665,22.650,22.627,22.597,22.582,22.574,22.566,22.559,22.544,22.521,22.498,22.475,22.460,22.445,22.437,22.422,22.407,22.391,22.384,22.376,22.361,22.353,22.346,22.338,22.338,22.346,22.353,22.346,22.323,22.300,22.277,22.270,22.285,22.308,22.323,22.330,22.308,22.270,22.247,22.231,22.247,22.270,22.292,22.300,22.285,22.262,22.247,22.231,22.224,22.224,22.224,22.224,22.231,22.239,22.247,22.254,22.247,22.231,22.224,22.216,22.216,22.216,22.216,22.216,22.216,22.216,22.209,22.209,22.201,22.201,22.193,22.186,22.170,22.163,22.147,22.132,22.125,22.117,22.109,22.094,22.094,22.086,22.086,22.079,22.079,22.071,22.063,22.056,22.041,22.033,22.018,22.010,22.002,21.995,21.987,21.972,21.964,21.964,21.956,21.941,21.934,21.918,21.911,21.911,21.903,21.911,21.911,21.918,21.926,21.934,21.934,21.926,21.918,21.895,21.872,21.857,21.842,21.834,21.826,21.819,21.819,21.819,21.819,21.811,21.788,21.773,21.750,21.727,21.711,21.696,21.673,21.658,21.635,21.619,21.604,21.581,21.573,21.558,21.550,21.527,21.497,21.481,21.450,21.420,21.397,21.381,21.366,21.343,21.320,21.312,21.304,21.289,21.274,21.266,21.258,21.243,21.227,21.220,21.204,21.189,21.173,21.158,21.143,21.127,21.112,21.096,21.089,21.073,21.058,21.042,21.035,21.019,21.011,21.004,20.996,20.996,20.996,20.996,20.996,20.996,20.996,20.988,20.981,20.973,20.965,20.965,20.957,20.957,20.957,20.957,20.950,20.950,20.950,20.950,20.950,20.934,20.919,20.903,20.888,20.888,20.903,20.926,20.950,20.965,20.965,20.957,20.950,20.950,20.942,20.942,20.934,20.934,20.950,20.965,20.981,20.996,20.996,20.996,20.996,20.996,20.996,21.004,21.011,21.019,21.027,21.035,21.042,21.058,21.065,21.073,21.081,21.096,21.104,21.112,21.119,21.127,21.135,21.143,21.150,21.150,21.150,21.150,21.158,21.173,21.197,21.235,21.266,21.281,21.281,21.266,21.266,21.266,21.304,21.335,21.374,21.397,21.397,21.381,21.374,21.381,21.404,21.435,21.466,21.504,21.550,21.581,21.612,21.627,21.635,21.635
,22.384,22.384,22.376,22.376,22.369,22.361,22.346,22.338,22.323,22.315,22.300,22.277,22.262,22.254,22.247,22.262,22.262,22.254,22.231,22.201,22.170,22.147,22.125,22.117,22.102,22.079,22.041,22.018,21.987,21.964,21.941,21.934,21.926,21.918,21.895,21.888,21.872,21.865,21.857,21.849,21.842,21.842,21.834,21.842,21.834,21.826,21.819,21.803,21.788,21.773,21.765,21.765,21.757,21.750,21.742,21.727,21.719,21.711,21.711,21.711,21.711,21.719,21.719,21.727,21.734,21.742,21.757,21.773,21.788,21.803,21.819,21.834,21.849,21.865,21.888,21.903,21.926,21.941,21.964,21.979,21.987,22.002,22.018,22.025,22.041,22.056,22.086,22.109,22.132,22.140,22.147,22.186,22.231,22.277,22.292,22.315,22.353,22.399,22.445,22.468,22.490,22.506,22.559,22.635,22.756,22.938,23.226,23.663,24.285,25.126,26.305,27.602,28.868,30.021,30.951,31.657,32.255,32.780,33.228,33.612,33.886,33.995,33.817,33.660,33.496,33.303,33.042,32.801,32.525,32.220,32.005,31.810,31.636,31.483,31.329,31.210,31.119,31.049,30.979,30.916,30.852,30.789,30.754,30.754,30.761,30.761,30.747,30.733,30.733,30.747,30.768,30.775,30.768,30.754,30.733,30.768,30.838,30.923,31.007,31.126,31.294,31.517,31.748,31.970,32.227,32.525,32.877,33.235,33.612,34.022,34.458,34.587,34.573,34.465,34.315,34.165,33.940,33.619,33.221,32.760,32.289,31.810,31.336,30.951,30.550,30.120,29.602,28.975,28.273,27.515,26.700,25.850,25.096,24.486,24.098,23.760,23.497,23.309,23.180,23.052,22.961,22.923,22.900,22.855,22.817,22.787,22.764,22.741,22.718,22.696,22.680,22.665,22.642,22.620,22.604,22.589,22.582,22.574,22.559,22.528,22.498,22.475,22.460,22.445,22.429,22.414,22.407,22.391,22.384,22.376,22.361,22.346,22.338,22.338,22.338,22.346,22.346,22.346,22.323,22.292,22.277,22.262,22.277,22.300,22.323,22.330,22.308,22.277,22.254,22.239,22.262,22.285,22.308,22.315,22.300,22.270,22.247,22.231,22.216,22.216,22.216,22.216,22.224,22.239,22.254,22.262,22.247,22.239,22.224,22.216,22.216,22.216,22.216,22.216,22.216,22.224,22.224,22.224,22.224,22.216,22.209,22.201,22.193,22.186,22.170,22.155,22.140,22.132,22.125,22.117,22.109,22.109,22.109,22.102,22.094,22.086,22.079,22.063,22.056,22.041,22.033,22.018,22.010,21.995,21.987,21.979,21.972,21.964,21.956,21.949,21.934,21.918,21.911,21.903,21.895,21.903,21.911,21.911,21.926,21.934,21.941,21.934,21.926,21.903,21.880,21.865,21.849,21.842,21.826,21.819,21.811,21.811,21.811,21.796,21.780,21.765,21.742,21.727,21.711,21.704,21.688,21.673,21.642,21.619,21.596,21.566,21.550,21.543,21.527,21.512,21.489,21.474,21.458,21.435,21.404,21.381,21.366,21.343,21.320,21.304,21.297,21.281,21.266,21.266,21.258,21.243,21.227,21.220,21.204,21.189,21.173,21.150,21.135,21.119,21.112,21.096,21.089,21.081,21.058,21.050,21.035,21.019,21.011,21.004,20.996,20.996,20.996,20.996,21.004,21.004,20.996,20.988,20.988,20.981,20.973,20.973,20.973,20.965,20.965,20.957,20.957,20.957,20.957,20.957,20.957,20.950,20.934,20.911,20.903,20.896,20.911,20.926,20.942,20.957,20.957,20.957,20.957,20.950,20.950,20.942,20.942,20.942,20.950,20.965,20.981,20.996,20.996,20.996,20.996,21.004,21.004,21.004,21.011,21.011,21.027,21.035,21.042,21.058,21.065,21.073,21.089,21.104,21.119,21.135,21.143,21.150,21.166,21.173,21.181,21.189,21.189,21.181,21.181,21.197,21.235,21.274,21.304,21.327,21.320,21.289,21.281,21.289,21.327,21.374,21.420,21.450,21.443,21.412,21.397,21.397,21.420,21.458,21.504,21.550,21.589,21.619,21.642,21.658,21.665,21.665
,22.369,22.369,22.369,22.369,22.361,22.346,22.338,22.330,22.323,22.308,22.292,22.270,22.254,22.239,22.231,22.239,22.231,22.224,22.201,22.186,22.163,22.140,22.117,22.102,22.086,22.056,22.033,22.010,21.987,21.964,21.949,21.941,21.934,21.918,21.903,21.888,21.880,21.865,21.857,21.849,21.842,21.834,21.834,21.834,21.834,21.826,21.819,21.803,21.796,21.788,21.780,21.773,21.765,21.757,21.742,21.734,21.727,21.719,21.711,21.711,21.711,21.719,21.719,21.719,21.727,21.742,21.750,21.765,21.788,21.811,21.826,21.834,21.849,21.865,21.888,21.903,21.926,21.941,21.964,21.979,21.987,22.002,22.018,22.025,22.041,22.056,22.086,22.117,22.147,22.170,22.155,22.170,22.216,22.270,22.285,22.300,22.338,22.384,22.422,22.445,22.452,22.452,22.490,22.551,22.642,22.779,23.021,23.399,23.933,24.688,25.820,27.152,28.474,29.702,30.712,31.497,32.130,32.649,33.056,33.420,33.701,33.858,33.694,33.537,33.372,33.180,32.905,32.670,32.407,32.137,31.935,31.734,31.552,31.392,31.252,31.147,31.063,30.986,30.909,30.845,30.789,30.726,30.691,30.691,30.691,30.698,30.691,30.677,30.684,30.698,30.733,30.733,30.726,30.712,30.684,30.712,30.775,30.852,30.937,31.056,31.224,31.434,31.671,31.894,32.151,32.435,32.767,33.118,33.516,33.954,34.356,34.444,34.410,34.308,34.138,33.974,33.749,33.434,32.980,32.497,32.040,31.608,31.126,30.705,30.296,29.858,29.311,28.596,27.826,27.028,26.210,25.429,24.740,24.188,23.895,23.670,23.452,23.241,23.135,23.052,22.976,22.915,22.908,22.862,22.817,22.779,22.771,22.756,22.733,22.703,22.696,22.680,22.665,22.642,22.627,22.612,22.597,22.589,22.589,22.544,22.506,22.475,22.460,22.445,22.429,22.414,22.407,22.399,22.391,22.384,22.369,22.353,22.338,22.338,22.338,22.338,22.338,22.338,22.323,22.292,22.270,22.262,22.270,22.300,22.323,22.330,22.308,22.277,22.254,22.247,22.262,22.292,22.315,22.323,22.308,22.277,22.247,22.224,22.216,22.209,22.209,22.216,22.224,22.247,22.262,22.270,22.254,22.247,22.231,22.224,22.216,22.216,22.216,22.224,22.231,22.231,22.239,22.247,22.247,22.239,22.231,22.224,22.216,22.209,22.193,22.186,22.163,22.155,22.147,22.140,22.132,22.132,22.132,22.125,22.117,22.109,22.094,22.079,22.063,22.056,22.041,22.033,22.018,22.010,21.995,21.979,21.972,21.964,21.956,21.949,21.934,21.918,21.911,21.895,21.895,21.895,21.903,21.911,21.918,21.926,21.934,21.934,21.918,21.903,21.888,21.865,21.857,21.842,21.834,21.819,21.811,21.803,21.803,21.788,21.773,21.750,21.734,21.719,21.711,21.711,21.704,21.688,21.650,21.619,21.589,21.558,21.535,21.520,21.512,21.497,21.481,21.474,21.458,21.443,21.412,21.381,21.358,21.335,21.312,21.297,21.289,21.274,21.266,21.258,21.250,21.243,21.235,21.220,21.204,21.181,21.166,21.150,21.135,21.119,21.112,21.104,21.096,21.081,21.065,21.050,21.035,21.019,21.011,21.004,20.996,20.996,20.996,20.996,21.004,21.004,21.004,20.996,20.988,20.981,20.981,20.981,20.973,20.965,20.965,20.957,20.950,20.950,20.950,20.957,20.957,20.950,20.942,20.926,20.911,20.911,20.911,20.919,20.934,20.942,20.942,20.950,20.950,20.957,20.957,20.942,20.942,20.942,20.950,20.965,20.981,20.988,20.988,20.996,20.996,21.004,21.004,21.004,21.004,21.011,21.019,21.027,21.042,21.058,21.065,21.081,21.096,21.112,21.127,21.143,21.158,21.173,21.189,21.197,21.212,21.220,21.220,21.212,21.212,21.227,21.258,21.304,21.343,21.358,21.343,21.312,21.297,21.304,21.351,21.404,21.450,21.481,21.474,21.435,21.412,21.412,21.443,21.481,21.527,21.573,21.612,21.642,21.658,21.673,21.673,21.673
,22.369,22.369,22.361,22.361,22.353,22.338,22.330,22.323,22.315,22.292,22.277,22.262,22.254,22.231,22.216,22.209,22.201,22.193,22.178,22.170,22.147,22.125,22.102,22.086,22.063,22.033,22.010,21.995,21.979,21.964,21.949,21.934,21.926,21.903,21.888,21.880,21.872,21.857,21.849,21.849,21.842,21.834,21.834,21.834,21.834,21.826,21.826,21.811,21.803,21.788,21.788,21.780,21.773,21.757,21.750,21.750,21.742,21.727,21.719,21.719,21.719,21.719,21.719,21.711,21.719,21.727,21.750,21.773,21.796,21.826,21.834,21.842,21.849,21.865,21.880,21.903,21.918,21.934,21.949,21.964,21.979,21.995,22.002,22.018,22.033,22.048,22.086,22.117,22.155,22.186,22.155,22.163,22.201,22.254,22.277,22.292,22.315,22.361,22.414,22.437,22.445,22.460,22.475,22.528,22.620,22.749,22.961,23.293,23.768,24.442,25.533,26.839,28.143,29.375,30.423,31.308,31.991,32.476,32.822,33.180,33.475,33.667,33.557,33.420,33.255,33.056,32.767,32.532,32.296,32.061,31.880,31.671,31.483,31.322,31.196,31.105,31.021,30.944,30.859,30.796,30.740,30.684,30.649,30.649,30.656,30.663,30.649,30.635,30.635,30.649,30.677,30.684,30.677,30.656,30.635,30.670,30.726,30.803,30.888,31.000,31.154,31.364,31.587,31.817,32.067,32.338,32.642,32.980,33.365,33.790,34.193,34.240,34.172,34.049,33.920,33.769,33.502,33.125,32.732,32.262,31.803,31.364,30.902,30.487,30.049,29.538,28.897,28.172,27.399,26.561,25.666,24.970,24.427,24.008,23.693,23.527,23.392,23.248,23.105,23.037,22.991,22.946,22.908,22.862,22.817,22.787,22.764,22.749,22.726,22.711,22.688,22.680,22.665,22.650,22.627,22.604,22.597,22.589,22.582,22.544,22.506,22.475,22.460,22.445,22.429,22.407,22.399,22.399,22.391,22.384,22.361,22.346,22.338,22.338,22.338,22.338,22.338,22.330,22.315,22.292,22.270,22.262,22.277,22.308,22.323,22.330,22.308,22.277,22.247,22.239,22.262,22.292,22.315,22.323,22.300,22.270,22.239,22.216,22.209,22.209,22.209,22.216,22.224,22.247,22.270,22.277,22.270,22.254,22.247,22.231,22.224,22.224,22.224,22.231,22.231,22.247,22.254,22.254,22.254,22.254,22.247,22.239,22.231,22.224,22.216,22.209,22.186,22.178,22.163,22.155,22.155,22.155,22.155,22.147,22.132,22.117,22.102,22.094,22.079,22.071,22.056,22.041,22.033,22.018,22.002,21.987,21.979,21.972,21.964,21.949,21.934,21.918,21.911,21.895,21.895,21.895,21.903,21.911,21.911,21.911,21.918,21.918,21.911,21.895,21.888,21.872,21.865,21.849,21.842,21.826,21.811,21.803,21.796,21.773,21.750,21.742,21.727,21.711,21.711,21.719,21.719,21.696,21.658,21.619,21.581,21.543,21.512,21.504,21.489,21.481,21.474,21.474,21.466,21.450,21.412,21.381,21.351,21.320,21.297,21.289,21.281,21.266,21.266,21.258,21.250,21.243,21.235,21.220,21.197,21.181,21.166,21.150,21.135,21.119,21.112,21.104,21.104,21.089,21.073,21.058,21.035,21.019,21.011,20.996,20.996,20.996,20.996,20.996,21.004,21.004,21.004,20.996,20.988,20.981,20.981,20.981,20.973,20.965,20.965,20.957,20.950,20.950,20.950,20.950,20.957,20.950,20.942,20.926,20.919,20.911,20.911,20.911,20.911,20.919,20.934,20.942,20.950,20.957,20.957,20.950,20.942,20.950,20.950,20.965,20.973,20.988,20.988,20.996,20.996,21.004,21.004,21.004,21.004,21.011,21.011,21.019,21.035,21.050,21.065,21.081,21.104,21.127,21.143,21.158,21.166,21.189,21.204,21.212,21.227,21.235,21.235,21.227,21.227,21.235,21.274,21.320,21.351,21.366,21.358,21.335,21.320,21.320,21.358,21.397,21.435,21.466,21.466,21.443,21.427,21.435,21.458,21.489,21.527,21.566,21.596,21.619,21.635,21.642,21.650,21.650
,22.361,22.361,22.361,22.353,22.346,22.338,22.323,22.315,22.300,22.285,22.270,22.262,22.247,22.231,22.209,22.201,22.186,22.170,22.163,22.155,22.140,22.117,22.094,22.071,22.048,22.018,22.002,21.995,21.987,21.972,21.949,21.926,21.911,21.888,21.880,21.872,21.865,21.857,21.849,21.842,21.842,21.842,21.842,21.842,21.834,21.826,21.826,21.819,21.811,21.803,21.788,21.780,21.773,21.765,21.757,21.757,21.750,21.750,21.742,21.734,21.734,21.727,21.719,21.704,21.711,21.719,21.742,21.773,21.803,21.834,21.849,21.849,21.849,21.865,21.880,21.895,21.911,21.926,21.941,21.956,21.964,21.979,21.995,22.018,22.033,22.048,22.079,22.117,22.155,22.186,22.155,22.163,22.193,22.239,22.270,22.285,22.308,22.346,22.391,22.422,22.437,22.445,22.460,22.513,22.604,22.718,22.908,23.210,23.632,24.232,25.215,26.444,27.717,28.954,30.077,31.035,31.768,32.283,32.615,32.960,33.276,33.496,33.468,33.352,33.194,32.987,32.704,32.476,32.262,32.054,31.880,31.664,31.462,31.294,31.182,31.091,31.000,30.909,30.817,30.754,30.698,30.642,30.599,30.585,30.592,30.606,30.585,30.571,30.571,30.585,30.613,30.620,30.613,30.599,30.592,30.635,30.698,30.775,30.866,30.972,31.126,31.336,31.566,31.803,32.047,32.289,32.566,32.898,33.269,33.653,34.015,34.029,33.940,33.824,33.722,33.571,33.283,32.856,32.456,32.040,31.615,31.161,30.635,30.204,29.751,29.197,28.460,27.667,26.861,26.048,25.244,24.591,24.113,23.798,23.595,23.459,23.339,23.241,23.127,23.044,22.991,22.961,22.915,22.855,22.817,22.779,22.764,22.749,22.726,22.711,22.696,22.680,22.665,22.650,22.620,22.597,22.589,22.589,22.574,22.544,22.506,22.483,22.460,22.437,22.414,22.391,22.384,22.384,22.384,22.376,22.353,22.338,22.330,22.330,22.330,22.338,22.338,22.330,22.315,22.292,22.277,22.270,22.285,22.308,22.330,22.330,22.308,22.270,22.247,22.231,22.254,22.285,22.308,22.315,22.292,22.262,22.231,22.216,22.201,22.201,22.201,22.216,22.231,22.262,22.285,22.292,22.292,22.277,22.254,22.247,22.239,22.231,22.231,22.231,22.239,22.247,22.262,22.262,22.262,22.262,22.262,22.254,22.247,22.239,22.231,22.216,22.209,22.193,22.186,22.170,22.170,22.170,22.163,22.163,22.147,22.132,22.117,22.102,22.086,22.079,22.071,22.056,22.041,22.033,22.018,21.995,21.979,21.972,21.964,21.949,21.934,21.918,21.911,21.903,21.903,21.903,21.903,21.903,21.903,21.903,21.903,21.903,21.895,21.888,21.880,21.872,21.865,21.857,21.849,21.834,21.819,21.803,21.788,21.765,21.742,21.727,21.711,21.704,21.704,21.719,21.719,21.704,21.658,21.619,21.573,21.527,21.497,21.489,21.481,21.466,21.458,21.466,21.466,21.450,21.412,21.381,21.343,21.312,21.289,21.281,21.274,21.266,21.258,21.258,21.250,21.243,21.227,21.212,21.197,21.181,21.166,21.150,21.135,21.119,21.112,21.104,21.096,21.089,21.065,21.050,21.035,21.019,21.004,20.996,20.988,20.988,20.988,20.996,20.996,20.996,20.996,20.996,20.988,20.981,20.981,20.973,20.973,20.965,20.950,20.950,20.950,20.942,20.942,20.950,20.950,20.950,20.942,20.934,20.926,20.911,20.903,20.896,20.896,20.903,20.919,20.934,20.950,20.965,20.965,20.957,20.950,20.950,20.950,20.965,20.973,20.981,20.988,20.988,20.988,20.996,20.996,20.996,20.996,21.004,21.011,21.019,21.027,21.042,21.065,21.081,21.104,21.127,21.150,21.158,21.173,21.197,21.212,21.220,21.235,21.243,21.250,21.243,21.235,21.243,21.281,21.312,21.343,21.358,21.358,21.351,21.335,21.335,21.358,21.381,21.397,21.420,21.435,21.435,21.443,21.458,21.474,21.497,21.512,21.535,21.566,21.581,21.596,21.604,21.612,21.612
,22.361,22.353,22.353,22.353,22.338,22.330,22.315,22.308,22.292,22.277,22.262,22.254,22.239,22.216,22.201,22.186,22.170,22.155,22.147,22.140,22.125,22.109,22.079,22.056,22.025,22.002,21.987,21.987,21.979,21.964,21.941,21.918,21.895,21.872,21.865,21.857,21.849,21.849,21.842,21.842,21.842,21.842,21.842,21.842,21.834,21.826,21.826,21.819,21.811,21.803,21.796,21.780,21.773,21.765,21.765,21.765,21.765,21.765,21.750,21.742,21.734,21.727,21.719,21.704,21.704,21.719,21.742,21.780,21.811,21.842,21.857,21.849,21.849,21.865,21.880,21.895,21.911,21.926,21.934,21.949,21.956,21.972,21.995,22.010,22.025,22.048,22.071,22.109,22.155,22.201,22.163,22.155,22.178,22.224,22.262,22.277,22.300,22.330,22.369,22.407,22.422,22.429,22.437,22.475,22.544,22.642,22.802,23.059,23.422,23.940,24.807,25.967,27.217,28.481,29.680,30.719,31.538,32.102,32.400,32.711,33.035,33.317,33.352,33.262,33.118,32.911,32.642,32.428,32.227,32.033,31.845,31.622,31.413,31.252,31.147,31.049,30.958,30.852,30.754,30.684,30.627,30.571,30.529,30.508,30.508,30.515,30.508,30.487,30.487,30.508,30.536,30.550,30.543,30.543,30.543,30.585,30.656,30.733,30.824,30.937,31.084,31.280,31.524,31.782,32.026,32.248,32.490,32.801,33.159,33.516,33.810,33.797,33.708,33.612,33.523,33.358,33.042,32.587,32.151,31.782,31.385,30.937,30.374,29.907,29.396,28.789,28.013,27.181,26.349,25.540,24.859,24.300,23.880,23.617,23.527,23.429,23.331,23.233,23.165,23.089,23.029,22.984,22.938,22.878,22.832,22.794,22.779,22.764,22.741,22.726,22.711,22.696,22.680,22.658,22.635,22.612,22.589,22.582,22.574,22.544,22.521,22.490,22.468,22.445,22.414,22.391,22.384,22.384,22.376,22.361,22.323,22.315,22.315,22.323,22.330,22.330,22.330,22.323,22.308,22.292,22.277,22.270,22.285,22.315,22.330,22.330,22.308,22.270,22.239,22.231,22.247,22.277,22.300,22.308,22.292,22.262,22.231,22.209,22.201,22.201,22.201,22.216,22.239,22.270,22.292,22.300,22.300,22.285,22.270,22.254,22.247,22.247,22.239,22.239,22.247,22.254,22.262,22.270,22.270,22.270,22.270,22.262,22.262,22.254,22.247,22.239,22.224,22.216,22.201,22.193,22.186,22.186,22.178,22.170,22.163,22.147,22.132,22.109,22.102,22.094,22.086,22.063,22.056,22.041,22.025,22.010,21.987,21.979,21.964,21.949,21.934,21.918,21.918,21.911,21.911,21.911,21.911,21.903,21.895,21.888,21.888,21.880,21.880,21.880,21.880,21.872,21.872,21.865,21.849,21.834,21.819,21.803,21.780,21.757,21.742,21.719,21.704,21.696,21.696,21.711,21.719,21.704,21.658,21.612,21.566,21.520,21.489,21.481,21.466,21.458,21.458,21.466,21.466,21.450,21.412,21.374,21.335,21.304,21.281,21.281,21.274,21.266,21.258,21.258,21.250,21.243,21.227,21.212,21.197,21.181,21.166,21.150,21.143,21.127,21.112,21.104,21.096,21.081,21.065,21.050,21.035,21.019,21.004,20.996,20.988,20.981,20.981,20.988,20.988,20.988,20.988,20.988,20.988,20.981,20.973,20.973,20.965,20.957,20.950,20.942,20.942,20.942,20.942,20.942,20.942,20.942,20.934,20.934,20.926,20.911,20.903,20.888,20.888,20.888,20.903,20.926,20.950,20.973,20.973,20.957,20.957,20.950,20.950,20.965,20.965,20.973,20.981,20.981,20.988,20.988,20.988,20.988,20.996,20.996,21.004,21.011,21.019,21.042,21.058,21.081,21.104,21.127,21.150,21.166,21.181,21.197,21.212,21.227,21.235,21.250,21.258,21.250,21.250,21.258,21.281,21.304,21.327,21.343,21.358,21.358,21.358,21.358,21.366,21.366,21.366,21.381,21.404,21.427,21.458,21.481,21.489,21.497,21.504,21.512,21.535,21.550,21.558,21.573,21.581,21.581
,22.353,22.353,22.353,22.346,22.330,22.315,22.308,22.292,22.277,22.262,22.247,22.239,22.224,22.209,22.193,22.170,22.155,22.140,22.132,22.125,22.109,22.094,22.063,22.033,22.010,21.987,21.972,21.972,21.964,21.956,21.934,21.903,21.880,21.857,21.842,21.842,21.834,21.834,21.834,21.834,21.834,21.834,21.834,21.834,21.834,21.826,21.826,21.826,21.819,21.803,21.796,21.780,21.773,21.757,21.757,21.765,21.765,21.765,21.757,21.750,21.734,21.727,21.719,21.711,21.711,21.719,21.750,21.780,21.819,21.849,21.857,21.857,21.857,21.865,21.880,21.895,21.911,21.926,21.934,21.941,21.949,21.964,21.987,22.002,22.018,22.033,22.056,22.094,22.155,22.216,22.178,22.155,22.163,22.209,22.254,22.270,22.285,22.315,22.346,22.384,22.407,22.414,22.414,22.422,22.460,22.536,22.665,22.870,23.165,23.602,24.359,25.444,26.678,27.977,29.239,30.374,31.280,31.901,32.158,32.421,32.753,33.097,33.194,33.139,33.001,32.808,32.539,32.345,32.158,31.949,31.755,31.524,31.322,31.168,31.070,30.979,30.873,30.761,30.656,30.599,30.543,30.480,30.437,30.409,30.402,30.409,30.402,30.381,30.388,30.416,30.451,30.466,30.473,30.473,30.487,30.536,30.599,30.670,30.761,30.873,31.014,31.196,31.441,31.727,31.977,32.185,32.373,32.663,33.008,33.358,33.578,33.530,33.448,33.386,33.303,33.104,32.760,32.296,31.838,31.483,31.112,30.684,30.120,29.602,29.011,28.323,27.558,26.729,25.879,25.074,24.501,24.083,23.753,23.520,23.474,23.437,23.354,23.241,23.210,23.158,23.089,23.029,22.984,22.923,22.878,22.832,22.824,22.802,22.779,22.756,22.741,22.726,22.703,22.680,22.658,22.635,22.612,22.589,22.582,22.566,22.544,22.513,22.490,22.468,22.437,22.414,22.391,22.384,22.369,22.346,22.300,22.285,22.292,22.323,22.323,22.330,22.330,22.323,22.308,22.292,22.277,22.277,22.285,22.315,22.330,22.330,22.308,22.270,22.239,22.224,22.239,22.270,22.292,22.300,22.285,22.254,22.231,22.216,22.209,22.209,22.209,22.216,22.239,22.270,22.292,22.300,22.300,22.285,22.277,22.262,22.262,22.254,22.254,22.254,22.262,22.262,22.270,22.277,22.277,22.277,22.277,22.277,22.277,22.277,22.270,22.262,22.247,22.239,22.224,22.216,22.209,22.209,22.201,22.193,22.178,22.163,22.147,22.132,22.117,22.109,22.102,22.079,22.063,22.048,22.033,22.018,21.995,21.979,21.972,21.949,21.934,21.926,21.918,21.911,21.911,21.911,21.911,21.903,21.895,21.880,21.872,21.865,21.865,21.872,21.880,21.872,21.872,21.865,21.849,21.834,21.819,21.803,21.780,21.750,21.734,21.719,21.704,21.696,21.696,21.711,21.719,21.696,21.658,21.612,21.566,21.520,21.489,21.481,21.466,21.458,21.458,21.458,21.458,21.450,21.412,21.374,21.335,21.304,21.281,21.281,21.274,21.266,21.258,21.258,21.250,21.243,21.227,21.212,21.197,21.181,21.166,21.150,21.143,21.127,21.119,21.112,21.096,21.081,21.065,21.050,21.042,21.027,21.011,21.004,20.988,20.988,20.981,20.981,20.988,20.981,20.981,20.981,20.981,20.981,20.973,20.965,20.957,20.950,20.950,20.942,20.942,20.934,20.934,20.934,20.934,20.934,20.926,20.926,20.919,20.911,20.903,20.880,20.872,20.880,20.896,20.926,20.950,20.965,20.965,20.965,20.957,20.950,20.950,20.957,20.957,20.957,20.965,20.973,20.973,20.981,20.981,20.981,20.988,20.988,20.996,21.004,21.011,21.035,21.050,21.065,21.089,21.119,21.143,21.158,21.173,21.197,21.220,21.227,21.235,21.250,21.258,21.266,21.266,21.274,21.281,21.289,21.304,21.320,21.351,21.366,21.381,21.389,21.374,21.358,21.343,21.351,21.389,21.427,21.466,21.504,21.504,21.497,21.497,21.497,21.512,21.527,21.535,21.550,21.550,21.550
,22.353,22.353,22.346,22.330,22.323,22.308,22.292,22.285,22.270,22.247,22.231,22.224,22.216,22.193,22.178,22.163,22.155,22.132,22.117,22.109,22.094,22.071,22.048,22.018,21.987,21.972,21.956,21.956,21.949,21.934,21.911,21.880,21.857,21.842,21.826,21.826,21.834,21.834,21.834,21.834,21.834,21.834,21.834,21.826,21.826,21.826,21.819,21.819,21.811,21.803,21.796,21.780,21.773,21.757,21.757,21.757,21.757,21.757,21.742,21.734,21.719,21.719,21.711,21.711,21.719,21.734,21.757,21.788,21.819,21.849,21.857,21.865,21.872,21.880,21.895,21.911,21.918,21.934,21.941,21.949,21.956,21.972,21.979,21.995,22.002,22.010,22.025,22.063,22.140,22.239,22.209,22.163,22.155,22.193,22.239,22.262,22.277,22.300,22.323,22.361,22.391,22.414,22.414,22.407,22.445,22.536,22.635,22.817,23.089,23.474,24.105,25.074,26.217,27.471,28.768,29.978,30.944,31.608,31.866,32.137,32.469,32.815,32.980,32.939,32.815,32.628,32.393,32.213,32.012,31.803,31.587,31.364,31.175,31.042,30.951,30.859,30.761,30.649,30.550,30.494,30.444,30.388,30.324,30.289,30.282,30.296,30.282,30.268,30.275,30.310,30.374,30.395,30.402,30.409,30.423,30.480,30.536,30.606,30.677,30.782,30.923,31.105,31.322,31.601,31.845,32.040,32.185,32.449,32.760,33.077,33.249,33.180,33.077,32.994,32.960,32.773,32.400,31.915,31.552,31.231,30.859,30.402,29.822,29.268,28.646,27.912,27.065,26.232,25.459,24.784,24.247,23.918,23.678,23.520,23.452,23.429,23.384,23.301,23.248,23.203,23.150,23.097,23.037,22.976,22.923,22.893,22.870,22.840,22.817,22.802,22.779,22.764,22.741,22.718,22.688,22.665,22.642,22.620,22.604,22.589,22.574,22.551,22.521,22.490,22.468,22.437,22.414,22.407,22.391,22.369,22.338,22.300,22.292,22.315,22.323,22.323,22.323,22.315,22.300,22.285,22.270,22.270,22.277,22.308,22.323,22.323,22.300,22.270,22.239,22.231,22.239,22.270,22.292,22.300,22.285,22.262,22.239,22.224,22.216,22.209,22.209,22.216,22.231,22.262,22.285,22.300,22.292,22.277,22.270,22.262,22.262,22.254,22.262,22.262,22.262,22.270,22.277,22.277,22.277,22.277,22.277,22.277,22.285,22.285,22.285,22.285,22.270,22.262,22.254,22.239,22.231,22.224,22.216,22.209,22.193,22.178,22.163,22.147,22.132,22.125,22.109,22.094,22.071,22.056,22.041,22.018,22.002,21.987,21.972,21.956,21.941,21.934,21.926,21.911,21.911,21.911,21.903,21.895,21.888,21.872,21.857,21.857,21.865,21.872,21.880,21.880,21.872,21.857,21.849,21.826,21.811,21.796,21.773,21.750,21.734,21.719,21.711,21.696,21.696,21.711,21.711,21.688,21.650,21.612,21.566,21.527,21.504,21.489,21.474,21.458,21.458,21.458,21.450,21.435,21.404,21.374,21.343,21.312,21.297,21.289,21.281,21.266,21.266,21.258,21.250,21.243,21.235,21.220,21.197,21.181,21.173,21.158,21.150,21.135,21.127,21.112,21.104,21.089,21.073,21.065,21.050,21.035,21.027,21.011,21.004,20.996,20.988,20.981,20.988,20.981,20.981,20.981,20.981,20.973,20.973,20.965,20.957,20.950,20.950,20.942,20.942,20.934,20.934,20.934,20.926,20.926,20.919,20.911,20.903,20.903,20.888,20.872,20.865,20.865,20.888,20.919,20.942,20.965,20.965,20.950,20.942,20.942,20.934,20.934,20.934,20.934,20.942,20.950,20.950,20.957,20.957,20.965,20.965,20.973,20.981,20.988,20.996,21.011,21.035,21.042,21.065,21.096,21.119,21.143,21.166,21.189,21.204,21.212,21.227,21.235,21.250,21.266,21.274,21.281,21.281,21.274,21.274,21.289,21.327,21.366,21.404,21.420,21.397,21.366,21.343,21.343,21.374,21.420,21.466,21.504,21.512,21.504,21.497,21.497,21.504,21.520,21.535,21.550,21.550,21.550
,22.346,22.346,22.338,22.330,22.315,22.300,22.285,22.270,22.254,22.239,22.224,22.216,22.209,22.193,22.178,22.170,22.155,22.132,22.117,22.102,22.079,22.056,22.033,22.010,21.979,21.964,21.949,21.941,21.934,21.911,21.888,21.865,21.842,21.826,21.819,21.826,21.826,21.826,21.826,21.826,21.826,21.826,21.819,21.819,21.819,21.811,21.811,21.811,21.811,21.803,21.788,21.780,21.765,21.750,21.742,21.742,21.734,21.727,21.719,21.711,21.704,21.704,21.704,21.711,21.719,21.742,21.765,21.788,21.819,21.842,21.857,21.865,21.872,21.888,21.903,21.918,21.926,21.934,21.949,21.956,21.964,21.972,21.979,21.987,21.987,21.987,21.987,22.010,22.109,22.231,22.224,22.170,22.147,22.163,22.224,22.254,22.270,22.285,22.315,22.346,22.376,22.414,22.414,22.414,22.445,22.528,22.612,22.779,23.021,23.361,23.925,24.769,25.798,26.992,28.309,29.553,30.571,31.308,31.629,31.901,32.206,32.532,32.746,32.691,32.566,32.400,32.192,32.040,31.859,31.643,31.448,31.238,31.063,30.944,30.859,30.775,30.670,30.564,30.473,30.416,30.360,30.310,30.240,30.212,30.212,30.226,30.212,30.204,30.212,30.247,30.310,30.332,30.339,30.346,30.367,30.409,30.473,30.543,30.613,30.712,30.838,31.014,31.224,31.483,31.706,31.873,32.012,32.248,32.525,32.787,32.918,32.829,32.718,32.642,32.601,32.414,32.081,31.636,31.315,31.000,30.613,30.134,29.489,28.847,28.186,27.479,26.634,25.783,25.059,24.509,24.113,23.828,23.625,23.497,23.452,23.422,23.376,23.324,23.278,23.233,23.180,23.120,23.067,23.014,22.976,22.938,22.915,22.885,22.862,22.840,22.817,22.794,22.779,22.756,22.726,22.696,22.673,22.658,22.627,22.604,22.589,22.566,22.544,22.513,22.475,22.452,22.437,22.422,22.399,22.376,22.353,22.315,22.300,22.300,22.308,22.315,22.323,22.315,22.300,22.277,22.262,22.262,22.277,22.300,22.315,22.315,22.300,22.270,22.247,22.231,22.247,22.270,22.292,22.300,22.285,22.270,22.254,22.239,22.224,22.216,22.209,22.209,22.224,22.247,22.270,22.285,22.277,22.270,22.262,22.254,22.254,22.262,22.270,22.270,22.270,22.277,22.277,22.285,22.285,22.285,22.285,22.285,22.285,22.292,22.292,22.292,22.285,22.285,22.270,22.254,22.247,22.239,22.224,22.209,22.193,22.186,22.178,22.155,22.140,22.132,22.117,22.102,22.079,22.056,22.041,22.025,22.002,21.995,21.979,21.964,21.949,21.934,21.926,21.911,21.911,21.911,21.903,21.895,21.880,21.865,21.857,21.857,21.857,21.872,21.880,21.880,21.872,21.857,21.842,21.819,21.803,21.788,21.773,21.750,21.734,21.727,21.719,21.711,21.704,21.704,21.696,21.681,21.650,21.612,21.581,21.543,21.520,21.504,21.489,21.474,21.458,21.458,21.443,21.427,21.397,21.374,21.351,21.327,21.304,21.297,21.281,21.274,21.266,21.258,21.258,21.243,21.235,21.220,21.204,21.189,21.173,21.166,21.158,21.143,21.127,21.119,21.104,21.096,21.081,21.073,21.058,21.050,21.035,21.027,21.019,21.011,20.996,20.988,20.981,20.981,20.981,20.981,20.981,20.973,20.973,20.965,20.965,20.957,20.950,20.950,20.942,20.934,20.926,20.919,20.919,20.911,20.903,20.896,20.888,20.888,20.880,20.865,20.857,20.865,20.880,20.911,20.934,20.950,20.950,20.942,20.934,20.926,20.919,20.919,20.919,20.919,20.919,20.926,20.926,20.934,20.942,20.942,20.950,20.957,20.965,20.965,20.981,20.996,21.011,21.019,21.042,21.065,21.096,21.119,21.150,21.173,21.189,21.197,21.204,21.212,21.235,21.258,21.274,21.281,21.274,21.250,21.243,21.258,21.304,21.366,21.412,21.443,21.420,21.381,21.351,21.343,21.366,21.412,21.458,21.497,21.504,21.497,21.497,21.497,21.512,21.535,21.543,21.550,21.558,21.558
,22.346,22.338,22.338,22.323,22.308,22.292,22.277,22.262,22.247,22.231,22.216,22.209,22.201,22.186,22.178,22.170,22.155,22.132,22.117,22.094,22.071,22.041,22.018,21.995,21.972,21.949,21.934,21.926,21.911,21.895,21.872,21.849,21.826,21.819,21.811,21.819,21.819,21.819,21.819,21.819,21.819,21.819,21.819,21.811,21.811,21.803,21.803,21.803,21.803,21.796,21.788,21.773,21.757,21.742,21.734,21.727,21.719,21.711,21.696,21.688,21.696,21.696,21.704,21.711,21.734,21.757,21.780,21.796,21.811,21.842,21.857,21.872,21.880,21.903,21.918,21.926,21.934,21.941,21.956,21.964,21.972,21.979,21.979,21.987,21.979,21.972,21.956,21.972,22.048,22.163,22.216,22.178,22.140,22.125,22.201,22.239,22.262,22.277,22.300,22.330,22.361,22.399,22.407,22.407,22.422,22.468,22.551,22.688,22.893,23.180,23.693,24.434,25.363,26.488,27.833,29.111,30.212,31.049,31.413,31.678,31.984,32.303,32.511,32.483,32.373,32.220,32.033,31.894,31.720,31.510,31.329,31.133,30.972,30.866,30.782,30.698,30.599,30.494,30.402,30.346,30.289,30.233,30.169,30.148,30.141,30.155,30.141,30.134,30.148,30.183,30.240,30.261,30.268,30.275,30.296,30.346,30.402,30.473,30.564,30.656,30.775,30.937,31.133,31.385,31.594,31.755,31.880,32.095,32.345,32.580,32.656,32.546,32.435,32.359,32.296,32.095,31.782,31.385,31.063,30.747,30.353,29.836,29.118,28.424,27.725,26.992,26.173,25.370,24.717,24.247,23.985,23.768,23.595,23.482,23.459,23.429,23.384,23.339,23.301,23.256,23.203,23.142,23.097,23.059,23.021,22.991,22.961,22.931,22.908,22.878,22.855,22.832,22.817,22.787,22.756,22.733,22.703,22.680,22.658,22.627,22.604,22.582,22.559,22.528,22.490,22.468,22.452,22.429,22.407,22.384,22.353,22.338,22.315,22.292,22.300,22.315,22.323,22.315,22.300,22.277,22.254,22.254,22.270,22.292,22.308,22.315,22.300,22.270,22.247,22.239,22.247,22.270,22.285,22.292,22.292,22.277,22.262,22.247,22.239,22.224,22.209,22.209,22.216,22.231,22.254,22.270,22.262,22.254,22.254,22.254,22.254,22.262,22.270,22.277,22.277,22.285,22.285,22.285,22.285,22.285,22.285,22.285,22.292,22.300,22.308,22.308,22.308,22.300,22.292,22.277,22.262,22.254,22.239,22.216,22.209,22.201,22.193,22.170,22.155,22.140,22.125,22.109,22.086,22.063,22.048,22.025,22.010,22.002,21.987,21.972,21.956,21.941,21.934,21.918,21.911,21.911,21.903,21.895,21.880,21.872,21.865,21.857,21.865,21.880,21.888,21.888,21.872,21.849,21.834,21.811,21.796,21.780,21.773,21.757,21.742,21.742,21.734,21.719,21.711,21.696,21.681,21.665,21.635,21.612,21.589,21.558,21.535,21.527,21.512,21.497,21.474,21.458,21.443,21.420,21.397,21.381,21.366,21.343,21.320,21.304,21.297,21.281,21.274,21.266,21.258,21.250,21.235,21.227,21.212,21.204,21.189,21.173,21.166,21.150,21.135,21.127,21.112,21.096,21.089,21.081,21.073,21.065,21.050,21.042,21.035,21.019,21.011,20.996,20.988,20.981,20.981,20.981,20.981,20.973,20.973,20.973,20.965,20.965,20.957,20.950,20.950,20.942,20.926,20.919,20.919,20.911,20.896,20.888,20.888,20.880,20.872,20.865,20.865,20.872,20.888,20.911,20.934,20.950,20.950,20.942,20.934,20.926,20.919,20.911,20.911,20.911,20.911,20.911,20.919,20.919,20.926,20.934,20.934,20.950,20.950,20.957,20.965,20.981,20.996,21.004,21.019,21.042,21.073,21.104,21.135,21.166,21.181,21.181,21.189,21.197,21.227,21.250,21.274,21.281,21.266,21.235,21.220,21.235,21.289,21.351,21.412,21.450,21.443,21.397,21.366,21.351,21.374,21.412,21.450,21.481,21.497,21.497,21.497,21.504,21.527,21.543,21.558,21.566,21.566,21.566
,22.346,22.338,22.338,22.323,22.300,22.285,22.270,22.254,22.231,22.216,22.209,22.201,22.193,22.178,22.178,22.170,22.155,22.132,22.109,22.086,22.056,22.033,22.002,21.979,21.964,21.941,21.926,21.911,21.895,21.880,21.849,21.834,21.819,21.803,21.803,21.811,21.811,21.819,21.819,21.819,21.819,21.819,21.819,21.811,21.803,21.803,21.803,21.803,21.796,21.788,21.788,21.773,21.765,21.742,21.734,21.719,21.711,21.696,21.688,21.688,21.688,21.696,21.711,21.727,21.750,21.773,21.788,21.803,21.819,21.834,21.857,21.880,21.895,21.911,21.926,21.934,21.941,21.949,21.964,21.972,21.979,21.987,21.987,21.987,21.979,21.972,21.949,21.949,21.979,22.056,22.193,22.186,22.140,22.109,22.170,22.224,22.254,22.270,22.285,22.308,22.338,22.369,22.399,22.384,22.369,22.384,22.475,22.566,22.711,22.953,23.429,24.083,24.926,25.982,27.326,28.675,29.865,30.796,31.182,31.462,31.782,32.123,32.296,32.317,32.248,32.109,31.928,31.775,31.601,31.406,31.224,31.042,30.902,30.796,30.719,30.627,30.536,30.430,30.346,30.289,30.233,30.169,30.113,30.084,30.077,30.077,30.077,30.063,30.070,30.106,30.162,30.183,30.190,30.204,30.226,30.282,30.339,30.402,30.501,30.606,30.726,30.866,31.056,31.294,31.504,31.678,31.789,31.991,32.227,32.435,32.463,32.324,32.213,32.137,32.047,31.810,31.490,31.119,30.782,30.466,30.056,29.503,28.725,28.021,27.275,26.481,25.680,24.992,24.442,24.038,23.873,23.738,23.610,23.497,23.482,23.459,23.422,23.361,23.331,23.293,23.241,23.188,23.150,23.112,23.074,23.044,23.014,22.984,22.946,22.915,22.893,22.878,22.855,22.817,22.794,22.764,22.741,22.711,22.696,22.658,22.627,22.589,22.566,22.544,22.513,22.475,22.460,22.445,22.422,22.384,22.361,22.353,22.330,22.300,22.300,22.308,22.315,22.315,22.300,22.270,22.254,22.247,22.262,22.285,22.300,22.308,22.292,22.262,22.247,22.239,22.247,22.270,22.285,22.292,22.292,22.277,22.270,22.254,22.247,22.231,22.216,22.209,22.216,22.224,22.247,22.254,22.254,22.247,22.247,22.254,22.262,22.270,22.277,22.285,22.292,22.292,22.300,22.300,22.300,22.292,22.292,22.300,22.308,22.315,22.323,22.330,22.330,22.323,22.315,22.308,22.285,22.277,22.262,22.239,22.224,22.216,22.209,22.193,22.170,22.163,22.140,22.117,22.094,22.079,22.056,22.041,22.018,22.010,22.002,21.979,21.964,21.956,21.941,21.926,21.918,21.911,21.903,21.895,21.888,21.880,21.872,21.872,21.880,21.888,21.895,21.888,21.872,21.849,21.826,21.803,21.788,21.780,21.773,21.765,21.757,21.757,21.750,21.734,21.711,21.696,21.673,21.650,21.627,21.612,21.596,21.581,21.558,21.550,21.535,21.512,21.489,21.458,21.435,21.412,21.397,21.381,21.374,21.358,21.335,21.327,21.312,21.297,21.281,21.274,21.266,21.258,21.243,21.235,21.227,21.212,21.197,21.181,21.173,21.158,21.143,21.127,21.112,21.096,21.096,21.089,21.081,21.073,21.065,21.050,21.042,21.027,21.019,21.004,20.996,20.988,20.981,20.981,20.981,20.981,20.981,20.973,20.965,20.965,20.965,20.957,20.950,20.942,20.934,20.926,20.926,20.919,20.911,20.903,20.896,20.888,20.880,20.880,20.880,20.880,20.903,20.919,20.942,20.957,20.957,20.950,20.942,20.934,20.926,20.919,20.919,20.911,20.911,20.911,20.911,20.919,20.926,20.934,20.942,20.950,20.957,20.965,20.973,20.981,20.988,20.996,21.011,21.035,21.073,21.112,21.143,21.166,21.181,21.181,21.181,21.189,21.220,21.250,21.274,21.281,21.266,21.227,21.212,21.220,21.274,21.343,21.412,21.450,21.443,21.412,21.381,21.374,21.389,21.420,21.458,21.481,21.497,21.497,21.504,21.512,21.535,21.558,21.573,21.581,21.581,21.581
,22.338,22.338,22.330,22.315,22.300,22.277,22.262,22.247,22.231,22.209,22.201,22.193,22.186,22.178,22.170,22.163,22.147,22.125,22.094,22.071,22.048,22.010,21.987,21.972,21.956,21.934,21.911,21.903,21.880,21.857,21.842,21.826,21.811,21.803,21.803,21.803,21.811,21.819,21.819,21.819,21.819,21.819,21.819,21.811,21.811,21.803,21.803,21.803,21.803,21.788,21.788,21.780,21.765,21.750,21.742,21.727,21.719,21.704,21.696,21.688,21.696,21.711,21.727,21.742,21.765,21.788,21.803,21.811,21.826,21.842,21.865,21.880,21.903,21.926,21.941,21.949,21.956,21.964,21.979,21.987,22.002,22.002,22.010,22.002,22.002,21.995,21.979,21.972,21.987,22.056,22.186,22.201,22.170,22.125,22.155,22.209,22.247,22.262,22.270,22.300,22.330,22.353,22.384,22.369,22.369,22.399,22.460,22.536,22.673,22.908,23.324,23.865,24.606,25.570,26.846,28.266,29.496,30.423,30.923,31.259,31.587,31.908,32.123,32.158,32.102,32.005,31.866,31.706,31.517,31.322,31.140,30.972,30.845,30.747,30.656,30.564,30.473,30.381,30.296,30.240,30.183,30.134,30.070,30.042,30.035,30.042,30.028,30.006,30.006,30.035,30.091,30.120,30.134,30.141,30.169,30.226,30.289,30.346,30.423,30.543,30.663,30.796,30.951,31.168,31.385,31.573,31.685,31.866,32.067,32.241,32.241,32.088,31.942,31.824,31.727,31.504,31.175,30.782,30.473,30.155,29.737,29.161,28.309,27.573,26.861,26.129,25.311,24.717,24.285,24.008,23.865,23.775,23.685,23.595,23.565,23.542,23.505,23.452,23.414,23.376,23.339,23.293,23.248,23.203,23.165,23.135,23.097,23.059,23.021,22.984,22.953,22.931,22.908,22.878,22.840,22.809,22.779,22.756,22.726,22.696,22.658,22.620,22.582,22.559,22.536,22.513,22.483,22.460,22.445,22.414,22.376,22.353,22.346,22.346,22.308,22.315,22.315,22.308,22.300,22.277,22.254,22.247,22.254,22.285,22.300,22.300,22.292,22.262,22.239,22.231,22.239,22.262,22.277,22.292,22.285,22.277,22.270,22.262,22.247,22.231,22.216,22.216,22.216,22.231,22.247,22.254,22.254,22.254,22.254,22.262,22.270,22.285,22.292,22.300,22.308,22.308,22.315,22.315,22.315,22.315,22.315,22.323,22.330,22.338,22.346,22.353,22.353,22.346,22.338,22.330,22.315,22.300,22.285,22.270,22.247,22.239,22.231,22.216,22.193,22.178,22.163,22.140,22.117,22.094,22.079,22.056,22.041,22.025,22.010,22.002,21.979,21.964,21.949,21.934,21.926,21.918,21.911,21.903,21.895,21.888,21.888,21.888,21.888,21.903,21.903,21.888,21.872,21.849,21.826,21.803,21.796,21.788,21.780,21.773,21.773,21.780,21.780,21.757,21.727,21.688,21.658,21.627,21.612,21.612,21.604,21.596,21.581,21.573,21.558,21.535,21.504,21.474,21.443,21.412,21.397,21.389,21.389,21.374,21.358,21.335,21.320,21.304,21.297,21.289,21.281,21.266,21.258,21.250,21.235,21.220,21.212,21.189,21.173,21.158,21.143,21.127,21.119,21.104,21.096,21.089,21.081,21.073,21.065,21.050,21.042,21.035,21.027,21.019,21.011,21.004,20.996,20.996,20.988,20.981,20.981,20.973,20.965,20.965,20.957,20.957,20.950,20.950,20.950,20.957,20.957,20.957,20.950,20.942,20.934,20.926,20.919,20.911,20.911,20.911,20.926,20.934,20.950,20.965,20.973,20.973,20.973,20.965,20.957,20.950,20.942,20.934,20.934,20.934,20.934,20.942,20.950,20.957,20.965,20.973,20.981,20.981,20.988,20.988,20.996,21.004,21.019,21.042,21.081,21.127,21.158,21.181,21.197,21.197,21.197,21.204,21.227,21.258,21.281,21.289,21.274,21.243,21.227,21.227,21.274,21.343,21.397,21.435,21.443,21.420,21.404,21.397,21.420,21.443,21.474,21.497,21.504,21.504,21.512,21.527,21.550,21.573,21.589,21.596,21.604,21.604
,22.338,22.330,22.323,22.308,22.292,22.277,22.254,22.239,22.224,22.209,22.201,22.193,22.186,22.170,22.163,22.155,22.147,22.125,22.094,22.063,22.041,22.002,21.979,21.972,21.956,21.934,21.911,21.895,21.880,21.857,21.834,21.826,21.819,21.811,21.803,21.803,21.811,21.811,21.811,21.811,21.819,21.819,21.819,21.819,21.819,21.819,21.811,21.811,21.803,21.796,21.788,21.780,21.773,21.757,21.742,21.734,21.727,21.719,21.711,21.704,21.711,21.727,21.734,21.757,21.773,21.796,21.811,21.811,21.826,21.842,21.865,21.888,21.911,21.934,21.949,21.956,21.964,21.972,21.987,22.002,22.010,22.025,22.025,22.033,22.033,22.041,22.041,22.025,22.033,22.079,22.155,22.193,22.201,22.186,22.178,22.209,22.231,22.254,22.262,22.292,22.323,22.346,22.376,22.369,22.369,22.399,22.445,22.506,22.620,22.824,23.188,23.655,24.277,25.096,26.283,27.703,28.990,30.028,30.620,31.021,31.364,31.685,31.915,31.970,31.949,31.894,31.789,31.643,31.455,31.224,31.049,30.902,30.782,30.684,30.592,30.501,30.409,30.317,30.233,30.169,30.120,30.063,29.999,29.971,29.957,29.964,29.950,29.929,29.936,29.964,30.021,30.056,30.070,30.084,30.120,30.169,30.233,30.296,30.374,30.473,30.592,30.719,30.859,31.049,31.245,31.420,31.524,31.692,31.873,32.033,31.998,31.824,31.657,31.538,31.441,31.210,30.881,30.501,30.197,29.879,29.417,28.775,27.927,27.137,26.415,25.739,25.059,24.539,24.188,23.993,23.903,23.850,23.775,23.693,23.663,23.648,23.610,23.550,23.512,23.474,23.437,23.407,23.361,23.324,23.278,23.233,23.195,23.158,23.112,23.074,23.037,23.014,22.984,22.946,22.893,22.862,22.832,22.802,22.771,22.733,22.696,22.658,22.620,22.589,22.566,22.544,22.513,22.490,22.460,22.437,22.399,22.369,22.353,22.353,22.330,22.315,22.308,22.308,22.300,22.277,22.262,22.247,22.262,22.285,22.300,22.300,22.285,22.262,22.239,22.231,22.239,22.254,22.277,22.285,22.285,22.277,22.270,22.262,22.247,22.231,22.224,22.216,22.224,22.231,22.247,22.262,22.262,22.262,22.262,22.262,22.277,22.285,22.300,22.308,22.315,22.323,22.323,22.330,22.330,22.338,22.338,22.346,22.353,22.361,22.369,22.369,22.369,22.369,22.361,22.346,22.338,22.323,22.308,22.285,22.270,22.262,22.247,22.231,22.209,22.193,22.178,22.147,22.125,22.109,22.086,22.063,22.048,22.033,22.025,22.010,21.987,21.979,21.964,21.941,21.926,21.918,21.911,21.911,21.903,21.903,21.903,21.903,21.903,21.911,21.903,21.895,21.872,21.849,21.826,21.803,21.796,21.788,21.788,21.788,21.788,21.803,21.803,21.780,21.742,21.688,21.642,21.604,21.596,21.604,21.612,21.612,21.604,21.596,21.581,21.558,21.520,21.481,21.443,21.412,21.397,21.397,21.397,21.381,21.366,21.351,21.327,21.312,21.297,21.297,21.281,21.274,21.266,21.258,21.243,21.227,21.212,21.197,21.173,21.158,21.135,21.127,21.119,21.104,21.089,21.081,21.081,21.073,21.058,21.050,21.042,21.035,21.027,21.027,21.019,21.019,21.011,21.004,20.996,20.988,20.981,20.973,20.965,20.957,20.950,20.950,20.950,20.950,20.973,20.988,20.996,21.004,21.004,20.988,20.981,20.965,20.957,20.950,20.942,20.942,20.950,20.957,20.973,20.988,20.988,20.996,20.996,20.996,20.996,20.988,20.973,20.965,20.965,20.973,20.973,20.973,20.981,20.996,21.004,21.004,21.011,21.004,21.004,21.011,21.019,21.027,21.042,21.065,21.104,21.143,21.181,21.204,21.220,21.212,21.212,21.220,21.243,21.266,21.289,21.297,21.289,21.266,21.250,21.250,21.289,21.335,21.374,21.412,21.420,21.420,21.420,21.435,21.450,21.474,21.489,21.504,21.520,21.520,21.527,21.535,21.566,21.589,21.604,21.619,21.619,21.619
,22.330,22.330,22.315,22.308,22.292,22.270,22.254,22.239,22.224,22.209,22.193,22.193,22.178,22.170,22.155,22.147,22.132,22.117,22.079,22.056,22.033,21.995,21.972,21.964,21.949,21.934,21.903,21.888,21.872,21.857,21.834,21.826,21.819,21.811,21.811,21.811,21.811,21.811,21.811,21.811,21.819,21.819,21.826,21.826,21.826,21.826,21.819,21.819,21.811,21.803,21.788,21.788,21.780,21.773,21.757,21.742,21.734,21.734,21.727,21.727,21.734,21.742,21.750,21.765,21.788,21.803,21.819,21.819,21.826,21.849,21.865,21.888,21.911,21.934,21.949,21.956,21.964,21.979,21.995,22.010,22.018,22.033,22.041,22.048,22.063,22.079,22.086,22.079,22.086,22.109,22.147,22.186,22.216,22.231,22.224,22.209,22.216,22.239,22.262,22.292,22.323,22.346,22.361,22.361,22.361,22.376,22.422,22.468,22.559,22.726,23.052,23.459,23.978,24.673,25.776,27.159,28.495,29.645,30.296,30.768,31.168,31.504,31.713,31.748,31.755,31.741,31.671,31.545,31.350,31.119,30.944,30.810,30.698,30.606,30.515,30.430,30.346,30.254,30.162,30.091,30.035,29.971,29.914,29.879,29.872,29.872,29.858,29.851,29.858,29.893,29.950,29.992,30.014,30.028,30.063,30.120,30.176,30.247,30.332,30.430,30.536,30.649,30.775,30.944,31.119,31.259,31.343,31.476,31.636,31.775,31.720,31.538,31.378,31.273,31.175,30.937,30.620,30.254,29.950,29.602,29.090,28.388,27.536,26.744,26.012,25.355,24.844,24.434,24.143,23.993,23.970,23.940,23.873,23.790,23.760,23.738,23.700,23.648,23.602,23.572,23.542,23.505,23.474,23.437,23.392,23.346,23.301,23.256,23.210,23.165,23.127,23.105,23.067,23.021,22.968,22.931,22.893,22.862,22.832,22.779,22.741,22.696,22.658,22.620,22.589,22.566,22.544,22.513,22.483,22.452,22.414,22.384,22.361,22.353,22.346,22.315,22.308,22.308,22.300,22.285,22.270,22.254,22.262,22.285,22.300,22.300,22.285,22.254,22.231,22.224,22.231,22.254,22.270,22.277,22.277,22.277,22.270,22.262,22.247,22.231,22.224,22.216,22.224,22.239,22.254,22.270,22.270,22.270,22.270,22.277,22.285,22.300,22.308,22.315,22.323,22.330,22.338,22.346,22.353,22.353,22.361,22.369,22.376,22.384,22.384,22.391,22.391,22.384,22.376,22.361,22.353,22.346,22.330,22.308,22.292,22.285,22.270,22.254,22.231,22.216,22.193,22.170,22.147,22.125,22.102,22.079,22.056,22.048,22.041,22.025,22.002,21.987,21.979,21.956,21.941,21.926,21.918,21.918,21.918,21.926,21.926,21.926,21.926,21.918,21.911,21.895,21.872,21.849,21.834,21.811,21.803,21.796,21.796,21.796,21.803,21.819,21.819,21.796,21.750,21.688,21.642,21.596,21.596,21.612,21.619,21.619,21.619,21.612,21.596,21.566,21.527,21.489,21.450,21.420,21.404,21.404,21.404,21.397,21.374,21.358,21.343,21.320,21.312,21.304,21.297,21.281,21.274,21.266,21.250,21.235,21.212,21.197,21.181,21.158,21.135,21.127,21.119,21.104,21.089,21.081,21.073,21.065,21.058,21.050,21.042,21.035,21.035,21.035,21.035,21.035,21.027,21.019,21.011,20.996,20.988,20.981,20.973,20.965,20.950,20.950,20.957,20.965,20.988,21.019,21.035,21.050,21.050,21.035,21.019,21.011,20.996,20.988,20.981,20.981,20.973,20.981,20.996,21.004,21.011,21.027,21.035,21.035,21.035,21.027,21.011,21.004,21.004,21.011,21.011,21.011,21.019,21.027,21.035,21.042,21.035,21.035,21.035,21.035,21.042,21.050,21.065,21.096,21.135,21.173,21.204,21.235,21.243,21.243,21.235,21.243,21.258,21.281,21.297,21.304,21.304,21.289,21.281,21.281,21.304,21.327,21.358,21.389,21.412,21.427,21.443,21.466,21.481,21.497,21.504,21.512,21.527,21.527,21.535,21.550,21.573,21.604,21.627,21.642,21.642,21.642
,22.330,22.323,22.315,22.300,22.285,22.262,22.247,22.231,22.216,22.201,22.193,22.186,22.178,22.163,22.155,22.140,22.125,22.102,22.071,22.048,22.018,21.987,21.964,21.956,21.941,21.926,21.895,21.880,21.865,21.849,21.834,21.826,21.819,21.811,21.811,21.811,21.811,21.811,21.811,21.811,21.819,21.826,21.834,21.834,21.842,21.842,21.834,21.826,21.819,21.811,21.803,21.796,21.788,21.780,21.765,21.757,21.757,21.750,21.742,21.750,21.750,21.757,21.773,21.780,21.796,21.811,21.819,21.826,21.842,21.857,21.880,21.895,21.918,21.934,21.949,21.956,21.964,21.979,21.995,22.010,22.018,22.033,22.048,22.063,22.079,22.094,22.109,22.117,22.125,22.140,22.170,22.193,22.216,22.247,22.262,22.216,22.201,22.224,22.254,22.300,22.323,22.338,22.353,22.369,22.361,22.346,22.391,22.429,22.498,22.620,22.923,23.293,23.738,24.322,25.348,26.671,28.028,29.239,29.943,30.508,30.993,31.364,31.510,31.504,31.510,31.531,31.497,31.392,31.210,30.986,30.824,30.698,30.599,30.522,30.430,30.353,30.268,30.183,30.084,30.006,29.936,29.879,29.822,29.780,29.766,29.773,29.766,29.758,29.780,29.822,29.879,29.929,29.957,29.971,30.006,30.070,30.127,30.197,30.289,30.395,30.487,30.585,30.698,30.852,31.000,31.112,31.147,31.245,31.371,31.490,31.413,31.252,31.119,31.028,30.916,30.684,30.374,30.028,29.702,29.296,28.732,28.006,27.130,26.378,25.673,25.029,24.643,24.359,24.150,24.015,24.053,24.038,23.978,23.880,23.835,23.805,23.768,23.730,23.693,23.663,23.632,23.602,23.565,23.527,23.489,23.452,23.414,23.361,23.309,23.256,23.218,23.188,23.150,23.097,23.044,22.999,22.953,22.915,22.878,22.840,22.787,22.741,22.703,22.658,22.620,22.582,22.566,22.544,22.506,22.460,22.429,22.391,22.369,22.353,22.353,22.323,22.300,22.300,22.300,22.292,22.277,22.270,22.270,22.285,22.300,22.300,22.277,22.247,22.231,22.224,22.224,22.247,22.262,22.270,22.270,22.270,22.262,22.254,22.247,22.231,22.224,22.224,22.231,22.247,22.262,22.277,22.277,22.277,22.277,22.285,22.292,22.308,22.323,22.330,22.338,22.338,22.353,22.361,22.369,22.376,22.384,22.391,22.407,22.407,22.407,22.407,22.407,22.399,22.391,22.384,22.369,22.361,22.353,22.338,22.315,22.308,22.292,22.277,22.254,22.231,22.216,22.193,22.170,22.147,22.125,22.102,22.079,22.071,22.056,22.041,22.018,22.010,21.995,21.979,21.956,21.949,21.941,21.934,21.941,21.949,21.949,21.949,21.941,21.926,21.911,21.895,21.872,21.857,21.842,21.826,21.811,21.811,21.803,21.803,21.811,21.826,21.826,21.803,21.757,21.696,21.642,21.604,21.596,21.612,21.627,21.635,21.635,21.619,21.604,21.581,21.535,21.497,21.466,21.427,21.412,21.412,21.412,21.404,21.381,21.366,21.351,21.327,21.320,21.312,21.304,21.289,21.281,21.274,21.266,21.243,21.220,21.204,21.181,21.166,21.143,21.135,21.119,21.112,21.096,21.089,21.081,21.073,21.058,21.050,21.050,21.042,21.042,21.042,21.050,21.050,21.042,21.035,21.027,21.019,21.004,20.996,20.981,20.973,20.965,20.965,20.973,20.981,21.004,21.035,21.065,21.073,21.073,21.065,21.050,21.035,21.027,21.019,21.011,21.011,21.004,21.011,21.019,21.027,21.042,21.050,21.065,21.073,21.065,21.065,21.050,21.042,21.042,21.042,21.042,21.050,21.058,21.065,21.065,21.073,21.065,21.058,21.058,21.058,21.073,21.081,21.096,21.127,21.158,21.197,21.227,21.258,21.274,21.266,21.258,21.266,21.281,21.297,21.312,21.320,21.320,21.312,21.312,21.312,21.327,21.335,21.343,21.374,21.404,21.435,21.466,21.497,21.520,21.520,21.520,21.527,21.527,21.527,21.535,21.550,21.581,21.612,21.635,21.658,21.658,21.658
,22.330,22.323,22.315,22.292,22.270,22.247,22.239,22.224,22.216,22.193,22.186,22.178,22.170,22.155,22.140,22.132,22.109,22.086,22.056,22.033,22.010,21.979,21.956,21.941,21.934,21.911,21.888,21.872,21.865,21.842,21.834,21.826,21.819,21.811,21.811,21.811,21.811,21.811,21.811,21.826,21.834,21.834,21.849,21.849,21.849,21.849,21.842,21.842,21.834,21.819,21.811,21.811,21.803,21.788,21.780,21.780,21.773,21.765,21.765,21.765,21.773,21.780,21.788,21.796,21.803,21.819,21.834,21.842,21.857,21.880,21.895,21.911,21.926,21.941,21.949,21.956,21.964,21.979,21.987,22.002,22.010,22.025,22.041,22.056,22.071,22.086,22.102,22.117,22.125,22.140,22.155,22.186,22.216,22.247,22.277,22.231,22.193,22.186,22.231,22.285,22.323,22.338,22.353,22.369,22.376,22.376,22.407,22.445,22.498,22.597,22.855,23.180,23.580,24.098,24.940,26.158,27.450,28.668,29.553,30.247,30.789,31.168,31.322,31.287,31.259,31.287,31.308,31.224,31.042,30.810,30.663,30.564,30.494,30.430,30.346,30.268,30.183,30.084,29.985,29.914,29.858,29.801,29.723,29.680,29.666,29.659,29.659,29.652,29.673,29.723,29.801,29.851,29.886,29.907,29.950,30.014,30.077,30.141,30.219,30.317,30.416,30.508,30.606,30.740,30.866,30.951,30.972,31.028,31.119,31.196,31.126,31.000,30.873,30.768,30.642,30.402,30.106,29.751,29.382,28.897,28.301,27.594,26.707,25.982,25.348,24.814,24.479,24.277,24.143,24.075,24.128,24.113,24.038,23.925,23.873,23.835,23.798,23.768,23.745,23.723,23.700,23.678,23.663,23.632,23.587,23.550,23.505,23.459,23.407,23.361,23.309,23.256,23.210,23.165,23.105,23.067,23.029,22.984,22.931,22.885,22.840,22.794,22.741,22.696,22.658,22.612,22.589,22.566,22.536,22.490,22.437,22.414,22.391,22.369,22.353,22.338,22.315,22.300,22.308,22.300,22.292,22.277,22.277,22.292,22.300,22.292,22.270,22.247,22.224,22.216,22.224,22.239,22.254,22.270,22.270,22.262,22.254,22.247,22.247,22.231,22.224,22.231,22.231,22.247,22.262,22.277,22.277,22.277,22.285,22.292,22.308,22.323,22.330,22.338,22.353,22.353,22.361,22.369,22.384,22.399,22.414,22.422,22.429,22.429,22.429,22.429,22.422,22.422,22.407,22.399,22.391,22.384,22.369,22.361,22.338,22.330,22.315,22.300,22.277,22.262,22.239,22.216,22.193,22.178,22.155,22.132,22.109,22.094,22.079,22.056,22.041,22.025,22.010,21.995,21.979,21.972,21.964,21.956,21.956,21.964,21.964,21.956,21.941,21.926,21.911,21.895,21.880,21.865,21.849,21.842,21.826,21.826,21.819,21.811,21.811,21.826,21.826,21.803,21.757,21.696,21.650,21.612,21.604,21.619,21.635,21.635,21.635,21.627,21.612,21.581,21.543,21.512,21.474,21.443,21.427,21.420,21.420,21.412,21.397,21.374,21.358,21.343,21.327,21.320,21.312,21.297,21.289,21.281,21.266,21.250,21.235,21.212,21.197,21.181,21.166,21.150,21.135,21.127,21.112,21.112,21.096,21.089,21.073,21.073,21.065,21.058,21.050,21.058,21.058,21.058,21.058,21.058,21.050,21.042,21.027,21.019,21.011,21.004,20.996,20.996,20.996,21.004,21.027,21.042,21.058,21.073,21.073,21.058,21.042,21.035,21.027,21.027,21.027,21.027,21.035,21.035,21.042,21.050,21.073,21.081,21.096,21.104,21.096,21.089,21.081,21.073,21.073,21.073,21.073,21.073,21.073,21.081,21.089,21.089,21.081,21.081,21.073,21.081,21.096,21.104,21.119,21.150,21.181,21.220,21.250,21.274,21.289,21.281,21.281,21.289,21.304,21.312,21.320,21.327,21.335,21.335,21.335,21.343,21.343,21.351,21.358,21.381,21.420,21.450,21.489,21.520,21.535,21.527,21.520,21.520,21.527,21.527,21.535,21.550,21.589,21.619,21.642,21.658,21.658,21.658
,22.330,22.323,22.308,22.285,22.262,22.247,22.231,22.216,22.209,22.193,22.178,22.170,22.163,22.147,22.132,22.117,22.094,22.071,22.048,22.025,22.002,21.972,21.949,21.941,21.926,21.903,21.880,21.872,21.865,21.849,21.834,21.826,21.819,21.819,21.811,21.811,21.811,21.811,21.819,21.826,21.842,21.849,21.865,21.865,21.865,21.865,21.857,21.849,21.842,21.834,21.826,21.819,21.811,21.803,21.796,21.788,21.788,21.780,21.780,21.780,21.788,21.796,21.796,21.796,21.803,21.819,21.842,21.857,21.872,21.895,21.911,21.918,21.926,21.941,21.949,21.956,21.956,21.972,21.979,21.987,22.002,22.018,22.025,22.033,22.048,22.063,22.079,22.094,22.102,22.117,22.140,22.155,22.186,22.231,22.262,22.239,22.193,22.163,22.209,22.277,22.323,22.338,22.346,22.369,22.376,22.384,22.399,22.429,22.460,22.536,22.749,23.044,23.392,23.828,24.531,25.658,26.904,28.143,29.140,29.929,30.550,30.993,31.147,31.084,31.035,31.063,31.105,31.028,30.859,30.642,30.515,30.437,30.374,30.310,30.233,30.155,30.063,29.971,29.879,29.815,29.751,29.695,29.624,29.588,29.574,29.574,29.581,29.574,29.595,29.638,29.716,29.766,29.801,29.829,29.879,29.936,30.006,30.070,30.155,30.233,30.310,30.388,30.480,30.599,30.719,30.803,30.810,30.852,30.923,30.979,30.916,30.789,30.649,30.508,30.346,30.084,29.766,29.396,28.990,28.510,27.898,27.174,26.378,25.680,25.096,24.650,24.419,24.262,24.173,24.150,24.203,24.165,24.075,23.970,23.910,23.880,23.843,23.820,23.798,23.790,23.775,23.768,23.753,23.723,23.685,23.648,23.610,23.565,23.512,23.452,23.399,23.354,23.293,23.233,23.173,23.135,23.089,23.044,22.991,22.931,22.885,22.840,22.787,22.733,22.688,22.642,22.612,22.589,22.559,22.513,22.460,22.437,22.414,22.391,22.361,22.353,22.338,22.308,22.308,22.300,22.292,22.285,22.285,22.292,22.300,22.292,22.270,22.239,22.224,22.209,22.216,22.231,22.254,22.262,22.254,22.254,22.247,22.247,22.239,22.231,22.231,22.231,22.239,22.254,22.262,22.277,22.285,22.285,22.292,22.300,22.315,22.330,22.346,22.353,22.361,22.361,22.369,22.376,22.391,22.414,22.429,22.437,22.445,22.445,22.445,22.445,22.437,22.429,22.414,22.407,22.399,22.391,22.384,22.369,22.361,22.346,22.330,22.308,22.292,22.277,22.262,22.239,22.216,22.201,22.186,22.155,22.132,22.109,22.086,22.063,22.048,22.033,22.025,22.010,22.002,21.995,21.987,21.979,21.972,21.972,21.964,21.956,21.934,21.926,21.911,21.895,21.880,21.872,21.865,21.857,21.849,21.834,21.826,21.811,21.811,21.811,21.803,21.780,21.742,21.704,21.665,21.635,21.627,21.635,21.642,21.635,21.627,21.619,21.604,21.573,21.543,21.520,21.489,21.458,21.443,21.435,21.427,21.412,21.397,21.381,21.366,21.351,21.335,21.320,21.312,21.297,21.289,21.281,21.274,21.258,21.243,21.227,21.212,21.197,21.181,21.166,21.158,21.143,21.135,21.127,21.119,21.112,21.096,21.081,21.073,21.073,21.065,21.065,21.065,21.073,21.065,21.065,21.065,21.058,21.050,21.042,21.035,21.035,21.027,21.027,21.027,21.027,21.027,21.042,21.042,21.042,21.042,21.027,21.019,21.011,21.019,21.019,21.027,21.035,21.050,21.050,21.058,21.073,21.089,21.104,21.112,21.119,21.112,21.104,21.096,21.089,21.089,21.089,21.089,21.089,21.089,21.089,21.096,21.104,21.096,21.096,21.096,21.104,21.112,21.127,21.150,21.173,21.204,21.235,21.258,21.281,21.297,21.304,21.304,21.312,21.320,21.327,21.335,21.343,21.351,21.351,21.358,21.358,21.366,21.366,21.381,21.404,21.435,21.474,21.504,21.535,21.535,21.527,21.520,21.512,21.512,21.520,21.527,21.550,21.581,21.612,21.635,21.658,21.658,21.658
,22.323,22.323,22.308,22.285,22.254,22.231,22.216,22.216,22.201,22.193,22.178,22.163,22.147,22.132,22.117,22.102,22.079,22.056,22.033,22.010,21.987,21.964,21.941,21.926,21.911,21.895,21.872,21.865,21.857,21.849,21.834,21.826,21.819,21.819,21.803,21.803,21.803,21.811,21.819,21.834,21.849,21.857,21.872,21.872,21.872,21.872,21.872,21.865,21.849,21.842,21.834,21.826,21.819,21.811,21.803,21.796,21.796,21.796,21.796,21.796,21.796,21.803,21.803,21.796,21.803,21.819,21.842,21.857,21.880,21.903,21.918,21.918,21.926,21.934,21.934,21.941,21.949,21.956,21.964,21.972,21.979,21.995,22.002,22.010,22.025,22.041,22.056,22.063,22.079,22.094,22.117,22.132,22.163,22.209,22.247,22.247,22.209,22.170,22.186,22.262,22.315,22.330,22.330,22.346,22.361,22.369,22.376,22.399,22.422,22.468,22.650,22.931,23.226,23.595,24.217,25.222,26.408,27.638,28.696,29.588,30.303,30.810,30.944,30.859,30.810,30.845,30.895,30.838,30.698,30.508,30.388,30.324,30.261,30.197,30.113,30.035,29.950,29.858,29.773,29.709,29.645,29.581,29.510,29.481,29.474,29.481,29.496,29.496,29.517,29.553,29.624,29.680,29.716,29.751,29.794,29.858,29.922,29.992,30.077,30.155,30.219,30.282,30.367,30.480,30.585,30.677,30.670,30.712,30.761,30.803,30.733,30.585,30.430,30.275,30.084,29.787,29.432,29.047,28.617,28.107,27.471,26.737,26.026,25.400,24.888,24.531,24.374,24.277,24.232,24.232,24.285,24.240,24.158,24.060,24.015,23.985,23.955,23.918,23.895,23.888,23.873,23.865,23.858,23.820,23.783,23.753,23.723,23.670,23.617,23.557,23.505,23.452,23.392,23.324,23.256,23.203,23.158,23.112,23.052,22.991,22.931,22.878,22.832,22.771,22.718,22.673,22.635,22.612,22.582,22.536,22.490,22.460,22.437,22.414,22.384,22.369,22.346,22.330,22.308,22.308,22.300,22.292,22.292,22.292,22.292,22.292,22.270,22.239,22.216,22.201,22.209,22.231,22.247,22.254,22.254,22.247,22.239,22.239,22.231,22.231,22.231,22.231,22.239,22.254,22.262,22.277,22.285,22.285,22.292,22.308,22.323,22.338,22.353,22.361,22.369,22.369,22.369,22.384,22.399,22.422,22.437,22.445,22.460,22.452,22.452,22.452,22.445,22.437,22.422,22.414,22.407,22.407,22.399,22.384,22.376,22.361,22.346,22.323,22.308,22.292,22.277,22.254,22.239,22.224,22.209,22.178,22.155,22.125,22.102,22.079,22.056,22.048,22.041,22.033,22.025,22.018,22.010,22.002,21.987,21.979,21.972,21.956,21.934,21.926,21.911,21.895,21.888,21.880,21.880,21.872,21.865,21.849,21.834,21.819,21.803,21.796,21.780,21.765,21.734,21.704,21.681,21.658,21.642,21.650,21.642,21.635,21.619,21.604,21.589,21.566,21.543,21.520,21.497,21.474,21.450,21.443,21.427,21.412,21.397,21.381,21.366,21.351,21.335,21.320,21.312,21.297,21.289,21.281,21.274,21.258,21.243,21.235,21.220,21.204,21.189,21.173,21.166,21.150,21.143,21.135,21.135,21.127,21.112,21.096,21.089,21.081,21.073,21.073,21.073,21.073,21.073,21.073,21.073,21.073,21.073,21.065,21.065,21.058,21.050,21.050,21.050,21.042,21.035,21.035,21.035,21.027,21.019,21.011,21.004,21.004,21.004,21.019,21.035,21.042,21.058,21.065,21.073,21.089,21.104,21.119,21.127,21.127,21.127,21.119,21.112,21.104,21.104,21.104,21.096,21.096,21.096,21.104,21.104,21.112,21.112,21.112,21.112,21.119,21.135,21.150,21.173,21.197,21.220,21.243,21.266,21.289,21.312,21.312,21.320,21.327,21.335,21.343,21.351,21.358,21.358,21.366,21.366,21.374,21.381,21.389,21.397,21.420,21.458,21.489,21.520,21.543,21.543,21.527,21.512,21.504,21.504,21.512,21.520,21.543,21.573,21.604,21.627,21.642,21.650,21.650
,22.323,22.315,22.300,22.277,22.247,22.224,22.216,22.209,22.201,22.186,22.170,22.155,22.140,22.117,22.102,22.079,22.063,22.041,22.018,21.995,21.979,21.956,21.934,21.911,21.895,21.880,21.865,21.857,21.857,21.842,21.834,21.826,21.819,21.811,21.803,21.796,21.803,21.811,21.819,21.834,21.849,21.865,21.872,21.872,21.880,21.872,21.872,21.865,21.857,21.842,21.842,21.826,21.819,21.811,21.811,21.811,21.811,21.803,21.803,21.803,21.803,21.803,21.803,21.796,21.796,21.811,21.834,21.857,21.880,21.903,21.911,21.911,21.911,21.911,21.918,21.918,21.926,21.934,21.941,21.949,21.956,21.964,21.979,21.987,22.002,22.025,22.033,22.041,22.056,22.071,22.094,22.117,22.140,22.186,22.239,22.254,22.247,22.216,22.193,22.247,22.300,22.330,22.323,22.330,22.338,22.338,22.346,22.376,22.384,22.407,22.574,22.832,23.105,23.414,23.978,24.859,25.938,27.145,28.230,29.211,30.028,30.592,30.698,30.599,30.564,30.627,30.677,30.656,30.550,30.395,30.275,30.212,30.155,30.091,29.999,29.914,29.836,29.758,29.673,29.609,29.538,29.474,29.403,29.368,29.360,29.375,29.396,29.410,29.425,29.467,29.531,29.588,29.631,29.659,29.702,29.773,29.844,29.914,29.999,30.084,30.148,30.204,30.275,30.381,30.487,30.571,30.557,30.578,30.627,30.663,30.564,30.388,30.219,30.056,29.858,29.517,29.132,28.718,28.258,27.688,27.028,26.312,25.651,25.133,24.732,24.457,24.345,24.315,24.307,24.330,24.382,24.345,24.277,24.210,24.180,24.150,24.120,24.075,24.038,24.015,24.000,23.978,23.955,23.918,23.880,23.850,23.828,23.783,23.723,23.663,23.617,23.557,23.489,23.422,23.346,23.286,23.233,23.180,23.120,23.059,22.991,22.931,22.878,22.817,22.756,22.703,22.665,22.635,22.604,22.566,22.513,22.483,22.460,22.437,22.414,22.376,22.361,22.361,22.315,22.308,22.300,22.292,22.292,22.292,22.292,22.285,22.262,22.231,22.209,22.201,22.209,22.224,22.239,22.254,22.254,22.247,22.239,22.231,22.231,22.224,22.224,22.224,22.231,22.247,22.262,22.270,22.277,22.285,22.292,22.308,22.323,22.338,22.353,22.369,22.369,22.376,22.376,22.384,22.407,22.422,22.445,22.460,22.460,22.468,22.460,22.452,22.452,22.437,22.429,22.422,22.422,22.414,22.407,22.399,22.384,22.376,22.361,22.346,22.323,22.315,22.292,22.270,22.254,22.247,22.224,22.201,22.170,22.147,22.117,22.094,22.071,22.063,22.063,22.056,22.041,22.041,22.033,22.018,22.002,21.995,21.979,21.956,21.941,21.934,21.918,21.903,21.895,21.895,21.888,21.880,21.872,21.857,21.834,21.819,21.796,21.780,21.765,21.750,21.727,21.719,21.704,21.688,21.665,21.658,21.642,21.627,21.612,21.589,21.573,21.558,21.535,21.520,21.504,21.481,21.458,21.443,21.427,21.412,21.397,21.381,21.366,21.351,21.335,21.320,21.312,21.297,21.289,21.281,21.266,21.258,21.243,21.235,21.220,21.204,21.189,21.173,21.158,21.150,21.135,21.135,21.135,21.127,21.119,21.104,21.096,21.081,21.081,21.081,21.081,21.081,21.081,21.081,21.089,21.089,21.089,21.089,21.081,21.081,21.081,21.073,21.073,21.065,21.050,21.042,21.035,21.027,21.011,21.004,21.004,21.004,21.011,21.027,21.042,21.050,21.065,21.081,21.089,21.104,21.112,21.127,21.135,21.143,21.143,21.135,21.127,21.119,21.119,21.119,21.112,21.112,21.112,21.112,21.112,21.119,21.127,21.127,21.135,21.143,21.158,21.173,21.189,21.212,21.235,21.250,21.274,21.297,21.320,21.327,21.343,21.351,21.358,21.358,21.366,21.374,21.374,21.374,21.374,21.389,21.389,21.404,21.420,21.435,21.466,21.497,21.520,21.535,21.535,21.520,21.512,21.504,21.504,21.504,21.520,21.535,21.566,21.589,21.612,21.627,21.635,21.635
,22.308,22.300,22.285,22.262,22.239,22.216,22.201,22.193,22.186,22.170,22.155,22.147,22.125,22.102,22.079,22.063,22.041,22.018,21.995,21.987,21.964,21.941,21.918,21.903,21.880,21.865,21.849,21.849,21.842,21.834,21.819,21.811,21.803,21.803,21.796,21.796,21.803,21.811,21.819,21.834,21.849,21.865,21.865,21.872,21.880,21.872,21.872,21.865,21.857,21.842,21.842,21.826,21.819,21.811,21.811,21.811,21.811,21.803,21.803,21.803,21.803,21.803,21.796,21.788,21.788,21.803,21.819,21.849,21.872,21.888,21.903,21.903,21.903,21.903,21.903,21.903,21.903,21.903,21.911,21.918,21.934,21.941,21.964,21.972,21.987,22.010,22.025,22.033,22.048,22.071,22.102,22.117,22.140,22.170,22.247,22.277,22.285,22.270,22.308,22.315,22.330,22.369,22.353,22.338,22.338,22.346,22.361,22.391,22.399,22.414,22.521,22.756,23.029,23.331,23.760,24.486,25.459,26.598,27.732,28.775,29.624,30.212,30.388,30.310,30.275,30.332,30.458,30.466,30.388,30.240,30.155,30.113,30.063,29.992,29.907,29.829,29.751,29.666,29.574,29.503,29.439,29.375,29.296,29.254,29.247,29.261,29.289,29.296,29.311,29.353,29.432,29.489,29.524,29.553,29.609,29.680,29.758,29.829,29.922,30.006,30.070,30.127,30.204,30.289,30.374,30.437,30.423,30.444,30.480,30.494,30.381,30.176,29.985,29.815,29.595,29.239,28.825,28.366,27.876,27.261,26.634,26.012,25.363,24.926,24.643,24.471,24.374,24.374,24.404,24.457,24.501,24.471,24.427,24.367,24.352,24.322,24.277,24.232,24.180,24.150,24.120,24.083,24.045,24.008,23.963,23.933,23.918,23.873,23.828,23.783,23.723,23.663,23.602,23.527,23.452,23.392,23.331,23.263,23.188,23.127,23.059,22.991,22.915,22.855,22.794,22.741,22.696,22.658,22.620,22.582,22.536,22.498,22.460,22.437,22.422,22.391,22.369,22.361,22.361,22.323,22.292,22.292,22.292,22.292,22.292,22.277,22.254,22.231,22.216,22.209,22.209,22.224,22.239,22.254,22.254,22.247,22.239,22.239,22.231,22.224,22.224,22.224,22.224,22.231,22.247,22.262,22.270,22.270,22.285,22.300,22.315,22.338,22.353,22.369,22.369,22.376,22.376,22.384,22.407,22.422,22.445,22.460,22.460,22.468,22.460,22.452,22.452,22.445,22.437,22.422,22.422,22.422,22.422,22.407,22.399,22.391,22.376,22.361,22.346,22.323,22.308,22.285,22.270,22.254,22.239,22.216,22.186,22.163,22.140,22.117,22.094,22.086,22.079,22.071,22.056,22.048,22.041,22.025,22.018,22.002,21.987,21.972,21.956,21.941,21.926,21.911,21.903,21.903,21.888,21.872,21.865,21.849,21.834,21.811,21.788,21.773,21.757,21.742,21.734,21.734,21.727,21.711,21.688,21.673,21.642,21.612,21.589,21.573,21.558,21.535,21.520,21.512,21.497,21.481,21.466,21.450,21.427,21.404,21.381,21.374,21.358,21.343,21.327,21.312,21.304,21.289,21.274,21.266,21.258,21.243,21.227,21.220,21.204,21.189,21.173,21.166,21.150,21.135,21.127,21.119,21.119,21.119,21.104,21.096,21.089,21.081,21.081,21.081,21.081,21.081,21.081,21.081,21.089,21.089,21.089,21.089,21.089,21.089,21.089,21.089,21.089,21.081,21.073,21.065,21.058,21.050,21.042,21.035,21.035,21.035,21.035,21.042,21.050,21.065,21.073,21.089,21.096,21.112,21.119,21.127,21.135,21.143,21.143,21.135,21.127,21.119,21.119,21.119,21.119,21.119,21.112,21.119,21.119,21.127,21.127,21.135,21.143,21.158,21.173,21.181,21.197,21.220,21.243,21.258,21.274,21.297,21.320,21.335,21.351,21.366,21.374,21.374,21.374,21.374,21.374,21.374,21.374,21.381,21.389,21.404,21.427,21.450,21.474,21.497,21.512,21.527,21.527,21.512,21.512,21.504,21.504,21.504,21.512,21.527,21.558,21.581,21.604,21.619,21.627,21.627
,22.308,22.300,22.277,22.254,22.231,22.209,22.193,22.186,22.178,22.163,22.147,22.132,22.117,22.094,22.071,22.048,22.033,22.002,21.987,21.972,21.956,21.934,21.911,21.888,21.865,21.849,21.834,21.834,21.826,21.819,21.811,21.803,21.796,21.796,21.788,21.796,21.796,21.811,21.819,21.826,21.842,21.849,21.857,21.865,21.865,21.865,21.865,21.857,21.849,21.842,21.834,21.826,21.819,21.811,21.803,21.796,21.796,21.796,21.788,21.788,21.788,21.788,21.788,21.780,21.780,21.796,21.811,21.834,21.849,21.872,21.880,21.880,21.880,21.888,21.880,21.880,21.880,21.880,21.888,21.895,21.911,21.926,21.941,21.956,21.979,22.002,22.018,22.033,22.048,22.071,22.109,22.132,22.147,22.163,22.209,22.262,22.285,22.292,22.315,22.315,22.338,22.376,22.384,22.369,22.353,22.361,22.399,22.422,22.414,22.407,22.490,22.696,22.923,23.165,23.497,24.113,24.992,26.085,27.225,28.294,29.182,29.822,30.084,30.056,30.042,30.120,30.254,30.282,30.226,30.098,30.028,29.992,29.950,29.893,29.808,29.730,29.645,29.553,29.460,29.403,29.346,29.282,29.197,29.154,29.147,29.161,29.189,29.197,29.211,29.254,29.332,29.389,29.432,29.467,29.510,29.581,29.659,29.737,29.836,29.914,29.978,30.035,30.098,30.190,30.275,30.324,30.296,30.310,30.332,30.324,30.190,29.971,29.758,29.560,29.325,28.954,28.510,27.999,27.464,26.861,26.232,25.614,25.096,24.769,24.553,24.427,24.397,24.419,24.471,24.539,24.591,24.561,24.501,24.442,24.427,24.397,24.359,24.307,24.262,24.232,24.203,24.173,24.143,24.098,24.060,24.030,24.008,23.970,23.925,23.873,23.820,23.760,23.700,23.617,23.542,23.482,23.422,23.354,23.263,23.188,23.120,23.052,22.961,22.893,22.824,22.771,22.718,22.673,22.635,22.597,22.551,22.506,22.468,22.445,22.429,22.399,22.376,22.361,22.353,22.323,22.292,22.285,22.285,22.292,22.292,22.277,22.254,22.231,22.216,22.209,22.216,22.231,22.247,22.254,22.254,22.254,22.254,22.247,22.231,22.224,22.216,22.209,22.209,22.216,22.231,22.247,22.254,22.262,22.270,22.292,22.308,22.330,22.346,22.361,22.369,22.369,22.369,22.376,22.399,22.414,22.429,22.445,22.452,22.452,22.452,22.445,22.445,22.437,22.429,22.422,22.422,22.422,22.414,22.407,22.399,22.399,22.384,22.369,22.353,22.330,22.315,22.292,22.270,22.254,22.239,22.216,22.193,22.170,22.147,22.125,22.109,22.102,22.094,22.079,22.063,22.048,22.041,22.025,22.010,22.002,21.995,21.979,21.972,21.956,21.941,21.926,21.911,21.895,21.888,21.865,21.857,21.842,21.826,21.811,21.780,21.765,21.750,21.734,21.734,21.750,21.750,21.734,21.711,21.681,21.642,21.604,21.573,21.558,21.543,21.520,21.512,21.504,21.497,21.481,21.458,21.443,21.420,21.397,21.374,21.366,21.351,21.335,21.320,21.304,21.297,21.281,21.266,21.258,21.243,21.227,21.212,21.197,21.189,21.173,21.150,21.135,21.119,21.112,21.104,21.096,21.096,21.096,21.089,21.081,21.073,21.073,21.073,21.073,21.073,21.081,21.081,21.081,21.081,21.081,21.081,21.089,21.089,21.089,21.089,21.096,21.096,21.096,21.096,21.096,21.089,21.089,21.081,21.073,21.073,21.065,21.065,21.058,21.065,21.065,21.073,21.081,21.096,21.104,21.119,21.127,21.127,21.127,21.127,21.127,21.127,21.119,21.119,21.119,21.119,21.119,21.119,21.119,21.119,21.127,21.127,21.143,21.150,21.166,21.173,21.189,21.204,21.220,21.235,21.250,21.266,21.289,21.320,21.343,21.358,21.374,21.381,21.381,21.374,21.374,21.366,21.358,21.358,21.366,21.381,21.404,21.427,21.450,21.466,21.489,21.497,21.512,21.512,21.512,21.512,21.512,21.512,21.512,21.512,21.520,21.550,21.573,21.589,21.604,21.612,21.612
,22.292,22.285,22.270,22.254,22.224,22.201,22.186,22.178,22.170,22.147,22.132,22.125,22.102,22.086,22.056,22.041,22.018,21.987,21.972,21.964,21.941,21.926,21.895,21.872,21.849,21.834,21.819,21.811,21.811,21.803,21.796,21.788,21.780,21.780,21.780,21.780,21.796,21.803,21.811,21.819,21.826,21.842,21.842,21.849,21.849,21.849,21.849,21.849,21.842,21.834,21.826,21.819,21.811,21.803,21.796,21.788,21.780,21.780,21.773,21.773,21.773,21.773,21.773,21.773,21.773,21.780,21.796,21.811,21.826,21.842,21.849,21.849,21.857,21.857,21.857,21.849,21.849,21.849,21.857,21.872,21.888,21.903,21.918,21.941,21.956,21.987,22.010,22.025,22.041,22.063,22.102,22.125,22.140,22.147,22.163,22.209,22.254,22.285,22.292,22.292,22.323,22.376,22.399,22.384,22.369,22.376,22.422,22.445,22.437,22.414,22.483,22.665,22.847,23.037,23.324,23.843,24.621,25.643,26.773,27.847,28.761,29.460,29.787,29.844,29.879,29.971,30.084,30.127,30.084,29.971,29.900,29.865,29.829,29.780,29.695,29.617,29.524,29.432,29.346,29.296,29.247,29.182,29.097,29.068,29.061,29.075,29.104,29.111,29.118,29.161,29.232,29.289,29.339,29.375,29.417,29.489,29.560,29.638,29.737,29.822,29.886,29.929,29.992,30.077,30.148,30.190,30.155,30.162,30.169,30.148,29.999,29.751,29.517,29.304,29.047,28.660,28.179,27.631,27.065,26.488,25.864,25.252,24.859,24.635,24.479,24.382,24.412,24.464,24.531,24.598,24.643,24.598,24.539,24.471,24.457,24.427,24.397,24.359,24.322,24.307,24.285,24.262,24.240,24.203,24.165,24.135,24.120,24.083,24.030,23.963,23.910,23.858,23.790,23.708,23.632,23.565,23.497,23.429,23.339,23.256,23.173,23.097,23.014,22.931,22.855,22.794,22.749,22.703,22.658,22.612,22.566,22.521,22.490,22.460,22.437,22.414,22.391,22.369,22.353,22.330,22.300,22.285,22.285,22.292,22.292,22.277,22.254,22.231,22.216,22.209,22.216,22.231,22.247,22.262,22.262,22.262,22.254,22.247,22.231,22.216,22.201,22.193,22.193,22.201,22.216,22.231,22.239,22.247,22.262,22.277,22.300,22.323,22.338,22.353,22.361,22.361,22.369,22.376,22.391,22.407,22.422,22.429,22.437,22.437,22.437,22.437,22.437,22.429,22.429,22.422,22.422,22.422,22.414,22.407,22.407,22.399,22.384,22.369,22.353,22.338,22.315,22.292,22.270,22.254,22.239,22.216,22.193,22.178,22.163,22.140,22.125,22.117,22.102,22.086,22.063,22.048,22.033,22.018,22.010,22.010,22.002,21.995,21.979,21.972,21.956,21.941,21.911,21.895,21.880,21.857,21.842,21.834,21.819,21.811,21.780,21.757,21.742,21.734,21.742,21.757,21.765,21.757,21.727,21.681,21.635,21.589,21.558,21.543,21.527,21.512,21.497,21.497,21.497,21.481,21.458,21.435,21.412,21.389,21.374,21.358,21.343,21.327,21.312,21.297,21.289,21.274,21.258,21.243,21.235,21.212,21.197,21.181,21.166,21.150,21.135,21.119,21.104,21.089,21.081,21.081,21.073,21.073,21.073,21.065,21.065,21.065,21.065,21.065,21.073,21.073,21.073,21.073,21.073,21.073,21.073,21.081,21.081,21.081,21.089,21.089,21.096,21.096,21.104,21.112,21.112,21.119,21.112,21.104,21.096,21.089,21.081,21.073,21.073,21.073,21.073,21.081,21.089,21.096,21.112,21.112,21.119,21.119,21.119,21.119,21.119,21.112,21.112,21.112,21.112,21.112,21.112,21.112,21.119,21.127,21.135,21.143,21.158,21.173,21.181,21.189,21.204,21.220,21.235,21.243,21.258,21.281,21.312,21.343,21.366,21.381,21.389,21.381,21.374,21.366,21.358,21.351,21.343,21.351,21.366,21.389,21.420,21.443,21.458,21.474,21.481,21.489,21.497,21.504,21.504,21.504,21.504,21.504,21.504,21.512,21.535,21.558,21.573,21.589,21.589,21.589
,22.285,22.277,22.270,22.247,22.216,22.193,22.178,22.170,22.155,22.140,22.125,22.109,22.094,22.071,22.048,22.025,22.002,21.979,21.964,21.949,21.934,21.911,21.880,21.857,21.834,21.819,21.803,21.796,21.796,21.796,21.780,21.773,21.765,21.765,21.765,21.773,21.780,21.788,21.796,21.803,21.811,21.819,21.826,21.834,21.834,21.834,21.834,21.834,21.826,21.819,21.803,21.803,21.796,21.788,21.773,21.773,21.765,21.757,21.750,21.750,21.750,21.757,21.750,21.750,21.750,21.757,21.773,21.780,21.796,21.803,21.811,21.819,21.819,21.826,21.826,21.819,21.819,21.819,21.826,21.834,21.849,21.872,21.895,21.911,21.934,21.964,21.987,22.010,22.033,22.048,22.063,22.094,22.117,22.125,22.125,22.155,22.193,22.239,22.254,22.262,22.292,22.353,22.391,22.384,22.376,22.384,22.429,22.460,22.460,22.437,22.483,22.658,22.824,22.976,23.248,23.678,24.367,25.311,26.422,27.479,28.395,29.132,29.524,29.680,29.787,29.893,29.964,30.006,29.964,29.858,29.780,29.744,29.702,29.652,29.581,29.489,29.389,29.296,29.225,29.182,29.132,29.068,29.004,28.975,28.975,29.004,29.032,29.032,29.040,29.068,29.140,29.204,29.247,29.282,29.332,29.403,29.474,29.538,29.645,29.730,29.787,29.829,29.879,29.950,30.006,30.035,29.999,29.985,29.985,29.964,29.794,29.517,29.261,29.047,28.775,28.352,27.847,27.275,26.707,26.151,25.548,24.963,24.658,24.516,24.419,24.367,24.419,24.501,24.576,24.635,24.680,24.635,24.568,24.509,24.494,24.479,24.464,24.442,24.419,24.412,24.404,24.389,24.374,24.345,24.300,24.262,24.255,24.210,24.143,24.068,24.015,23.955,23.888,23.805,23.730,23.655,23.580,23.505,23.429,23.331,23.233,23.142,23.074,22.976,22.893,22.817,22.779,22.741,22.688,22.627,22.589,22.551,22.513,22.483,22.460,22.429,22.407,22.384,22.369,22.346,22.315,22.292,22.292,22.292,22.292,22.277,22.254,22.231,22.216,22.209,22.216,22.231,22.247,22.262,22.262,22.262,22.254,22.247,22.231,22.209,22.193,22.178,22.178,22.193,22.216,22.231,22.239,22.239,22.254,22.270,22.292,22.308,22.323,22.346,22.353,22.361,22.361,22.376,22.384,22.399,22.407,22.407,22.422,22.422,22.422,22.422,22.422,22.429,22.422,22.422,22.422,22.414,22.414,22.407,22.407,22.399,22.384,22.369,22.353,22.338,22.315,22.292,22.270,22.254,22.239,22.216,22.201,22.186,22.178,22.155,22.140,22.125,22.117,22.094,22.071,22.056,22.041,22.025,22.018,22.018,22.010,21.995,21.987,21.979,21.964,21.949,21.918,21.895,21.872,21.849,21.834,21.826,21.819,21.803,21.780,21.757,21.742,21.734,21.742,21.765,21.773,21.765,21.727,21.681,21.635,21.589,21.550,21.535,21.520,21.504,21.497,21.497,21.489,21.481,21.458,21.435,21.412,21.389,21.366,21.351,21.343,21.320,21.304,21.297,21.281,21.266,21.250,21.235,21.220,21.204,21.181,21.166,21.150,21.135,21.119,21.096,21.089,21.073,21.073,21.065,21.065,21.058,21.058,21.058,21.058,21.058,21.058,21.065,21.065,21.065,21.065,21.065,21.058,21.058,21.065,21.065,21.073,21.073,21.081,21.081,21.081,21.089,21.104,21.112,21.119,21.127,21.127,21.119,21.112,21.104,21.089,21.081,21.073,21.065,21.065,21.073,21.081,21.089,21.096,21.104,21.104,21.112,21.112,21.112,21.112,21.104,21.104,21.104,21.104,21.104,21.104,21.112,21.112,21.127,21.135,21.150,21.166,21.181,21.197,21.197,21.204,21.220,21.227,21.235,21.250,21.274,21.312,21.343,21.366,21.389,21.389,21.389,21.381,21.366,21.358,21.343,21.335,21.343,21.358,21.389,21.412,21.443,21.450,21.458,21.466,21.474,21.481,21.489,21.497,21.497,21.497,21.497,21.497,21.504,21.527,21.543,21.558,21.566,21.573,21.573
,22.277,22.270,22.254,22.231,22.209,22.186,22.170,22.163,22.155,22.132,22.109,22.102,22.079,22.056,22.033,22.018,21.995,21.972,21.949,21.941,21.926,21.903,21.872,21.849,21.826,21.803,21.788,21.788,21.780,21.780,21.765,21.757,21.750,21.750,21.757,21.757,21.765,21.773,21.788,21.788,21.796,21.803,21.811,21.819,21.819,21.819,21.819,21.811,21.811,21.803,21.788,21.780,21.780,21.773,21.757,21.750,21.750,21.742,21.734,21.734,21.734,21.734,21.734,21.734,21.734,21.734,21.742,21.750,21.757,21.765,21.773,21.780,21.788,21.788,21.788,21.788,21.788,21.788,21.796,21.811,21.826,21.849,21.865,21.880,21.903,21.934,21.964,21.987,22.010,22.041,22.048,22.056,22.071,22.086,22.102,22.125,22.147,22.178,22.216,22.224,22.254,22.315,22.376,22.369,22.369,22.384,22.445,22.475,22.468,22.452,22.498,22.680,22.855,23.006,23.210,23.572,24.232,25.185,26.283,27.290,28.172,28.890,29.389,29.617,29.744,29.829,29.893,29.929,29.893,29.787,29.702,29.652,29.588,29.510,29.439,29.360,29.268,29.161,29.090,29.054,29.011,28.947,28.875,28.854,28.861,28.890,28.925,28.925,28.932,28.961,29.040,29.104,29.154,29.189,29.254,29.325,29.396,29.474,29.560,29.638,29.709,29.758,29.794,29.851,29.893,29.907,29.858,29.836,29.829,29.794,29.588,29.282,28.997,28.768,28.488,28.049,27.529,26.963,26.400,25.783,25.230,24.784,24.516,24.397,24.359,24.374,24.419,24.516,24.621,24.725,24.807,24.792,24.755,24.717,24.725,24.740,24.740,24.732,24.710,24.702,24.688,24.665,24.621,24.561,24.494,24.427,24.404,24.352,24.285,24.210,24.143,24.075,24.008,23.933,23.835,23.775,23.693,23.595,23.505,23.414,23.309,23.188,23.105,23.029,22.946,22.862,22.809,22.771,22.726,22.665,22.612,22.582,22.551,22.513,22.483,22.445,22.422,22.399,22.384,22.353,22.323,22.292,22.292,22.292,22.292,22.277,22.254,22.231,22.216,22.209,22.209,22.231,22.254,22.262,22.262,22.254,22.247,22.231,22.216,22.193,22.178,22.170,22.178,22.193,22.216,22.239,22.239,22.247,22.254,22.270,22.285,22.300,22.315,22.330,22.346,22.361,22.369,22.376,22.384,22.391,22.391,22.399,22.407,22.414,22.422,22.422,22.422,22.429,22.422,22.422,22.422,22.414,22.407,22.407,22.399,22.391,22.384,22.369,22.353,22.338,22.323,22.300,22.277,22.262,22.247,22.224,22.209,22.193,22.178,22.163,22.147,22.132,22.117,22.102,22.079,22.063,22.041,22.025,22.025,22.018,22.010,22.002,21.995,21.979,21.964,21.949,21.918,21.895,21.872,21.849,21.834,21.826,21.826,21.811,21.788,21.765,21.750,21.742,21.742,21.757,21.765,21.757,21.719,21.681,21.635,21.589,21.558,21.543,21.527,21.512,21.504,21.497,21.497,21.481,21.466,21.443,21.420,21.397,21.374,21.358,21.343,21.327,21.312,21.297,21.281,21.258,21.235,21.227,21.212,21.189,21.173,21.158,21.143,21.119,21.104,21.089,21.081,21.073,21.065,21.065,21.065,21.058,21.058,21.058,21.058,21.058,21.058,21.058,21.058,21.058,21.058,21.050,21.050,21.050,21.058,21.058,21.065,21.065,21.065,21.065,21.065,21.065,21.081,21.089,21.104,21.112,21.112,21.104,21.096,21.089,21.073,21.065,21.058,21.058,21.065,21.065,21.073,21.081,21.089,21.096,21.104,21.112,21.112,21.112,21.112,21.104,21.104,21.104,21.104,21.104,21.104,21.112,21.119,21.135,21.143,21.158,21.173,21.197,21.204,21.212,21.220,21.227,21.235,21.235,21.250,21.266,21.304,21.335,21.366,21.389,21.397,21.397,21.389,21.381,21.366,21.343,21.335,21.335,21.351,21.381,21.404,21.427,21.443,21.443,21.450,21.458,21.474,21.474,21.481,21.489,21.489,21.481,21.481,21.489,21.504,21.527,21.543,21.550,21.550,21.550
,22.270,22.270,22.247,22.231,22.209,22.186,22.163,22.155,22.147,22.125,22.102,22.086,22.071,22.048,22.025,22.010,21.995,21.972,21.949,21.941,21.926,21.895,21.872,21.842,21.819,21.796,21.780,21.773,21.773,21.773,21.757,21.750,21.742,21.734,21.742,21.750,21.757,21.757,21.765,21.773,21.780,21.788,21.796,21.796,21.803,21.803,21.803,21.796,21.796,21.780,21.773,21.765,21.757,21.750,21.742,21.734,21.734,21.727,21.719,21.719,21.719,21.719,21.719,21.719,21.719,21.719,21.727,21.727,21.734,21.742,21.742,21.750,21.750,21.757,21.757,21.757,21.765,21.773,21.780,21.796,21.811,21.826,21.842,21.865,21.880,21.911,21.934,21.964,21.979,22.002,22.033,22.041,22.041,22.048,22.071,22.102,22.125,22.147,22.163,22.186,22.224,22.277,22.338,22.346,22.346,22.369,22.445,22.490,22.498,22.475,22.513,22.680,22.840,22.984,23.150,23.459,24.060,24.940,26.004,26.970,27.826,28.546,29.154,29.467,29.638,29.716,29.787,29.808,29.758,29.652,29.560,29.503,29.439,29.368,29.289,29.204,29.111,29.011,28.940,28.904,28.861,28.804,28.718,28.696,28.711,28.754,28.789,28.789,28.797,28.832,28.918,28.982,29.040,29.082,29.147,29.225,29.296,29.382,29.474,29.545,29.609,29.652,29.702,29.751,29.780,29.780,29.723,29.688,29.673,29.631,29.417,29.118,28.832,28.560,28.237,27.782,27.254,26.693,26.158,25.533,24.992,24.606,24.419,24.337,24.322,24.359,24.434,24.553,24.702,24.851,24.985,25.007,25.000,24.977,24.992,25.015,25.022,25.007,24.977,24.955,24.940,24.911,24.844,24.762,24.673,24.591,24.553,24.501,24.434,24.352,24.277,24.217,24.150,24.060,23.948,23.873,23.790,23.693,23.587,23.489,23.392,23.278,23.165,23.082,23.006,22.931,22.855,22.802,22.756,22.718,22.650,22.597,22.566,22.536,22.498,22.452,22.422,22.399,22.384,22.353,22.315,22.292,22.277,22.277,22.277,22.270,22.247,22.231,22.216,22.209,22.209,22.224,22.247,22.262,22.262,22.247,22.239,22.224,22.201,22.186,22.170,22.163,22.178,22.201,22.224,22.254,22.254,22.254,22.262,22.270,22.285,22.292,22.308,22.323,22.338,22.361,22.369,22.376,22.384,22.384,22.384,22.384,22.391,22.407,22.414,22.422,22.422,22.429,22.422,22.422,22.422,22.414,22.407,22.399,22.391,22.384,22.376,22.369,22.346,22.338,22.323,22.300,22.285,22.262,22.247,22.231,22.209,22.193,22.178,22.163,22.147,22.132,22.117,22.102,22.086,22.063,22.048,22.033,22.025,22.018,22.010,22.002,21.987,21.979,21.964,21.941,21.918,21.895,21.872,21.849,21.834,21.834,21.826,21.819,21.796,21.780,21.765,21.750,21.750,21.750,21.750,21.734,21.704,21.673,21.635,21.596,21.573,21.558,21.543,21.535,21.520,21.512,21.504,21.489,21.466,21.443,21.427,21.404,21.381,21.374,21.351,21.335,21.312,21.297,21.274,21.250,21.235,21.220,21.204,21.189,21.166,21.150,21.135,21.119,21.104,21.096,21.081,21.073,21.065,21.065,21.065,21.058,21.058,21.058,21.058,21.050,21.050,21.050,21.050,21.042,21.042,21.042,21.035,21.035,21.042,21.050,21.050,21.050,21.050,21.042,21.035,21.042,21.050,21.058,21.073,21.081,21.081,21.073,21.065,21.058,21.050,21.050,21.042,21.042,21.050,21.058,21.065,21.073,21.089,21.096,21.096,21.104,21.104,21.112,21.112,21.104,21.104,21.096,21.096,21.096,21.104,21.104,21.119,21.135,21.150,21.166,21.181,21.197,21.212,21.220,21.227,21.235,21.243,21.243,21.250,21.266,21.297,21.335,21.358,21.381,21.397,21.397,21.397,21.389,21.374,21.351,21.335,21.335,21.351,21.374,21.397,21.420,21.427,21.435,21.443,21.450,21.458,21.458,21.466,21.474,21.474,21.466,21.474,21.481,21.497,21.512,21.527,21.535,21.535,21.535
,22.270,22.262,22.247,22.224,22.201,22.178,22.163,22.155,22.140,22.117,22.094,22.079,22.063,22.041,22.018,22.002,21.987,21.972,21.949,21.934,21.918,21.888,21.857,21.834,21.811,21.788,21.773,21.765,21.765,21.757,21.742,21.734,21.727,21.727,21.727,21.734,21.742,21.750,21.750,21.757,21.765,21.773,21.773,21.780,21.788,21.788,21.780,21.780,21.773,21.765,21.757,21.750,21.742,21.734,21.727,21.719,21.719,21.711,21.711,21.704,21.696,21.696,21.696,21.696,21.696,21.696,21.704,21.704,21.704,21.704,21.711,21.711,21.719,21.727,21.727,21.727,21.742,21.750,21.765,21.773,21.788,21.803,21.826,21.842,21.857,21.880,21.911,21.934,21.956,21.979,22.010,22.025,22.025,22.025,22.048,22.071,22.102,22.125,22.132,22.147,22.178,22.224,22.285,22.292,22.300,22.330,22.437,22.498,22.521,22.513,22.559,22.711,22.847,22.961,23.112,23.376,23.888,24.658,25.680,26.598,27.428,28.186,28.868,29.282,29.503,29.588,29.631,29.645,29.595,29.496,29.403,29.339,29.275,29.204,29.132,29.040,28.947,28.847,28.782,28.754,28.711,28.646,28.567,28.546,28.567,28.610,28.653,28.653,28.675,28.711,28.789,28.868,28.918,28.961,29.032,29.118,29.197,29.275,29.368,29.446,29.503,29.545,29.588,29.638,29.666,29.659,29.595,29.545,29.517,29.460,29.247,28.961,28.660,28.366,27.999,27.529,27.006,26.444,25.923,25.333,24.821,24.457,24.337,24.300,24.307,24.359,24.486,24.635,24.829,25.037,25.215,25.274,25.274,25.259,25.274,25.289,25.289,25.267,25.222,25.193,25.170,25.141,25.074,24.985,24.873,24.777,24.732,24.665,24.591,24.494,24.419,24.359,24.277,24.180,24.068,23.985,23.888,23.790,23.693,23.580,23.474,23.369,23.256,23.150,23.067,22.999,22.915,22.840,22.787,22.741,22.688,22.620,22.574,22.544,22.513,22.468,22.422,22.399,22.376,22.338,22.308,22.277,22.270,22.262,22.254,22.247,22.247,22.247,22.231,22.209,22.209,22.224,22.239,22.254,22.254,22.247,22.231,22.209,22.186,22.170,22.163,22.163,22.178,22.209,22.239,22.262,22.270,22.262,22.262,22.270,22.277,22.285,22.300,22.308,22.330,22.353,22.369,22.384,22.384,22.376,22.376,22.376,22.376,22.391,22.399,22.414,22.414,22.422,22.414,22.414,22.414,22.407,22.399,22.391,22.384,22.376,22.369,22.353,22.338,22.330,22.315,22.300,22.285,22.270,22.254,22.231,22.216,22.201,22.186,22.163,22.147,22.132,22.125,22.109,22.086,22.071,22.056,22.041,22.025,22.018,22.010,21.995,21.979,21.979,21.964,21.941,21.918,21.895,21.872,21.857,21.842,21.842,21.834,21.826,21.803,21.788,21.773,21.757,21.742,21.742,21.734,21.711,21.688,21.665,21.635,21.612,21.589,21.581,21.566,21.550,21.535,21.527,21.512,21.489,21.474,21.450,21.435,21.412,21.397,21.381,21.366,21.343,21.320,21.297,21.281,21.258,21.235,21.227,21.212,21.189,21.166,21.158,21.143,21.127,21.112,21.096,21.089,21.081,21.073,21.073,21.073,21.065,21.065,21.058,21.058,21.050,21.050,21.050,21.042,21.035,21.035,21.035,21.035,21.035,21.035,21.042,21.042,21.042,21.035,21.027,21.019,21.011,21.019,21.027,21.042,21.050,21.050,21.042,21.042,21.035,21.035,21.035,21.035,21.035,21.042,21.050,21.058,21.065,21.081,21.089,21.096,21.104,21.104,21.112,21.112,21.104,21.104,21.096,21.089,21.089,21.096,21.104,21.119,21.135,21.150,21.173,21.189,21.204,21.220,21.227,21.235,21.243,21.250,21.250,21.250,21.266,21.297,21.327,21.351,21.374,21.389,21.397,21.397,21.389,21.374,21.351,21.335,21.327,21.343,21.358,21.381,21.404,21.412,21.420,21.435,21.443,21.450,21.450,21.450,21.450,21.450,21.450,21.458,21.466,21.481,21.504,21.512,21.520,21.527,21.527
,22.262,22.254,22.247,22.224,22.201,22.170,22.155,22.147,22.132,22.109,22.086,22.071,22.056,22.033,22.010,21.995,21.979,21.964,21.941,21.926,21.903,21.880,21.849,21.826,21.803,21.780,21.765,21.750,21.750,21.742,21.727,21.719,21.711,21.711,21.711,21.719,21.727,21.727,21.734,21.742,21.750,21.750,21.757,21.765,21.765,21.765,21.765,21.765,21.757,21.750,21.734,21.734,21.719,21.711,21.704,21.704,21.704,21.696,21.688,21.688,21.681,21.673,21.673,21.681,21.681,21.681,21.673,21.673,21.673,21.673,21.673,21.681,21.681,21.688,21.696,21.704,21.711,21.727,21.742,21.750,21.765,21.780,21.803,21.811,21.834,21.857,21.880,21.911,21.941,21.972,21.979,22.002,22.010,22.018,22.025,22.048,22.071,22.109,22.109,22.117,22.132,22.178,22.224,22.224,22.231,22.285,22.414,22.498,22.536,22.559,22.635,22.771,22.885,22.976,23.120,23.339,23.753,24.404,25.370,26.224,27.050,27.847,28.574,29.082,29.368,29.460,29.467,29.467,29.417,29.332,29.247,29.182,29.111,29.047,28.990,28.897,28.782,28.682,28.646,28.617,28.574,28.503,28.438,28.424,28.445,28.495,28.539,28.546,28.560,28.603,28.682,28.761,28.811,28.847,28.918,29.018,29.097,29.168,29.254,29.346,29.403,29.439,29.474,29.531,29.560,29.545,29.481,29.417,29.360,29.289,29.075,28.775,28.474,28.172,27.768,27.290,26.773,26.224,25.688,25.155,24.695,24.352,24.262,24.277,24.315,24.389,24.568,24.769,25.000,25.259,25.496,25.562,25.562,25.525,25.540,25.562,25.562,25.533,25.466,25.437,25.415,25.400,25.341,25.230,25.111,25.000,24.955,24.866,24.755,24.635,24.561,24.486,24.404,24.300,24.203,24.105,24.000,23.895,23.805,23.693,23.572,23.452,23.361,23.241,23.135,23.059,22.984,22.900,22.817,22.756,22.726,22.658,22.597,22.551,22.528,22.483,22.429,22.391,22.369,22.338,22.300,22.270,22.262,22.254,22.231,22.209,22.247,22.262,22.254,22.224,22.209,22.216,22.231,22.239,22.239,22.231,22.216,22.201,22.178,22.163,22.155,22.155,22.178,22.209,22.247,22.270,22.277,22.270,22.262,22.270,22.270,22.277,22.285,22.300,22.323,22.346,22.369,22.384,22.384,22.369,22.361,22.353,22.361,22.369,22.384,22.391,22.399,22.407,22.407,22.399,22.399,22.399,22.391,22.376,22.376,22.369,22.361,22.346,22.338,22.330,22.315,22.300,22.285,22.277,22.262,22.239,22.224,22.209,22.186,22.163,22.147,22.140,22.132,22.109,22.094,22.086,22.071,22.048,22.033,22.025,22.018,21.995,21.979,21.972,21.956,21.934,21.918,21.903,21.880,21.865,21.849,21.849,21.842,21.826,21.811,21.796,21.780,21.757,21.742,21.734,21.719,21.696,21.673,21.658,21.635,21.619,21.604,21.596,21.589,21.566,21.550,21.535,21.520,21.504,21.481,21.466,21.443,21.427,21.404,21.397,21.389,21.358,21.335,21.312,21.289,21.266,21.243,21.235,21.220,21.197,21.173,21.166,21.150,21.135,21.119,21.112,21.104,21.096,21.089,21.081,21.081,21.081,21.073,21.065,21.065,21.058,21.050,21.050,21.042,21.042,21.035,21.035,21.035,21.035,21.035,21.035,21.035,21.035,21.027,21.011,21.004,21.004,21.004,21.011,21.019,21.027,21.027,21.027,21.027,21.027,21.027,21.027,21.027,21.035,21.035,21.042,21.050,21.065,21.073,21.081,21.089,21.104,21.104,21.104,21.104,21.104,21.104,21.089,21.089,21.089,21.089,21.104,21.119,21.135,21.158,21.173,21.189,21.204,21.220,21.227,21.235,21.250,21.258,21.250,21.258,21.266,21.297,21.320,21.343,21.366,21.381,21.389,21.397,21.389,21.374,21.351,21.335,21.327,21.327,21.343,21.366,21.381,21.397,21.404,21.420,21.427,21.435,21.435,21.435,21.435,21.435,21.435,21.443,21.458,21.474,21.489,21.504,21.512,21.512,21.512
,22.262,22.254,22.239,22.216,22.193,22.163,22.147,22.132,22.125,22.102,22.079,22.063,22.048,22.025,22.002,21.987,21.972,21.949,21.926,21.911,21.888,21.857,21.834,21.803,21.780,21.765,21.742,21.734,21.727,21.719,21.704,21.696,21.696,21.688,21.696,21.704,21.704,21.711,21.719,21.727,21.734,21.742,21.750,21.750,21.750,21.750,21.750,21.750,21.742,21.734,21.727,21.719,21.704,21.704,21.696,21.688,21.688,21.688,21.673,21.665,21.665,21.658,21.665,21.665,21.665,21.673,21.658,21.650,21.650,21.642,21.642,21.650,21.658,21.658,21.673,21.681,21.688,21.704,21.719,21.727,21.742,21.757,21.780,21.788,21.811,21.834,21.857,21.888,21.934,21.979,21.979,21.979,21.987,21.995,22.010,22.025,22.048,22.071,22.086,22.094,22.109,22.132,22.178,22.178,22.193,22.239,22.376,22.475,22.544,22.597,22.703,22.855,22.968,23.067,23.218,23.414,23.783,24.367,25.237,26.048,26.853,27.645,28.409,28.975,29.304,29.396,29.382,29.382,29.346,29.261,29.168,29.090,29.032,28.968,28.897,28.804,28.703,28.625,28.589,28.560,28.524,28.467,28.388,28.373,28.402,28.452,28.488,28.488,28.495,28.531,28.610,28.682,28.746,28.797,28.861,28.947,29.032,29.118,29.182,29.268,29.339,29.389,29.417,29.460,29.489,29.481,29.410,29.332,29.254,29.147,28.911,28.625,28.330,28.013,27.602,27.094,26.591,26.092,25.533,25.007,24.591,24.307,24.217,24.255,24.345,24.479,24.695,24.933,25.200,25.481,25.739,25.783,25.761,25.732,25.783,25.842,25.879,25.872,25.820,25.806,25.791,25.761,25.688,25.562,25.422,25.304,25.222,25.104,24.977,24.844,24.725,24.635,24.546,24.449,24.330,24.240,24.143,24.030,23.925,23.828,23.700,23.565,23.452,23.361,23.248,23.127,23.044,22.976,22.893,22.802,22.741,22.703,22.650,22.589,22.544,22.506,22.460,22.407,22.369,22.338,22.308,22.285,22.262,22.254,22.239,22.209,22.216,22.247,22.270,22.262,22.216,22.216,22.224,22.231,22.224,22.216,22.209,22.193,22.178,22.163,22.155,22.163,22.186,22.216,22.247,22.277,22.277,22.270,22.262,22.262,22.270,22.270,22.277,22.292,22.315,22.346,22.369,22.384,22.384,22.369,22.353,22.346,22.353,22.353,22.369,22.376,22.384,22.384,22.384,22.384,22.384,22.384,22.376,22.376,22.369,22.361,22.353,22.338,22.338,22.330,22.323,22.308,22.300,22.285,22.270,22.254,22.231,22.216,22.201,22.178,22.163,22.147,22.140,22.125,22.109,22.094,22.079,22.063,22.048,22.033,22.018,22.002,21.979,21.964,21.949,21.926,21.911,21.895,21.888,21.872,21.865,21.857,21.849,21.834,21.819,21.803,21.788,21.765,21.742,21.727,21.704,21.681,21.665,21.650,21.642,21.627,21.619,21.612,21.596,21.581,21.566,21.550,21.535,21.520,21.504,21.481,21.466,21.450,21.427,21.420,21.412,21.381,21.358,21.335,21.312,21.289,21.266,21.250,21.235,21.220,21.197,21.189,21.181,21.166,21.143,21.135,21.119,21.112,21.104,21.104,21.096,21.089,21.081,21.081,21.081,21.073,21.065,21.065,21.058,21.050,21.042,21.042,21.035,21.035,21.035,21.042,21.042,21.035,21.035,21.019,21.011,21.004,21.004,21.011,21.019,21.027,21.027,21.027,21.027,21.027,21.027,21.027,21.027,21.035,21.035,21.042,21.050,21.058,21.065,21.081,21.089,21.096,21.104,21.104,21.104,21.104,21.096,21.089,21.089,21.089,21.089,21.104,21.119,21.143,21.158,21.173,21.197,21.212,21.227,21.235,21.243,21.258,21.258,21.258,21.266,21.281,21.304,21.320,21.343,21.358,21.381,21.397,21.397,21.397,21.381,21.351,21.327,21.320,21.327,21.335,21.351,21.366,21.381,21.397,21.412,21.420,21.427,21.420,21.420,21.420,21.427,21.427,21.435,21.450,21.466,21.489,21.497,21.512,21.512,21.512
,22.262,22.254,22.239,22.216,22.193,22.163,22.147,22.132,22.117,22.094,22.079,22.063,22.048,22.025,22.002,21.987,21.964,21.941,21.911,21.895,21.872,21.842,21.811,21.796,21.773,21.750,21.727,21.719,21.711,21.696,21.688,21.681,21.673,21.673,21.681,21.681,21.688,21.696,21.711,21.719,21.727,21.734,21.734,21.734,21.734,21.734,21.734,21.734,21.734,21.727,21.719,21.711,21.704,21.696,21.688,21.688,21.681,21.681,21.665,21.658,21.658,21.650,21.658,21.658,21.665,21.665,21.658,21.642,21.635,21.627,21.627,21.627,21.635,21.650,21.658,21.665,21.681,21.696,21.704,21.711,21.727,21.742,21.757,21.773,21.796,21.819,21.849,21.872,21.926,21.979,21.987,21.979,21.972,21.972,21.987,22.002,22.025,22.048,22.063,22.071,22.086,22.109,22.147,22.155,22.170,22.224,22.353,22.452,22.536,22.612,22.733,22.878,22.999,23.105,23.271,23.467,23.820,24.374,25.193,25.990,26.780,27.565,28.337,28.947,29.304,29.410,29.382,29.375,29.346,29.268,29.175,29.075,28.990,28.918,28.847,28.754,28.660,28.574,28.524,28.488,28.452,28.388,28.309,28.301,28.337,28.395,28.424,28.416,28.424,28.460,28.553,28.632,28.696,28.754,28.839,28.925,29.011,29.097,29.161,29.247,29.318,29.375,29.396,29.432,29.453,29.446,29.368,29.289,29.197,29.068,28.782,28.517,28.222,27.891,27.450,26.897,26.371,25.879,25.363,24.866,24.486,24.255,24.195,24.262,24.397,24.598,24.836,25.096,25.385,25.688,25.938,25.997,26.004,26.004,26.100,26.217,26.290,26.312,26.276,26.276,26.268,26.239,26.151,25.997,25.828,25.680,25.577,25.429,25.274,25.111,24.963,24.873,24.769,24.635,24.509,24.412,24.307,24.195,24.090,23.970,23.843,23.708,23.580,23.474,23.369,23.256,23.135,23.044,22.968,22.893,22.809,22.749,22.703,22.650,22.589,22.544,22.498,22.452,22.399,22.361,22.323,22.308,22.285,22.262,22.247,22.231,22.216,22.231,22.247,22.270,22.254,22.231,22.216,22.216,22.209,22.209,22.201,22.193,22.178,22.170,22.163,22.170,22.193,22.224,22.254,22.277,22.277,22.270,22.262,22.262,22.262,22.262,22.270,22.285,22.315,22.346,22.369,22.384,22.384,22.369,22.353,22.338,22.338,22.346,22.353,22.353,22.361,22.361,22.361,22.369,22.369,22.376,22.376,22.369,22.369,22.361,22.353,22.338,22.338,22.330,22.323,22.308,22.300,22.292,22.277,22.262,22.239,22.224,22.209,22.186,22.170,22.163,22.147,22.132,22.117,22.109,22.094,22.071,22.056,22.048,22.025,22.010,21.987,21.964,21.941,21.926,21.911,21.903,21.895,21.888,21.872,21.865,21.857,21.842,21.826,21.803,21.788,21.765,21.734,21.719,21.696,21.681,21.658,21.650,21.642,21.635,21.619,21.619,21.604,21.589,21.573,21.566,21.550,21.535,21.520,21.504,21.489,21.474,21.450,21.443,21.427,21.404,21.381,21.366,21.343,21.320,21.297,21.281,21.266,21.243,21.235,21.227,21.212,21.197,21.181,21.166,21.150,21.135,21.127,21.119,21.112,21.104,21.104,21.096,21.096,21.089,21.089,21.081,21.073,21.065,21.065,21.058,21.050,21.050,21.050,21.058,21.058,21.050,21.050,21.035,21.027,21.019,21.019,21.027,21.035,21.035,21.042,21.042,21.042,21.042,21.042,21.042,21.042,21.042,21.042,21.042,21.050,21.058,21.065,21.081,21.089,21.096,21.096,21.104,21.104,21.096,21.096,21.089,21.089,21.089,21.096,21.104,21.119,21.143,21.158,21.173,21.189,21.212,21.227,21.243,21.250,21.258,21.274,21.274,21.281,21.289,21.312,21.327,21.343,21.358,21.374,21.389,21.397,21.397,21.381,21.351,21.327,21.320,21.320,21.327,21.343,21.358,21.374,21.381,21.397,21.412,21.420,21.412,21.412,21.412,21.420,21.427,21.435,21.443,21.466,21.481,21.497,21.512,21.512,21.512
,22.262,22.254,22.239,22.216,22.186,22.163,22.147,22.132,22.117,22.094,22.079,22.063,22.048,22.025,22.002,21.979,21.956,21.926,21.895,21.872,21.849,21.826,21.796,21.780,21.757,21.734,21.719,21.704,21.696,21.688,21.673,21.673,21.665,21.665,21.665,21.673,21.681,21.696,21.704,21.711,21.719,21.734,21.734,21.727,21.727,21.727,21.727,21.727,21.727,21.719,21.719,21.704,21.696,21.688,21.681,21.681,21.681,21.673,21.665,21.658,21.650,21.642,21.650,21.658,21.658,21.658,21.650,21.635,21.627,21.619,21.612,21.619,21.619,21.635,21.642,21.658,21.673,21.688,21.696,21.696,21.711,21.727,21.742,21.765,21.780,21.803,21.826,21.857,21.903,21.964,21.979,21.979,21.972,21.964,21.972,21.987,22.010,22.033,22.041,22.056,22.063,22.086,22.117,22.125,22.147,22.201,22.330,22.437,22.528,22.604,22.726,22.862,22.976,23.089,23.263,23.474,23.820,24.345,25.133,25.923,26.715,27.486,28.266,28.904,29.296,29.439,29.389,29.389,29.360,29.289,29.189,29.068,28.968,28.875,28.811,28.718,28.617,28.510,28.445,28.402,28.359,28.294,28.215,28.215,28.251,28.301,28.330,28.323,28.337,28.388,28.481,28.567,28.639,28.703,28.797,28.897,28.982,29.061,29.140,29.232,29.311,29.368,29.382,29.417,29.439,29.432,29.353,29.275,29.175,29.025,28.689,28.424,28.136,27.782,27.319,26.737,26.151,25.607,25.155,24.717,24.382,24.188,24.195,24.300,24.486,24.747,25.022,25.304,25.614,25.931,26.188,26.283,26.334,26.386,26.517,26.678,26.788,26.831,26.802,26.810,26.795,26.759,26.649,26.474,26.283,26.107,25.982,25.813,25.621,25.437,25.274,25.163,25.029,24.866,24.732,24.598,24.479,24.359,24.255,24.128,23.985,23.843,23.723,23.610,23.497,23.384,23.263,23.150,23.059,22.984,22.900,22.824,22.764,22.711,22.650,22.597,22.544,22.490,22.437,22.384,22.346,22.315,22.308,22.285,22.262,22.247,22.231,22.224,22.231,22.254,22.270,22.254,22.231,22.216,22.201,22.201,22.193,22.193,22.186,22.170,22.170,22.178,22.201,22.224,22.254,22.270,22.270,22.262,22.254,22.254,22.254,22.262,22.270,22.285,22.315,22.338,22.361,22.376,22.376,22.361,22.338,22.330,22.323,22.330,22.330,22.330,22.338,22.338,22.338,22.346,22.353,22.361,22.369,22.369,22.361,22.353,22.346,22.338,22.330,22.330,22.323,22.308,22.308,22.292,22.285,22.270,22.247,22.231,22.216,22.201,22.178,22.170,22.155,22.140,22.125,22.117,22.102,22.086,22.063,22.056,22.033,22.010,21.987,21.964,21.941,21.918,21.911,21.903,21.903,21.895,21.880,21.872,21.865,21.849,21.826,21.811,21.788,21.765,21.734,21.711,21.696,21.673,21.658,21.650,21.650,21.642,21.627,21.619,21.612,21.604,21.589,21.573,21.566,21.550,21.535,21.520,21.504,21.489,21.474,21.458,21.443,21.427,21.404,21.389,21.366,21.343,21.320,21.304,21.289,21.274,21.258,21.250,21.243,21.227,21.204,21.189,21.173,21.158,21.143,21.135,21.127,21.119,21.119,21.119,21.112,21.112,21.104,21.096,21.089,21.081,21.073,21.073,21.065,21.065,21.065,21.065,21.065,21.065,21.058,21.050,21.042,21.042,21.042,21.042,21.042,21.042,21.050,21.058,21.058,21.058,21.058,21.050,21.050,21.050,21.050,21.050,21.050,21.065,21.073,21.081,21.089,21.096,21.096,21.104,21.104,21.096,21.096,21.096,21.096,21.096,21.104,21.112,21.119,21.143,21.158,21.173,21.189,21.212,21.227,21.243,21.250,21.266,21.281,21.281,21.289,21.304,21.320,21.327,21.335,21.351,21.366,21.381,21.397,21.397,21.381,21.351,21.327,21.312,21.312,21.320,21.335,21.343,21.358,21.374,21.389,21.404,21.412,21.404,21.404,21.404,21.412,21.420,21.427,21.443,21.466,21.481,21.497,21.504,21.504,21.512
,22.262,22.254,22.239,22.216,22.186,22.155,22.140,22.125,22.109,22.086,22.071,22.056,22.041,22.018,21.995,21.972,21.941,21.911,21.880,21.857,21.834,21.803,21.780,21.757,21.742,21.727,21.711,21.696,21.688,21.681,21.673,21.665,21.665,21.665,21.665,21.673,21.688,21.696,21.711,21.711,21.727,21.734,21.734,21.727,21.727,21.727,21.727,21.727,21.727,21.719,21.719,21.704,21.696,21.681,21.681,21.681,21.673,21.665,21.665,21.650,21.642,21.642,21.642,21.650,21.658,21.658,21.642,21.627,21.619,21.604,21.596,21.604,21.612,21.619,21.627,21.642,21.658,21.673,21.681,21.688,21.696,21.711,21.734,21.750,21.765,21.788,21.811,21.834,21.880,21.934,21.956,21.972,21.972,21.972,21.972,21.979,21.995,22.018,22.033,22.041,22.048,22.056,22.079,22.102,22.125,22.178,22.308,22.422,22.513,22.589,22.703,22.817,22.931,23.044,23.218,23.437,23.775,24.270,25.029,25.820,26.605,27.384,28.150,28.825,29.268,29.453,29.389,29.382,29.360,29.304,29.189,29.054,28.932,28.839,28.768,28.682,28.574,28.445,28.359,28.309,28.251,28.179,28.114,28.114,28.143,28.194,28.230,28.222,28.244,28.301,28.409,28.503,28.574,28.646,28.739,28.847,28.940,29.018,29.104,29.204,29.289,29.346,29.360,29.396,29.425,29.425,29.346,29.268,29.168,29.011,28.646,28.352,28.049,27.696,27.210,26.598,25.945,25.326,24.918,24.568,24.300,24.143,24.210,24.374,24.621,24.926,25.252,25.555,25.879,26.232,26.510,26.656,26.751,26.853,27.021,27.203,27.319,27.362,27.348,27.348,27.341,27.290,27.159,26.963,26.751,26.561,26.422,26.224,26.019,25.820,25.629,25.481,25.318,25.141,24.977,24.814,24.658,24.524,24.412,24.292,24.143,23.985,23.888,23.775,23.648,23.512,23.414,23.286,23.173,23.074,23.021,22.931,22.840,22.764,22.726,22.658,22.589,22.528,22.475,22.422,22.369,22.323,22.323,22.308,22.285,22.254,22.247,22.231,22.224,22.224,22.254,22.270,22.254,22.216,22.201,22.193,22.193,22.186,22.186,22.178,22.178,22.186,22.201,22.224,22.247,22.262,22.254,22.247,22.239,22.239,22.247,22.254,22.270,22.285,22.308,22.330,22.346,22.361,22.353,22.338,22.323,22.315,22.308,22.315,22.315,22.315,22.308,22.308,22.315,22.315,22.330,22.338,22.346,22.353,22.346,22.346,22.338,22.330,22.323,22.323,22.315,22.308,22.308,22.300,22.285,22.270,22.254,22.239,22.224,22.201,22.186,22.178,22.170,22.147,22.132,22.117,22.102,22.086,22.071,22.056,22.041,22.018,21.987,21.956,21.934,21.918,21.911,21.911,21.903,21.895,21.888,21.880,21.872,21.849,21.834,21.819,21.796,21.765,21.734,21.711,21.688,21.673,21.658,21.658,21.650,21.642,21.635,21.627,21.619,21.604,21.596,21.581,21.566,21.550,21.543,21.527,21.512,21.497,21.481,21.466,21.450,21.435,21.420,21.397,21.381,21.358,21.335,21.320,21.304,21.289,21.281,21.274,21.266,21.250,21.227,21.212,21.197,21.173,21.158,21.150,21.143,21.135,21.135,21.135,21.127,21.127,21.119,21.112,21.104,21.089,21.089,21.089,21.081,21.081,21.081,21.081,21.081,21.073,21.073,21.065,21.058,21.058,21.058,21.058,21.058,21.058,21.058,21.065,21.065,21.065,21.065,21.058,21.050,21.050,21.050,21.050,21.058,21.065,21.073,21.081,21.089,21.104,21.104,21.104,21.104,21.104,21.104,21.104,21.104,21.104,21.104,21.112,21.119,21.135,21.150,21.166,21.181,21.204,21.227,21.243,21.258,21.274,21.281,21.289,21.297,21.312,21.320,21.327,21.335,21.343,21.358,21.374,21.389,21.389,21.374,21.343,21.320,21.304,21.304,21.320,21.327,21.343,21.351,21.366,21.381,21.397,21.397,21.397,21.397,21.404,21.404,21.412,21.420,21.435,21.458,21.474,21.489,21.497,21.504,21.504
,22.254,22.247,22.231,22.209,22.186,22.155,22.132,22.117,22.102,22.079,22.056,22.048,22.025,22.002,21.972,21.949,21.926,21.888,21.865,21.834,21.811,21.780,21.757,21.750,21.734,21.719,21.711,21.704,21.696,21.688,21.681,21.673,21.673,21.673,21.681,21.688,21.696,21.711,21.719,21.727,21.742,21.742,21.742,21.742,21.734,21.727,21.727,21.727,21.727,21.719,21.719,21.711,21.704,21.688,21.681,21.681,21.673,21.665,21.658,21.642,21.642,21.642,21.642,21.650,21.650,21.642,21.635,21.619,21.604,21.596,21.589,21.589,21.596,21.604,21.619,21.635,21.650,21.665,21.673,21.673,21.688,21.696,21.711,21.734,21.750,21.773,21.796,21.819,21.842,21.880,21.934,21.956,21.964,21.972,21.972,21.972,21.987,22.002,22.018,22.025,22.033,22.033,22.056,22.063,22.094,22.147,22.270,22.391,22.490,22.566,22.673,22.787,22.893,23.006,23.165,23.376,23.708,24.180,24.896,25.658,26.437,27.210,27.963,28.675,29.168,29.389,29.353,29.353,29.332,29.282,29.182,29.032,28.897,28.789,28.739,28.653,28.531,28.388,28.287,28.222,28.165,28.100,28.021,28.013,28.049,28.100,28.129,28.143,28.172,28.237,28.345,28.445,28.531,28.596,28.675,28.789,28.897,28.982,29.054,29.161,29.247,29.311,29.339,29.368,29.403,29.410,29.346,29.268,29.161,28.990,28.660,28.309,27.970,27.602,27.079,26.452,25.798,25.193,24.769,24.479,24.285,24.188,24.270,24.509,24.814,25.170,25.518,25.864,26.232,26.613,26.904,27.050,27.181,27.319,27.500,27.667,27.754,27.761,27.725,27.739,27.739,27.710,27.602,27.421,27.210,26.999,26.853,26.664,26.452,26.239,26.004,25.813,25.629,25.429,25.230,25.044,24.866,24.710,24.576,24.449,24.300,24.143,24.030,23.933,23.813,23.663,23.527,23.429,23.324,23.203,23.112,23.037,22.946,22.840,22.764,22.718,22.658,22.582,22.506,22.460,22.414,22.361,22.323,22.315,22.308,22.292,22.262,22.247,22.239,22.224,22.231,22.254,22.254,22.239,22.209,22.201,22.193,22.186,22.178,22.178,22.178,22.178,22.186,22.209,22.231,22.247,22.239,22.231,22.224,22.216,22.231,22.247,22.270,22.292,22.300,22.308,22.315,22.323,22.315,22.308,22.300,22.292,22.292,22.300,22.300,22.300,22.300,22.300,22.300,22.300,22.315,22.323,22.323,22.330,22.330,22.330,22.323,22.323,22.315,22.315,22.308,22.308,22.300,22.292,22.285,22.277,22.262,22.247,22.231,22.216,22.201,22.186,22.170,22.155,22.140,22.125,22.102,22.086,22.071,22.056,22.041,22.025,21.987,21.964,21.941,21.918,21.911,21.911,21.903,21.903,21.895,21.888,21.872,21.857,21.842,21.826,21.803,21.773,21.742,21.719,21.696,21.673,21.665,21.658,21.658,21.650,21.635,21.619,21.612,21.596,21.581,21.573,21.566,21.543,21.527,21.520,21.497,21.481,21.466,21.458,21.450,21.427,21.404,21.389,21.374,21.351,21.327,21.312,21.297,21.281,21.274,21.266,21.258,21.250,21.227,21.212,21.197,21.181,21.166,21.150,21.143,21.135,21.135,21.135,21.135,21.127,21.127,21.112,21.104,21.089,21.089,21.089,21.089,21.081,21.081,21.081,21.081,21.073,21.073,21.065,21.058,21.058,21.058,21.058,21.058,21.058,21.058,21.065,21.065,21.065,21.065,21.058,21.050,21.050,21.050,21.050,21.058,21.073,21.073,21.089,21.096,21.104,21.104,21.104,21.104,21.104,21.104,21.104,21.104,21.104,21.104,21.112,21.119,21.135,21.143,21.158,21.173,21.197,21.212,21.235,21.250,21.266,21.281,21.297,21.304,21.320,21.320,21.327,21.327,21.327,21.343,21.366,21.381,21.381,21.366,21.343,21.320,21.304,21.304,21.312,21.320,21.335,21.343,21.358,21.374,21.389,21.397,21.389,21.389,21.397,21.404,21.404,21.412,21.420,21.443,21.466,21.481,21.497,21.497,21.497
,22.254,22.247,22.224,22.201,22.178,22.147,22.132,22.117,22.102,22.071,22.048,22.033,22.018,21.987,21.956,21.934,21.911,21.880,21.842,21.819,21.796,21.773,21.750,21.742,21.734,21.727,21.711,21.711,21.711,21.704,21.696,21.688,21.688,21.696,21.704,21.711,21.719,21.734,21.742,21.750,21.757,21.757,21.757,21.750,21.742,21.742,21.742,21.742,21.734,21.734,21.727,21.719,21.704,21.696,21.681,21.681,21.673,21.658,21.658,21.650,21.642,21.642,21.642,21.650,21.650,21.642,21.635,21.619,21.604,21.589,21.589,21.589,21.589,21.596,21.612,21.627,21.642,21.658,21.665,21.673,21.681,21.688,21.711,21.727,21.750,21.773,21.788,21.803,21.826,21.849,21.895,21.926,21.941,21.949,21.949,21.964,21.972,21.987,22.002,22.018,22.018,22.018,22.033,22.048,22.071,22.125,22.247,22.369,22.460,22.544,22.650,22.771,22.878,22.991,23.135,23.331,23.625,24.060,24.725,25.466,26.224,26.985,27.732,28.474,29.018,29.311,29.311,29.311,29.304,29.275,29.189,29.032,28.882,28.775,28.732,28.639,28.503,28.352,28.244,28.186,28.129,28.064,27.992,27.985,28.013,28.064,28.093,28.100,28.129,28.194,28.309,28.409,28.495,28.567,28.653,28.768,28.875,28.968,29.047,29.147,29.239,29.304,29.325,29.360,29.389,29.389,29.325,29.239,29.111,28.925,28.596,28.222,27.855,27.471,26.941,26.283,25.629,25.052,24.688,24.427,24.277,24.232,24.359,24.643,25.000,25.385,25.725,26.114,26.525,26.926,27.188,27.319,27.464,27.660,27.869,28.021,28.078,28.042,28.006,28.049,28.100,28.114,28.028,27.876,27.703,27.529,27.377,27.174,26.941,26.700,26.444,26.246,26.026,25.776,25.540,25.326,25.126,24.940,24.792,24.635,24.471,24.322,24.203,24.090,23.970,23.828,23.685,23.565,23.459,23.361,23.248,23.142,23.044,22.946,22.847,22.771,22.703,22.642,22.566,22.498,22.445,22.391,22.361,22.338,22.323,22.315,22.292,22.270,22.247,22.239,22.231,22.239,22.247,22.247,22.224,22.216,22.201,22.186,22.178,22.170,22.170,22.170,22.178,22.201,22.216,22.231,22.224,22.209,22.201,22.201,22.224,22.247,22.277,22.292,22.300,22.292,22.292,22.285,22.285,22.277,22.270,22.277,22.277,22.285,22.292,22.300,22.300,22.292,22.292,22.285,22.292,22.300,22.308,22.315,22.315,22.315,22.308,22.308,22.308,22.300,22.300,22.292,22.292,22.292,22.285,22.277,22.262,22.254,22.239,22.224,22.209,22.193,22.178,22.155,22.132,22.117,22.102,22.086,22.063,22.056,22.041,22.025,21.995,21.972,21.949,21.926,21.911,21.911,21.911,21.903,21.895,21.888,21.880,21.865,21.849,21.826,21.803,21.780,21.750,21.727,21.704,21.681,21.665,21.665,21.665,21.650,21.635,21.619,21.604,21.581,21.573,21.558,21.550,21.527,21.504,21.497,21.481,21.458,21.443,21.435,21.427,21.412,21.389,21.374,21.351,21.335,21.312,21.297,21.281,21.258,21.250,21.250,21.243,21.235,21.220,21.204,21.189,21.181,21.158,21.143,21.135,21.127,21.127,21.135,21.135,21.135,21.127,21.112,21.096,21.089,21.089,21.089,21.089,21.089,21.089,21.081,21.073,21.073,21.073,21.065,21.065,21.058,21.058,21.058,21.058,21.065,21.065,21.065,21.058,21.058,21.050,21.050,21.042,21.042,21.042,21.050,21.058,21.073,21.081,21.089,21.104,21.112,21.112,21.112,21.112,21.112,21.112,21.112,21.112,21.112,21.112,21.112,21.119,21.135,21.143,21.150,21.166,21.189,21.204,21.220,21.243,21.258,21.281,21.297,21.312,21.320,21.320,21.320,21.312,21.320,21.335,21.358,21.374,21.381,21.358,21.335,21.320,21.304,21.304,21.312,21.320,21.335,21.343,21.358,21.366,21.381,21.389,21.389,21.397,21.397,21.397,21.397,21.397,21.412,21.435,21.458,21.474,21.481,21.489,21.489
,22.247,22.239,22.224,22.201,22.170,22.147,22.132,22.117,22.094,22.071,22.048,22.025,22.002,21.972,21.941,21.918,21.895,21.865,21.834,21.803,21.780,21.757,21.742,21.734,21.734,21.727,21.719,21.719,21.719,21.719,21.711,21.711,21.711,21.711,21.719,21.727,21.742,21.757,21.765,21.765,21.765,21.773,21.765,21.765,21.757,21.750,21.750,21.750,21.750,21.742,21.734,21.727,21.719,21.704,21.696,21.681,21.673,21.665,21.658,21.650,21.650,21.642,21.642,21.650,21.650,21.642,21.627,21.612,21.604,21.596,21.589,21.589,21.589,21.596,21.604,21.619,21.635,21.650,21.658,21.665,21.673,21.688,21.711,21.727,21.750,21.773,21.788,21.796,21.811,21.834,21.857,21.888,21.911,21.918,21.934,21.941,21.956,21.972,21.987,21.995,22.002,22.002,22.010,22.025,22.056,22.109,22.224,22.338,22.437,22.513,22.635,22.764,22.870,22.976,23.112,23.301,23.565,23.948,24.568,25.289,26.034,26.773,27.500,28.251,28.847,29.218,29.247,29.261,29.268,29.268,29.189,29.025,28.868,28.761,28.718,28.617,28.474,28.316,28.208,28.158,28.100,28.042,27.970,27.963,27.985,28.035,28.064,28.064,28.093,28.158,28.266,28.373,28.460,28.539,28.625,28.746,28.861,28.968,29.061,29.161,29.254,29.318,29.325,29.353,29.375,29.375,29.275,29.175,29.040,28.854,28.503,28.114,27.732,27.333,26.788,26.100,25.444,24.896,24.606,24.389,24.270,24.270,24.442,24.762,25.141,25.525,25.850,26.283,26.729,27.123,27.348,27.471,27.638,27.869,28.100,28.251,28.316,28.301,28.287,28.373,28.474,28.560,28.539,28.438,28.301,28.158,28.006,27.775,27.515,27.239,26.955,26.729,26.481,26.195,25.909,25.651,25.415,25.207,25.029,24.844,24.658,24.494,24.382,24.255,24.128,23.985,23.850,23.715,23.602,23.505,23.399,23.271,23.150,23.044,22.946,22.847,22.764,22.696,22.627,22.551,22.483,22.429,22.399,22.369,22.346,22.338,22.323,22.292,22.270,22.254,22.247,22.239,22.239,22.254,22.247,22.231,22.209,22.193,22.170,22.170,22.163,22.163,22.170,22.193,22.209,22.224,22.209,22.186,22.178,22.186,22.209,22.247,22.277,22.292,22.292,22.277,22.262,22.247,22.247,22.247,22.247,22.254,22.262,22.277,22.285,22.292,22.292,22.285,22.277,22.277,22.277,22.285,22.285,22.292,22.292,22.292,22.292,22.292,22.292,22.292,22.285,22.285,22.285,22.285,22.277,22.270,22.262,22.254,22.247,22.231,22.209,22.193,22.178,22.155,22.132,22.117,22.102,22.079,22.063,22.056,22.041,22.025,21.995,21.972,21.956,21.934,21.918,21.918,21.911,21.895,21.895,21.888,21.880,21.872,21.849,21.834,21.811,21.780,21.757,21.734,21.711,21.688,21.673,21.673,21.665,21.650,21.635,21.619,21.596,21.573,21.558,21.550,21.535,21.512,21.489,21.474,21.458,21.443,21.427,21.420,21.412,21.389,21.374,21.358,21.335,21.320,21.297,21.281,21.266,21.250,21.235,21.235,21.235,21.227,21.212,21.197,21.189,21.173,21.158,21.143,21.127,21.127,21.127,21.127,21.135,21.143,21.127,21.112,21.096,21.089,21.089,21.089,21.089,21.089,21.089,21.081,21.081,21.073,21.073,21.065,21.065,21.065,21.065,21.065,21.065,21.065,21.065,21.065,21.058,21.058,21.050,21.042,21.042,21.042,21.050,21.058,21.065,21.073,21.089,21.096,21.104,21.119,21.119,21.119,21.119,21.119,21.119,21.112,21.112,21.112,21.112,21.119,21.119,21.135,21.135,21.143,21.158,21.173,21.197,21.212,21.235,21.258,21.281,21.297,21.312,21.320,21.320,21.312,21.304,21.304,21.320,21.351,21.366,21.374,21.358,21.335,21.312,21.297,21.297,21.312,21.320,21.335,21.343,21.351,21.366,21.374,21.389,21.389,21.389,21.397,21.397,21.389,21.389,21.397,21.420,21.443,21.458,21.474,21.474,21.474
,22.239,22.231,22.224,22.201,22.170,22.140,22.125,22.109,22.094,22.063,22.041,22.018,21.987,21.964,21.926,21.903,21.880,21.857,21.819,21.796,21.773,21.750,21.734,21.727,21.727,21.727,21.727,21.727,21.734,21.727,21.727,21.727,21.727,21.727,21.734,21.750,21.757,21.773,21.773,21.773,21.773,21.773,21.773,21.773,21.765,21.765,21.765,21.757,21.750,21.742,21.742,21.734,21.727,21.711,21.704,21.688,21.681,21.665,21.665,21.658,21.650,21.642,21.642,21.642,21.642,21.635,21.627,21.612,21.604,21.596,21.596,21.596,21.596,21.604,21.604,21.619,21.627,21.650,21.658,21.658,21.673,21.688,21.704,21.719,21.742,21.765,21.780,21.788,21.796,21.819,21.842,21.857,21.872,21.895,21.911,21.918,21.934,21.956,21.964,21.972,21.979,21.979,21.995,22.018,22.048,22.102,22.209,22.315,22.407,22.490,22.620,22.749,22.862,22.953,23.097,23.286,23.535,23.880,24.457,25.155,25.872,26.583,27.290,28.035,28.675,29.125,29.182,29.204,29.239,29.261,29.175,28.997,28.847,28.739,28.682,28.574,28.431,28.266,28.165,28.114,28.064,27.999,27.934,27.920,27.949,27.999,28.028,28.028,28.057,28.114,28.222,28.330,28.416,28.495,28.596,28.725,28.854,28.975,29.090,29.189,29.275,29.339,29.332,29.346,29.368,29.353,29.204,29.082,28.961,28.782,28.402,27.999,27.609,27.210,26.634,25.923,25.259,24.747,24.524,24.359,24.277,24.307,24.524,24.873,25.244,25.614,25.931,26.386,26.839,27.217,27.413,27.544,27.725,27.985,28.222,28.388,28.481,28.524,28.574,28.711,28.861,28.997,29.061,29.032,28.947,28.825,28.675,28.431,28.143,27.833,27.522,27.268,26.992,26.678,26.342,26.026,25.754,25.511,25.311,25.081,24.866,24.680,24.576,24.442,24.292,24.135,24.008,23.880,23.753,23.632,23.542,23.407,23.263,23.135,23.037,22.931,22.840,22.749,22.696,22.627,22.544,22.468,22.437,22.414,22.384,22.353,22.338,22.323,22.300,22.262,22.262,22.247,22.239,22.247,22.262,22.254,22.224,22.193,22.170,22.163,22.155,22.163,22.163,22.186,22.201,22.209,22.201,22.170,22.155,22.163,22.193,22.239,22.277,22.292,22.285,22.262,22.239,22.216,22.216,22.224,22.231,22.231,22.247,22.254,22.270,22.277,22.277,22.270,22.270,22.262,22.262,22.262,22.270,22.270,22.270,22.277,22.277,22.277,22.277,22.277,22.277,22.270,22.270,22.270,22.270,22.262,22.262,22.254,22.247,22.231,22.216,22.193,22.170,22.147,22.132,22.117,22.094,22.079,22.063,22.056,22.041,22.025,22.002,21.979,21.956,21.941,21.926,21.918,21.911,21.895,21.895,21.895,21.888,21.872,21.857,21.842,21.819,21.788,21.757,21.742,21.719,21.696,21.681,21.681,21.673,21.658,21.635,21.619,21.596,21.573,21.550,21.535,21.520,21.504,21.481,21.466,21.443,21.427,21.420,21.412,21.397,21.381,21.366,21.351,21.327,21.312,21.289,21.274,21.266,21.243,21.235,21.235,21.227,21.220,21.212,21.197,21.189,21.173,21.158,21.143,21.127,21.127,21.127,21.135,21.143,21.143,21.135,21.119,21.104,21.096,21.096,21.096,21.104,21.104,21.096,21.089,21.081,21.081,21.073,21.073,21.073,21.073,21.073,21.073,21.073,21.073,21.073,21.065,21.065,21.065,21.058,21.050,21.050,21.050,21.058,21.058,21.065,21.081,21.089,21.104,21.112,21.119,21.119,21.127,21.127,21.127,21.127,21.119,21.119,21.119,21.119,21.119,21.127,21.135,21.135,21.143,21.150,21.166,21.189,21.204,21.227,21.250,21.274,21.289,21.312,21.320,21.320,21.304,21.297,21.297,21.312,21.343,21.358,21.366,21.351,21.327,21.304,21.297,21.297,21.312,21.320,21.335,21.335,21.351,21.358,21.366,21.374,21.374,21.374,21.381,21.381,21.374,21.374,21.381,21.404,21.427,21.443,21.450,21.458,21.458
,22.239,22.231,22.216,22.193,22.170,22.140,22.117,22.102,22.086,22.056,22.025,22.010,21.979,21.949,21.918,21.895,21.872,21.842,21.811,21.780,21.757,21.734,21.719,21.719,21.719,21.727,21.727,21.727,21.734,21.727,21.727,21.727,21.727,21.734,21.742,21.757,21.765,21.773,21.773,21.773,21.773,21.773,21.773,21.773,21.765,21.765,21.765,21.757,21.757,21.742,21.742,21.734,21.727,21.711,21.704,21.696,21.688,21.673,21.665,21.658,21.650,21.642,21.642,21.642,21.635,21.627,21.619,21.612,21.604,21.596,21.596,21.596,21.596,21.604,21.604,21.612,21.619,21.635,21.650,21.650,21.665,21.681,21.696,21.719,21.734,21.757,21.773,21.780,21.788,21.803,21.819,21.842,21.857,21.872,21.895,21.903,21.918,21.941,21.956,21.949,21.949,21.956,21.979,21.995,22.025,22.086,22.193,22.292,22.384,22.468,22.589,22.733,22.847,22.946,23.089,23.286,23.535,23.880,24.427,25.096,25.783,26.466,27.159,27.891,28.531,28.997,29.111,29.168,29.204,29.218,29.140,28.968,28.804,28.682,28.617,28.517,28.366,28.194,28.086,28.035,27.992,27.927,27.847,27.833,27.869,27.941,27.963,27.970,27.992,28.049,28.158,28.273,28.373,28.460,28.546,28.689,28.825,28.947,29.068,29.175,29.261,29.311,29.318,29.346,29.346,29.289,29.140,29.025,28.882,28.682,28.323,27.912,27.515,27.116,26.539,25.820,25.170,24.665,24.449,24.337,24.292,24.352,24.621,25.015,25.378,25.702,26.034,26.510,26.948,27.290,27.486,27.631,27.833,28.093,28.330,28.495,28.596,28.653,28.732,28.882,29.054,29.218,29.318,29.332,29.296,29.218,29.118,28.918,28.668,28.381,28.086,27.840,27.573,27.254,26.868,26.547,26.232,25.931,25.688,25.422,25.170,24.955,24.792,24.658,24.501,24.322,24.150,24.038,23.918,23.775,23.640,23.520,23.392,23.241,23.112,23.014,22.931,22.840,22.749,22.688,22.620,22.536,22.483,22.460,22.437,22.407,22.361,22.346,22.323,22.300,22.270,22.254,22.247,22.239,22.254,22.254,22.231,22.178,22.155,22.155,22.155,22.163,22.163,22.186,22.201,22.209,22.186,22.163,22.140,22.147,22.186,22.231,22.270,22.292,22.277,22.247,22.216,22.201,22.193,22.201,22.209,22.216,22.231,22.239,22.247,22.254,22.254,22.247,22.247,22.247,22.247,22.247,22.254,22.254,22.262,22.262,22.270,22.270,22.270,22.270,22.262,22.262,22.262,22.262,22.262,22.262,22.254,22.247,22.239,22.224,22.209,22.186,22.163,22.140,22.125,22.109,22.094,22.079,22.063,22.056,22.041,22.025,22.002,21.987,21.964,21.941,21.934,21.918,21.911,21.895,21.895,21.895,21.888,21.872,21.849,21.834,21.811,21.780,21.757,21.742,21.719,21.696,21.688,21.681,21.681,21.665,21.650,21.627,21.604,21.581,21.558,21.543,21.527,21.504,21.481,21.466,21.443,21.427,21.420,21.412,21.404,21.389,21.366,21.351,21.327,21.312,21.297,21.281,21.266,21.250,21.243,21.235,21.235,21.220,21.212,21.204,21.197,21.181,21.166,21.150,21.135,21.127,21.127,21.143,21.143,21.143,21.143,21.127,21.112,21.096,21.096,21.104,21.104,21.104,21.104,21.096,21.089,21.081,21.081,21.081,21.081,21.081,21.081,21.081,21.081,21.081,21.081,21.081,21.073,21.073,21.065,21.065,21.058,21.058,21.065,21.073,21.081,21.089,21.096,21.104,21.112,21.119,21.119,21.127,21.127,21.127,21.127,21.119,21.119,21.119,21.119,21.127,21.135,21.135,21.135,21.143,21.150,21.166,21.181,21.197,21.212,21.235,21.258,21.281,21.304,21.320,21.312,21.297,21.281,21.281,21.304,21.335,21.351,21.358,21.343,21.320,21.304,21.297,21.297,21.304,21.320,21.327,21.335,21.335,21.343,21.351,21.351,21.351,21.351,21.351,21.351,21.351,21.351,21.358,21.381,21.404,21.420,21.427,21.427,21.427
,22.239,22.231,22.216,22.193,22.163,22.132,22.109,22.102,22.079,22.048,22.025,22.002,21.979,21.949,21.918,21.888,21.865,21.834,21.803,21.773,21.750,21.734,21.719,21.719,21.719,21.719,21.719,21.727,21.727,21.734,21.734,21.727,21.727,21.734,21.742,21.750,21.757,21.765,21.765,21.765,21.757,21.757,21.765,21.765,21.773,21.765,21.765,21.757,21.750,21.742,21.734,21.734,21.727,21.711,21.704,21.704,21.688,21.681,21.665,21.665,21.658,21.642,21.635,21.627,21.627,21.619,21.612,21.612,21.612,21.612,21.604,21.596,21.604,21.604,21.604,21.612,21.619,21.627,21.642,21.650,21.665,21.681,21.696,21.711,21.734,21.750,21.773,21.780,21.788,21.803,21.819,21.826,21.842,21.865,21.880,21.895,21.918,21.934,21.949,21.941,21.941,21.949,21.956,21.972,22.010,22.063,22.170,22.270,22.353,22.429,22.551,22.696,22.809,22.908,23.052,23.248,23.505,23.850,24.389,25.022,25.702,26.393,27.072,27.761,28.381,28.868,29.047,29.132,29.189,29.211,29.140,28.954,28.775,28.639,28.574,28.452,28.287,28.100,27.992,27.949,27.905,27.840,27.746,27.732,27.775,27.855,27.891,27.898,27.927,27.992,28.107,28.215,28.316,28.409,28.510,28.646,28.789,28.918,29.061,29.154,29.225,29.261,29.289,29.304,29.289,29.218,29.075,28.932,28.775,28.582,28.237,27.811,27.406,26.999,26.437,25.717,25.067,24.576,24.374,24.285,24.277,24.374,24.695,25.118,25.481,25.783,26.158,26.649,27.079,27.406,27.609,27.775,27.985,28.230,28.452,28.596,28.689,28.746,28.825,28.961,29.118,29.275,29.368,29.410,29.410,29.382,29.339,29.218,29.040,28.825,28.596,28.388,28.136,27.819,27.442,27.086,26.751,26.430,26.136,25.813,25.525,25.289,25.074,24.881,24.702,24.531,24.345,24.188,24.053,23.933,23.783,23.632,23.489,23.354,23.218,23.089,22.991,22.908,22.832,22.756,22.680,22.604,22.551,22.513,22.490,22.460,22.414,22.376,22.353,22.330,22.292,22.262,22.247,22.239,22.247,22.247,22.216,22.170,22.147,22.147,22.155,22.163,22.178,22.193,22.209,22.209,22.193,22.163,22.140,22.140,22.178,22.231,22.270,22.292,22.277,22.239,22.209,22.193,22.193,22.193,22.201,22.216,22.216,22.216,22.224,22.231,22.239,22.231,22.231,22.239,22.239,22.247,22.247,22.247,22.254,22.254,22.254,22.262,22.262,22.254,22.254,22.254,22.254,22.254,22.254,22.247,22.239,22.239,22.231,22.216,22.201,22.178,22.155,22.140,22.117,22.109,22.102,22.086,22.071,22.063,22.048,22.033,22.010,21.987,21.972,21.949,21.934,21.926,21.911,21.895,21.895,21.895,21.888,21.865,21.842,21.826,21.796,21.773,21.750,21.734,21.719,21.704,21.688,21.688,21.681,21.673,21.658,21.635,21.612,21.589,21.573,21.558,21.535,21.512,21.489,21.474,21.450,21.435,21.420,21.420,21.412,21.397,21.374,21.358,21.335,21.320,21.304,21.289,21.274,21.266,21.250,21.243,21.243,21.227,21.212,21.212,21.197,21.181,21.166,21.150,21.135,21.127,21.127,21.143,21.150,21.150,21.143,21.127,21.112,21.104,21.104,21.112,21.112,21.112,21.104,21.104,21.096,21.089,21.081,21.089,21.089,21.089,21.089,21.089,21.089,21.089,21.089,21.089,21.089,21.089,21.081,21.073,21.073,21.073,21.081,21.081,21.089,21.089,21.096,21.104,21.112,21.119,21.119,21.127,21.127,21.127,21.127,21.127,21.127,21.127,21.127,21.135,21.143,21.143,21.143,21.150,21.158,21.166,21.181,21.189,21.204,21.227,21.250,21.274,21.289,21.304,21.304,21.289,21.281,21.274,21.297,21.327,21.351,21.358,21.343,21.320,21.304,21.289,21.289,21.304,21.312,21.327,21.327,21.327,21.327,21.335,21.335,21.327,21.327,21.320,21.327,21.327,21.335,21.343,21.358,21.381,21.397,21.404,21.404,21.404
,22.239,22.231,22.216,22.193,22.163,22.132,22.109,22.094,22.079,22.048,22.018,22.002,21.979,21.949,21.911,21.888,21.857,21.826,21.796,21.773,21.750,21.734,21.719,21.719,21.719,21.719,21.719,21.719,21.727,21.727,21.727,21.727,21.727,21.734,21.734,21.750,21.757,21.757,21.757,21.757,21.750,21.750,21.757,21.765,21.765,21.765,21.765,21.757,21.750,21.742,21.734,21.734,21.727,21.719,21.711,21.704,21.704,21.688,21.681,21.673,21.665,21.650,21.635,21.627,21.619,21.612,21.612,21.612,21.619,21.619,21.612,21.612,21.612,21.612,21.612,21.612,21.619,21.627,21.635,21.650,21.665,21.681,21.696,21.711,21.727,21.742,21.757,21.765,21.780,21.796,21.811,21.819,21.834,21.849,21.865,21.888,21.911,21.926,21.934,21.926,21.926,21.941,21.941,21.956,21.979,22.033,22.140,22.239,22.323,22.399,22.513,22.650,22.771,22.870,23.006,23.203,23.452,23.783,24.292,24.896,25.555,26.246,26.912,27.558,28.165,28.689,28.932,29.054,29.140,29.189,29.125,28.954,28.775,28.625,28.539,28.388,28.208,28.028,27.920,27.876,27.826,27.754,27.660,27.645,27.681,27.761,27.811,27.826,27.862,27.927,28.049,28.165,28.273,28.373,28.474,28.610,28.754,28.897,29.040,29.125,29.182,29.204,29.218,29.225,29.197,29.125,28.940,28.782,28.632,28.431,28.071,27.638,27.225,26.817,26.261,25.562,24.926,24.464,24.307,24.232,24.247,24.374,24.725,25.155,25.511,25.791,26.173,26.671,27.108,27.435,27.645,27.840,28.078,28.345,28.531,28.660,28.739,28.797,28.868,28.990,29.125,29.268,29.339,29.389,29.425,29.446,29.453,29.410,29.318,29.175,29.018,28.854,28.632,28.345,27.970,27.602,27.261,26.941,26.605,26.239,25.909,25.629,25.400,25.155,24.933,24.725,24.553,24.359,24.195,24.060,23.925,23.760,23.602,23.459,23.316,23.180,23.059,22.968,22.893,22.809,22.733,22.658,22.612,22.574,22.536,22.498,22.460,22.414,22.376,22.353,22.323,22.285,22.254,22.247,22.247,22.231,22.209,22.163,22.147,22.155,22.163,22.170,22.186,22.201,22.209,22.209,22.193,22.163,22.140,22.140,22.170,22.224,22.262,22.285,22.270,22.239,22.209,22.193,22.193,22.193,22.201,22.209,22.209,22.209,22.209,22.216,22.216,22.216,22.224,22.224,22.231,22.231,22.239,22.239,22.239,22.247,22.247,22.247,22.247,22.247,22.247,22.239,22.247,22.247,22.239,22.239,22.231,22.231,22.216,22.201,22.186,22.170,22.147,22.125,22.109,22.109,22.102,22.086,22.071,22.063,22.048,22.033,22.010,21.995,21.972,21.956,21.934,21.926,21.918,21.903,21.895,21.888,21.880,21.865,21.842,21.819,21.796,21.765,21.750,21.734,21.719,21.711,21.696,21.696,21.688,21.681,21.658,21.642,21.627,21.604,21.589,21.566,21.550,21.527,21.504,21.481,21.466,21.443,21.435,21.435,21.427,21.412,21.389,21.374,21.351,21.327,21.312,21.297,21.289,21.274,21.266,21.258,21.250,21.243,21.227,21.220,21.204,21.189,21.173,21.158,21.150,21.135,21.143,21.150,21.158,21.158,21.150,21.135,21.127,21.119,21.119,21.119,21.127,21.119,21.112,21.112,21.104,21.096,21.089,21.096,21.096,21.096,21.096,21.096,21.096,21.096,21.096,21.096,21.096,21.096,21.096,21.089,21.089,21.089,21.089,21.089,21.096,21.096,21.104,21.112,21.112,21.119,21.119,21.127,21.127,21.127,21.127,21.127,21.127,21.127,21.135,21.143,21.143,21.150,21.150,21.158,21.166,21.166,21.181,21.189,21.204,21.227,21.243,21.266,21.281,21.297,21.297,21.281,21.274,21.274,21.297,21.320,21.343,21.351,21.343,21.320,21.297,21.289,21.289,21.304,21.312,21.327,21.327,21.320,21.320,21.320,21.312,21.312,21.304,21.304,21.304,21.312,21.320,21.327,21.343,21.358,21.374,21.381,21.381,21.381
,22.239,22.231,22.224,22.193,22.163,22.132,22.109,22.094,22.079,22.048,22.018,22.002,21.979,21.949,21.911,21.888,21.857,21.826,21.796,21.773,21.757,21.734,21.719,21.719,21.719,21.711,21.711,21.719,21.719,21.719,21.719,21.719,21.727,21.727,21.734,21.742,21.750,21.750,21.750,21.750,21.742,21.742,21.750,21.757,21.765,21.773,21.773,21.765,21.757,21.750,21.742,21.734,21.727,21.727,21.719,21.719,21.711,21.711,21.696,21.688,21.673,21.658,21.642,21.635,21.619,21.619,21.619,21.619,21.619,21.627,21.627,21.627,21.627,21.627,21.619,21.619,21.619,21.635,21.635,21.650,21.665,21.681,21.696,21.711,21.727,21.742,21.750,21.757,21.765,21.780,21.796,21.803,21.819,21.834,21.857,21.872,21.888,21.903,21.918,21.903,21.903,21.926,21.926,21.934,21.956,22.002,22.109,22.209,22.285,22.353,22.475,22.604,22.718,22.817,22.953,23.150,23.384,23.693,24.150,24.717,25.348,26.012,26.664,27.283,27.884,28.424,28.732,28.911,29.032,29.118,29.068,28.925,28.768,28.625,28.495,28.323,28.143,27.963,27.862,27.811,27.754,27.674,27.580,27.558,27.594,27.667,27.725,27.746,27.782,27.855,27.985,28.107,28.222,28.337,28.445,28.574,28.718,28.875,29.004,29.090,29.132,29.132,29.111,29.111,29.082,28.990,28.746,28.582,28.424,28.215,27.804,27.377,26.963,26.539,26.004,25.348,24.762,24.337,24.240,24.180,24.210,24.352,24.710,25.126,25.451,25.702,26.048,26.532,26.977,27.333,27.544,27.782,28.071,28.381,28.539,28.668,28.746,28.804,28.897,29.004,29.125,29.239,29.296,29.353,29.417,29.481,29.524,29.538,29.510,29.453,29.339,29.218,29.054,28.811,28.431,28.078,27.746,27.421,27.072,26.686,26.312,25.982,25.747,25.481,25.193,24.918,24.755,24.561,24.359,24.173,24.053,23.895,23.730,23.550,23.414,23.263,23.127,23.014,22.946,22.870,22.787,22.703,22.665,22.635,22.589,22.544,22.498,22.452,22.414,22.369,22.338,22.308,22.270,22.247,22.247,22.231,22.201,22.170,22.155,22.163,22.170,22.178,22.186,22.201,22.209,22.209,22.186,22.163,22.140,22.140,22.170,22.216,22.254,22.270,22.262,22.231,22.201,22.193,22.193,22.193,22.201,22.209,22.201,22.201,22.193,22.193,22.201,22.201,22.209,22.209,22.216,22.216,22.216,22.224,22.224,22.231,22.231,22.231,22.231,22.231,22.231,22.224,22.231,22.231,22.224,22.224,22.216,22.216,22.209,22.193,22.170,22.155,22.132,22.117,22.109,22.102,22.102,22.086,22.079,22.063,22.048,22.033,22.010,21.995,21.979,21.956,21.941,21.926,21.918,21.903,21.895,21.888,21.880,21.865,21.842,21.819,21.796,21.773,21.750,21.742,21.734,21.719,21.711,21.704,21.696,21.681,21.665,21.650,21.642,21.619,21.596,21.581,21.558,21.535,21.512,21.497,21.481,21.466,21.450,21.450,21.443,21.427,21.404,21.389,21.374,21.351,21.327,21.320,21.304,21.297,21.281,21.281,21.274,21.266,21.250,21.235,21.220,21.212,21.189,21.173,21.158,21.150,21.158,21.166,21.166,21.173,21.158,21.150,21.143,21.135,21.135,21.143,21.143,21.143,21.127,21.119,21.112,21.112,21.104,21.104,21.104,21.112,21.104,21.104,21.112,21.112,21.112,21.112,21.112,21.112,21.112,21.104,21.104,21.104,21.104,21.104,21.104,21.112,21.112,21.112,21.119,21.127,21.127,21.127,21.127,21.127,21.127,21.135,21.135,21.135,21.143,21.143,21.158,21.166,21.166,21.166,21.173,21.181,21.189,21.189,21.204,21.220,21.235,21.250,21.266,21.281,21.281,21.274,21.266,21.274,21.297,21.320,21.343,21.351,21.343,21.312,21.297,21.289,21.289,21.304,21.320,21.327,21.327,21.320,21.312,21.312,21.304,21.297,21.297,21.297,21.297,21.297,21.304,21.320,21.335,21.351,21.358,21.366,21.366,21.366
,22.247,22.239,22.224,22.193,22.163,22.132,22.109,22.094,22.079,22.048,22.025,22.010,21.987,21.956,21.918,21.888,21.865,21.834,21.796,21.780,21.757,21.742,21.727,21.719,21.719,21.711,21.711,21.711,21.711,21.711,21.711,21.711,21.719,21.719,21.727,21.734,21.742,21.750,21.750,21.742,21.742,21.742,21.742,21.757,21.765,21.773,21.773,21.765,21.757,21.750,21.750,21.742,21.734,21.727,21.727,21.727,21.727,21.719,21.711,21.704,21.688,21.673,21.658,21.642,21.635,21.619,21.619,21.619,21.619,21.627,21.627,21.627,21.627,21.627,21.627,21.627,21.627,21.635,21.642,21.658,21.673,21.688,21.696,21.711,21.719,21.734,21.742,21.742,21.757,21.765,21.780,21.788,21.796,21.811,21.834,21.849,21.872,21.888,21.888,21.872,21.880,21.911,21.918,21.918,21.934,21.972,22.079,22.170,22.247,22.315,22.422,22.551,22.665,22.771,22.885,23.082,23.316,23.602,23.993,24.494,25.089,25.747,26.364,26.977,27.558,28.078,28.424,28.675,28.839,28.918,28.904,28.804,28.682,28.546,28.402,28.237,28.049,27.869,27.775,27.739,27.688,27.609,27.479,27.442,27.486,27.573,27.623,27.645,27.696,27.768,27.898,28.028,28.158,28.273,28.373,28.495,28.639,28.789,28.954,29.040,29.047,28.990,28.975,28.982,28.911,28.746,28.539,28.373,28.158,27.876,27.515,27.072,26.634,26.195,25.695,25.118,24.621,24.262,24.180,24.135,24.165,24.300,24.665,25.037,25.304,25.481,25.776,26.217,26.642,27.014,27.268,27.558,27.876,28.186,28.388,28.560,28.696,28.811,28.947,29.068,29.189,29.311,29.389,29.467,29.545,29.631,29.688,29.709,29.695,29.652,29.560,29.467,29.332,29.147,28.797,28.474,28.165,27.862,27.507,27.130,26.766,26.422,26.100,25.820,25.533,25.230,24.940,24.762,24.568,24.359,24.150,24.015,23.865,23.678,23.489,23.346,23.210,23.089,22.984,22.915,22.840,22.764,22.711,22.680,22.642,22.597,22.536,22.490,22.445,22.399,22.353,22.315,22.285,22.262,22.247,22.231,22.209,22.178,22.170,22.178,22.186,22.193,22.193,22.193,22.193,22.193,22.186,22.163,22.155,22.163,22.186,22.216,22.247,22.262,22.247,22.224,22.201,22.193,22.193,22.201,22.209,22.209,22.209,22.201,22.193,22.193,22.193,22.193,22.193,22.201,22.201,22.201,22.201,22.201,22.209,22.209,22.209,22.216,22.216,22.209,22.209,22.209,22.216,22.216,22.209,22.209,22.201,22.201,22.193,22.178,22.163,22.147,22.132,22.109,22.109,22.102,22.094,22.079,22.071,22.063,22.048,22.033,22.018,22.002,21.979,21.964,21.949,21.934,21.926,21.911,21.895,21.888,21.872,21.857,21.842,21.826,21.803,21.788,21.773,21.757,21.742,21.734,21.719,21.711,21.704,21.688,21.673,21.665,21.650,21.635,21.612,21.589,21.573,21.550,21.535,21.512,21.497,21.481,21.474,21.466,21.458,21.450,21.427,21.412,21.397,21.374,21.351,21.343,21.335,21.320,21.312,21.312,21.304,21.297,21.274,21.258,21.243,21.227,21.212,21.189,21.173,21.166,21.173,21.181,21.189,21.189,21.181,21.173,21.158,21.150,21.150,21.158,21.158,21.158,21.143,21.135,21.127,21.119,21.112,21.112,21.112,21.112,21.112,21.112,21.112,21.112,21.112,21.119,21.119,21.119,21.119,21.119,21.112,21.104,21.104,21.104,21.104,21.112,21.112,21.112,21.119,21.127,21.127,21.127,21.127,21.127,21.127,21.135,21.135,21.143,21.143,21.158,21.166,21.173,21.181,21.181,21.189,21.189,21.189,21.197,21.204,21.212,21.220,21.243,21.258,21.266,21.274,21.266,21.266,21.274,21.297,21.327,21.343,21.351,21.343,21.320,21.297,21.289,21.289,21.304,21.320,21.327,21.327,21.320,21.312,21.304,21.304,21.297,21.297,21.297,21.297,21.304,21.312,21.327,21.335,21.343,21.351,21.358,21.358,21.358
,22.254,22.247,22.231,22.201,22.163,22.132,22.109,22.094,22.079,22.056,22.033,22.010,21.987,21.956,21.918,21.895,21.865,21.834,21.803,21.788,21.765,21.750,21.734,21.727,21.719,21.711,21.704,21.696,21.696,21.696,21.696,21.696,21.704,21.711,21.719,21.727,21.734,21.734,21.734,21.734,21.734,21.742,21.742,21.750,21.757,21.765,21.765,21.765,21.765,21.757,21.750,21.750,21.742,21.734,21.734,21.734,21.734,21.734,21.727,21.719,21.704,21.696,21.673,21.658,21.642,21.635,21.619,21.619,21.619,21.619,21.619,21.627,21.635,21.635,21.635,21.635,21.635,21.635,21.650,21.658,21.673,21.688,21.696,21.704,21.711,21.719,21.734,21.734,21.742,21.757,21.765,21.773,21.780,21.803,21.819,21.834,21.857,21.872,21.872,21.865,21.872,21.895,21.911,21.911,21.918,21.956,22.041,22.132,22.201,22.262,22.346,22.468,22.589,22.696,22.809,22.984,23.203,23.474,23.783,24.232,24.792,25.437,26.078,26.707,27.297,27.819,28.244,28.524,28.682,28.732,28.732,28.660,28.560,28.438,28.294,28.122,27.934,27.761,27.681,27.645,27.594,27.515,27.377,27.333,27.377,27.464,27.507,27.529,27.580,27.660,27.790,27.927,28.071,28.201,28.301,28.431,28.567,28.718,28.897,28.954,28.932,28.868,28.861,28.825,28.739,28.589,28.395,28.172,27.934,27.667,27.312,26.861,26.415,25.982,25.518,24.992,24.546,24.247,24.150,24.098,24.128,24.262,24.613,24.977,25.222,25.370,25.614,26.012,26.422,26.795,27.079,27.428,27.768,28.071,28.287,28.488,28.668,28.811,28.968,29.132,29.275,29.403,29.496,29.588,29.680,29.766,29.836,29.872,29.865,29.815,29.780,29.723,29.617,29.446,29.182,28.932,28.660,28.352,28.013,27.652,27.275,26.912,26.561,26.217,25.901,25.592,25.274,24.992,24.762,24.568,24.337,24.143,23.978,23.813,23.610,23.437,23.293,23.180,23.074,22.976,22.893,22.824,22.771,22.733,22.696,22.650,22.582,22.521,22.468,22.422,22.369,22.330,22.292,22.270,22.254,22.239,22.224,22.201,22.193,22.201,22.209,22.209,22.193,22.193,22.186,22.178,22.178,22.170,22.170,22.178,22.201,22.224,22.239,22.247,22.239,22.224,22.209,22.193,22.201,22.209,22.216,22.216,22.209,22.209,22.201,22.193,22.193,22.186,22.186,22.186,22.186,22.186,22.186,22.186,22.193,22.193,22.193,22.201,22.201,22.193,22.193,22.193,22.201,22.201,22.193,22.193,22.193,22.186,22.186,22.170,22.155,22.140,22.125,22.109,22.102,22.094,22.086,22.079,22.063,22.056,22.048,22.033,22.010,21.995,21.979,21.964,21.949,21.941,21.926,21.911,21.895,21.888,21.872,21.857,21.842,21.834,21.819,21.803,21.788,21.773,21.757,21.742,21.727,21.719,21.711,21.696,21.681,21.673,21.658,21.642,21.619,21.604,21.581,21.558,21.543,21.527,21.512,21.504,21.497,21.489,21.481,21.474,21.450,21.435,21.420,21.397,21.381,21.374,21.358,21.351,21.343,21.343,21.335,21.320,21.304,21.289,21.266,21.250,21.227,21.212,21.197,21.181,21.189,21.197,21.204,21.204,21.204,21.189,21.181,21.173,21.166,21.173,21.173,21.173,21.158,21.150,21.143,21.135,21.127,21.127,21.127,21.119,21.119,21.119,21.119,21.119,21.119,21.127,21.127,21.127,21.127,21.127,21.119,21.112,21.112,21.112,21.112,21.112,21.112,21.119,21.119,21.127,21.127,21.127,21.127,21.135,21.135,21.135,21.135,21.143,21.150,21.158,21.173,21.181,21.197,21.197,21.197,21.204,21.204,21.204,21.204,21.212,21.220,21.227,21.243,21.250,21.258,21.258,21.266,21.281,21.304,21.327,21.351,21.358,21.343,21.327,21.304,21.289,21.297,21.312,21.320,21.327,21.327,21.320,21.312,21.304,21.304,21.304,21.304,21.304,21.312,21.320,21.327,21.335,21.343,21.343,21.351,21.358,21.358,21.358
,22.262,22.254,22.231,22.201,22.163,22.132,22.109,22.102,22.086,22.063,22.033,22.018,21.995,21.964,21.926,21.903,21.872,21.842,21.811,21.796,21.780,21.757,21.742,21.734,21.727,21.719,21.704,21.696,21.688,21.688,21.688,21.688,21.696,21.711,21.711,21.719,21.727,21.727,21.727,21.734,21.734,21.742,21.750,21.750,21.757,21.765,21.765,21.773,21.773,21.765,21.757,21.757,21.750,21.742,21.742,21.742,21.750,21.750,21.742,21.734,21.727,21.711,21.696,21.681,21.665,21.642,21.635,21.627,21.619,21.619,21.627,21.635,21.642,21.650,21.650,21.642,21.642,21.642,21.658,21.665,21.681,21.696,21.696,21.704,21.711,21.711,21.727,21.727,21.727,21.742,21.750,21.757,21.765,21.780,21.803,21.819,21.834,21.849,21.849,21.842,21.857,21.880,21.911,21.911,21.918,21.941,22.018,22.094,22.155,22.201,22.277,22.399,22.513,22.627,22.733,22.893,23.089,23.339,23.610,24.030,24.568,25.200,25.887,26.517,27.116,27.652,28.107,28.402,28.560,28.603,28.582,28.531,28.445,28.337,28.179,27.985,27.797,27.638,27.565,27.536,27.479,27.391,27.275,27.239,27.275,27.348,27.399,27.421,27.457,27.536,27.674,27.819,27.970,28.114,28.230,28.366,28.510,28.653,28.825,28.861,28.825,28.754,28.718,28.660,28.574,28.431,28.194,27.956,27.717,27.464,27.086,26.642,26.202,25.776,25.341,24.866,24.464,24.195,24.105,24.053,24.075,24.210,24.561,24.926,25.163,25.304,25.533,25.901,26.290,26.664,26.963,27.326,27.681,27.992,28.201,28.424,28.632,28.832,28.997,29.175,29.360,29.517,29.602,29.695,29.794,29.893,29.957,29.999,30.006,29.985,29.964,29.943,29.886,29.773,29.538,29.346,29.132,28.868,28.524,28.165,27.804,27.442,27.050,26.664,26.298,25.967,25.643,25.304,25.007,24.762,24.546,24.322,24.120,23.948,23.760,23.557,23.392,23.271,23.165,23.059,22.961,22.878,22.824,22.794,22.756,22.711,22.635,22.566,22.506,22.452,22.399,22.346,22.308,22.285,22.262,22.247,22.231,22.224,22.216,22.216,22.216,22.216,22.193,22.186,22.170,22.170,22.170,22.178,22.186,22.201,22.216,22.224,22.231,22.239,22.231,22.216,22.209,22.201,22.209,22.216,22.224,22.216,22.216,22.209,22.201,22.193,22.186,22.186,22.178,22.170,22.170,22.163,22.163,22.170,22.170,22.170,22.178,22.178,22.178,22.178,22.178,22.178,22.178,22.178,22.178,22.178,22.178,22.178,22.170,22.163,22.147,22.140,22.125,22.109,22.102,22.094,22.086,22.079,22.063,22.056,22.041,22.025,22.010,21.995,21.987,21.972,21.949,21.941,21.934,21.918,21.895,21.888,21.872,21.857,21.849,21.842,21.834,21.826,21.811,21.796,21.780,21.757,21.742,21.727,21.719,21.704,21.681,21.673,21.665,21.650,21.627,21.612,21.596,21.581,21.558,21.550,21.535,21.527,21.512,21.512,21.504,21.497,21.481,21.466,21.443,21.427,21.404,21.397,21.381,21.374,21.366,21.366,21.366,21.351,21.335,21.312,21.297,21.274,21.250,21.227,21.212,21.204,21.204,21.220,21.227,21.227,21.227,21.212,21.204,21.197,21.189,21.197,21.189,21.181,21.173,21.166,21.158,21.150,21.143,21.135,21.135,21.127,21.127,21.119,21.119,21.119,21.127,21.135,21.135,21.135,21.135,21.127,21.127,21.119,21.119,21.119,21.119,21.119,21.119,21.119,21.119,21.127,21.127,21.127,21.127,21.135,21.135,21.135,21.135,21.150,21.158,21.173,21.181,21.197,21.204,21.204,21.212,21.212,21.212,21.212,21.212,21.212,21.220,21.227,21.235,21.243,21.250,21.258,21.274,21.289,21.312,21.335,21.351,21.358,21.351,21.327,21.304,21.297,21.297,21.312,21.320,21.327,21.327,21.320,21.320,21.312,21.312,21.312,21.320,21.320,21.327,21.335,21.343,21.351,21.358,21.358,21.358,21.358,21.358,21.358
,22.270,22.262,22.239,22.209,22.170,22.132,22.117,22.102,22.086,22.071,22.041,22.025,22.002,21.972,21.934,21.911,21.880,21.849,21.819,21.803,21.788,21.765,21.750,21.742,21.734,21.719,21.704,21.696,21.688,21.688,21.688,21.696,21.704,21.711,21.719,21.719,21.719,21.727,21.734,21.734,21.742,21.750,21.757,21.757,21.757,21.765,21.773,21.773,21.780,21.780,21.773,21.765,21.757,21.757,21.757,21.757,21.765,21.765,21.757,21.750,21.742,21.727,21.711,21.696,21.681,21.658,21.642,21.635,21.635,21.635,21.635,21.642,21.658,21.665,21.665,21.658,21.650,21.658,21.665,21.673,21.681,21.696,21.696,21.704,21.711,21.711,21.711,21.711,21.719,21.719,21.727,21.734,21.750,21.757,21.780,21.796,21.811,21.826,21.819,21.819,21.834,21.872,21.903,21.911,21.918,21.941,22.002,22.071,22.117,22.163,22.231,22.338,22.452,22.566,22.680,22.817,22.991,23.210,23.489,23.888,24.412,25.052,25.761,26.386,26.977,27.522,27.963,28.280,28.467,28.510,28.467,28.424,28.359,28.251,28.057,27.862,27.674,27.522,27.442,27.406,27.348,27.261,27.166,27.152,27.181,27.246,27.290,27.312,27.348,27.428,27.565,27.703,27.855,28.028,28.158,28.301,28.445,28.596,28.732,28.754,28.711,28.625,28.531,28.488,28.402,28.237,27.934,27.710,27.486,27.217,26.802,26.386,25.960,25.540,25.126,24.710,24.352,24.105,24.038,23.978,24.000,24.150,24.494,24.844,25.096,25.252,25.496,25.820,26.188,26.554,26.861,27.217,27.573,27.898,28.100,28.316,28.567,28.825,29.004,29.197,29.410,29.609,29.680,29.766,29.865,29.964,30.035,30.084,30.120,30.141,30.120,30.113,30.113,30.070,29.858,29.680,29.524,29.353,29.004,28.646,28.309,27.970,27.544,27.130,26.729,26.349,26.019,25.673,25.311,24.963,24.762,24.539,24.307,24.083,23.910,23.708,23.512,23.361,23.263,23.150,23.037,22.931,22.878,22.840,22.809,22.764,22.688,22.620,22.551,22.483,22.422,22.369,22.323,22.292,22.285,22.262,22.247,22.239,22.231,22.231,22.231,22.216,22.193,22.178,22.163,22.163,22.163,22.178,22.201,22.216,22.216,22.224,22.231,22.224,22.224,22.216,22.209,22.209,22.209,22.216,22.216,22.216,22.209,22.209,22.201,22.193,22.186,22.178,22.170,22.155,22.155,22.147,22.147,22.147,22.155,22.155,22.163,22.163,22.163,22.163,22.163,22.155,22.163,22.163,22.163,22.163,22.163,22.163,22.163,22.147,22.147,22.132,22.125,22.109,22.102,22.094,22.086,22.071,22.063,22.048,22.041,22.025,22.010,22.002,21.995,21.972,21.956,21.949,21.941,21.918,21.903,21.888,21.880,21.865,21.857,21.857,21.849,21.842,21.826,21.811,21.796,21.773,21.750,21.742,21.727,21.704,21.688,21.681,21.673,21.658,21.642,21.627,21.612,21.596,21.581,21.573,21.558,21.550,21.535,21.535,21.527,21.520,21.504,21.489,21.474,21.450,21.427,21.420,21.404,21.397,21.389,21.389,21.389,21.374,21.358,21.335,21.312,21.289,21.266,21.250,21.235,21.227,21.235,21.243,21.250,21.258,21.250,21.243,21.227,21.220,21.220,21.212,21.204,21.204,21.189,21.181,21.173,21.166,21.158,21.150,21.143,21.143,21.135,21.135,21.135,21.135,21.135,21.135,21.143,21.143,21.143,21.135,21.135,21.127,21.127,21.127,21.127,21.127,21.127,21.127,21.127,21.135,21.135,21.135,21.135,21.143,21.143,21.143,21.150,21.158,21.173,21.181,21.197,21.204,21.220,21.220,21.220,21.227,21.227,21.220,21.220,21.220,21.227,21.227,21.227,21.243,21.250,21.266,21.281,21.297,21.320,21.343,21.358,21.358,21.351,21.327,21.304,21.297,21.304,21.320,21.327,21.335,21.335,21.327,21.320,21.320,21.327,21.335,21.335,21.343,21.351,21.358,21.366,21.366,21.374,21.374,21.374,21.366,21.366,21.366
,22.285,22.277,22.247,22.216,22.178,22.140,22.117,22.109,22.094,22.071,22.048,22.033,22.002,21.972,21.941,21.911,21.888,21.857,21.826,21.811,21.796,21.780,21.757,21.750,21.742,21.734,21.719,21.711,21.704,21.704,21.704,21.711,21.719,21.727,21.727,21.727,21.727,21.734,21.734,21.742,21.750,21.757,21.757,21.757,21.765,21.773,21.773,21.780,21.780,21.780,21.780,21.780,21.773,21.765,21.765,21.765,21.765,21.765,21.765,21.757,21.750,21.734,21.719,21.704,21.688,21.673,21.658,21.658,21.650,21.650,21.658,21.673,21.681,21.688,21.681,21.673,21.665,21.665,21.665,21.673,21.681,21.696,21.696,21.704,21.711,21.711,21.711,21.704,21.704,21.704,21.711,21.719,21.727,21.734,21.757,21.773,21.788,21.803,21.796,21.788,21.811,21.857,21.888,21.895,21.911,21.934,21.979,22.033,22.086,22.132,22.186,22.285,22.399,22.521,22.620,22.741,22.908,23.112,23.369,23.708,24.210,24.851,25.511,26.122,26.686,27.217,27.703,28.078,28.273,28.316,28.337,28.345,28.287,28.158,27.985,27.797,27.602,27.421,27.326,27.275,27.217,27.137,27.057,27.050,27.094,27.159,27.195,27.217,27.261,27.333,27.457,27.594,27.746,27.920,28.071,28.208,28.337,28.460,28.582,28.596,28.524,28.381,28.301,28.273,28.158,27.934,27.703,27.471,27.188,26.861,26.496,26.078,25.651,25.252,24.859,24.486,24.203,24.015,23.933,23.888,23.918,24.068,24.352,24.658,24.903,25.096,25.341,25.621,25.960,26.320,26.613,26.970,27.326,27.652,27.898,28.107,28.345,28.617,28.940,29.140,29.325,29.510,29.695,29.766,29.829,29.907,30.091,30.141,30.162,30.169,30.226,30.197,30.169,30.134,30.084,29.907,29.730,29.567,29.396,29.054,28.703,28.373,28.021,27.587,27.159,26.766,26.378,26.026,25.651,25.267,24.933,24.725,24.516,24.277,24.038,23.835,23.648,23.474,23.346,23.226,23.105,22.984,22.915,22.870,22.832,22.787,22.726,22.658,22.582,22.506,22.445,22.384,22.338,22.315,22.292,22.270,22.254,22.239,22.239,22.231,22.231,22.224,22.193,22.170,22.155,22.155,22.163,22.178,22.201,22.216,22.224,22.224,22.231,22.224,22.224,22.216,22.209,22.209,22.209,22.209,22.209,22.209,22.209,22.201,22.201,22.193,22.186,22.170,22.163,22.155,22.147,22.147,22.140,22.140,22.147,22.147,22.147,22.155,22.155,22.155,22.147,22.147,22.155,22.155,22.155,22.155,22.155,22.155,22.147,22.147,22.140,22.132,22.125,22.109,22.102,22.094,22.086,22.071,22.063,22.056,22.041,22.025,22.018,22.010,21.995,21.979,21.972,21.956,21.949,21.934,21.918,21.895,21.888,21.872,21.865,21.865,21.865,21.857,21.842,21.819,21.803,21.780,21.765,21.750,21.734,21.719,21.704,21.696,21.688,21.673,21.658,21.642,21.627,21.612,21.596,21.589,21.573,21.566,21.550,21.550,21.543,21.535,21.520,21.497,21.481,21.466,21.450,21.435,21.420,21.412,21.404,21.404,21.404,21.397,21.374,21.351,21.335,21.312,21.289,21.266,21.258,21.250,21.258,21.266,21.274,21.281,21.281,21.274,21.258,21.250,21.235,21.235,21.220,21.212,21.204,21.204,21.197,21.189,21.173,21.166,21.158,21.150,21.143,21.150,21.150,21.150,21.143,21.143,21.143,21.143,21.143,21.135,21.135,21.127,21.127,21.127,21.135,21.135,21.135,21.143,21.143,21.143,21.143,21.150,21.150,21.150,21.150,21.150,21.158,21.173,21.181,21.197,21.204,21.220,21.227,21.235,21.243,21.243,21.243,21.243,21.235,21.235,21.227,21.227,21.235,21.250,21.258,21.274,21.289,21.312,21.327,21.343,21.358,21.351,21.351,21.327,21.312,21.304,21.304,21.320,21.335,21.335,21.335,21.335,21.335,21.335,21.343,21.351,21.358,21.366,21.381,21.389,21.389,21.389,21.397,21.389,21.389,21.381,21.381,21.381
,22.292,22.285,22.254,22.224,22.186,22.147,22.125,22.117,22.102,22.086,22.056,22.041,22.018,21.979,21.949,21.918,21.888,21.857,21.826,21.811,21.796,21.780,21.765,21.757,21.750,21.750,21.734,21.727,21.727,21.734,21.734,21.734,21.742,21.750,21.750,21.750,21.742,21.750,21.750,21.757,21.765,21.765,21.773,21.773,21.773,21.773,21.780,21.788,21.788,21.796,21.796,21.788,21.788,21.780,21.780,21.773,21.773,21.765,21.757,21.750,21.742,21.734,21.719,21.704,21.696,21.681,21.673,21.673,21.673,21.681,21.688,21.696,21.704,21.711,21.704,21.688,21.673,21.665,21.665,21.673,21.681,21.688,21.696,21.704,21.711,21.711,21.711,21.696,21.696,21.688,21.696,21.696,21.704,21.719,21.734,21.757,21.773,21.788,21.780,21.773,21.788,21.826,21.865,21.872,21.888,21.911,21.949,22.002,22.056,22.094,22.155,22.247,22.353,22.468,22.566,22.673,22.817,22.999,23.218,23.535,23.970,24.524,25.126,25.732,26.298,26.831,27.348,27.746,27.992,28.093,28.158,28.215,28.201,28.093,27.912,27.710,27.507,27.326,27.217,27.145,27.079,27.006,26.926,26.926,26.963,27.028,27.065,27.086,27.137,27.210,27.326,27.471,27.631,27.797,27.956,28.086,28.201,28.316,28.445,28.431,28.337,28.201,28.114,28.042,27.912,27.717,27.464,27.152,26.839,26.532,26.151,25.739,25.333,24.948,24.583,24.285,24.060,23.918,23.850,23.805,23.835,23.948,24.165,24.412,24.628,24.836,25.074,25.326,25.614,25.923,26.246,26.576,26.912,27.232,27.522,27.782,28.049,28.330,28.675,28.982,29.211,29.375,29.545,29.716,29.836,29.929,30.063,30.190,30.240,30.233,30.254,30.268,30.240,30.169,30.098,30.014,29.886,29.709,29.553,29.332,29.047,28.703,28.381,28.006,27.602,27.174,26.780,26.386,25.982,25.577,25.185,24.896,24.658,24.434,24.158,23.918,23.715,23.542,23.407,23.278,23.150,23.037,22.946,22.893,22.855,22.809,22.749,22.680,22.612,22.528,22.452,22.391,22.346,22.323,22.300,22.270,22.254,22.239,22.239,22.239,22.231,22.216,22.193,22.170,22.155,22.155,22.155,22.178,22.193,22.209,22.216,22.224,22.224,22.224,22.224,22.216,22.209,22.201,22.193,22.193,22.193,22.193,22.193,22.193,22.193,22.193,22.186,22.170,22.163,22.155,22.147,22.147,22.140,22.140,22.140,22.140,22.147,22.147,22.147,22.147,22.147,22.147,22.147,22.147,22.147,22.140,22.140,22.140,22.140,22.140,22.132,22.132,22.125,22.109,22.102,22.102,22.086,22.079,22.063,22.056,22.048,22.033,22.018,22.018,22.002,21.995,21.979,21.972,21.956,21.941,21.926,21.903,21.888,21.880,21.872,21.872,21.872,21.865,21.849,21.826,21.811,21.788,21.773,21.757,21.742,21.727,21.711,21.704,21.688,21.681,21.665,21.658,21.642,21.619,21.604,21.596,21.581,21.573,21.558,21.558,21.550,21.535,21.520,21.504,21.481,21.466,21.450,21.443,21.427,21.420,21.412,21.412,21.412,21.397,21.374,21.358,21.335,21.320,21.297,21.281,21.274,21.274,21.274,21.289,21.297,21.297,21.297,21.289,21.281,21.266,21.258,21.243,21.235,21.220,21.212,21.212,21.204,21.204,21.189,21.181,21.166,21.158,21.158,21.158,21.158,21.158,21.150,21.150,21.143,21.135,21.135,21.127,21.127,21.135,21.135,21.135,21.143,21.150,21.150,21.158,21.158,21.158,21.158,21.166,21.166,21.166,21.166,21.166,21.173,21.181,21.197,21.204,21.212,21.220,21.235,21.243,21.250,21.250,21.258,21.250,21.250,21.250,21.243,21.243,21.250,21.258,21.274,21.289,21.312,21.327,21.335,21.343,21.351,21.351,21.343,21.327,21.312,21.304,21.312,21.327,21.335,21.343,21.351,21.351,21.351,21.358,21.366,21.374,21.381,21.389,21.404,21.412,21.412,21.412,21.412,21.412,21.412,21.404,21.412,21.412
,22.300,22.292,22.270,22.231,22.193,22.155,22.140,22.132,22.117,22.102,22.071,22.048,22.025,21.995,21.956,21.934,21.895,21.865,21.834,21.819,21.803,21.788,21.765,21.757,21.757,21.757,21.750,21.750,21.750,21.757,21.757,21.765,21.765,21.773,21.773,21.765,21.765,21.765,21.765,21.773,21.780,21.780,21.780,21.780,21.780,21.780,21.788,21.796,21.803,21.803,21.803,21.803,21.803,21.803,21.796,21.788,21.780,21.773,21.757,21.757,21.750,21.742,21.727,21.711,21.704,21.696,21.696,21.696,21.696,21.704,21.711,21.719,21.727,21.727,21.711,21.696,21.681,21.673,21.673,21.673,21.681,21.688,21.696,21.704,21.711,21.711,21.704,21.696,21.681,21.673,21.673,21.681,21.688,21.696,21.719,21.742,21.757,21.773,21.765,21.750,21.757,21.796,21.834,21.849,21.865,21.880,21.926,21.979,22.018,22.063,22.117,22.209,22.308,22.414,22.513,22.612,22.741,22.893,23.082,23.376,23.745,24.210,24.762,25.355,25.931,26.481,26.992,27.413,27.703,27.862,27.949,28.042,28.064,27.999,27.804,27.587,27.391,27.217,27.101,27.028,26.948,26.875,26.810,26.810,26.839,26.897,26.926,26.955,26.999,27.079,27.203,27.348,27.515,27.688,27.833,27.956,28.071,28.179,28.294,28.266,28.172,28.042,27.927,27.833,27.696,27.500,27.181,26.839,26.510,26.195,25.806,25.415,25.029,24.658,24.352,24.113,23.933,23.820,23.775,23.745,23.768,23.858,24.038,24.232,24.434,24.628,24.844,25.074,25.318,25.577,25.887,26.210,26.517,26.824,27.137,27.435,27.732,28.035,28.359,28.718,29.011,29.225,29.382,29.588,29.780,29.943,30.049,30.183,30.275,30.310,30.303,30.317,30.296,30.233,30.113,30.056,29.978,29.858,29.673,29.517,29.311,29.032,28.703,28.381,28.013,27.602,27.195,26.780,26.364,25.931,25.503,25.141,24.844,24.598,24.307,24.038,23.805,23.625,23.489,23.346,23.210,23.082,22.999,22.931,22.878,22.824,22.779,22.711,22.642,22.559,22.468,22.407,22.361,22.330,22.308,22.277,22.262,22.247,22.239,22.239,22.224,22.209,22.178,22.163,22.155,22.147,22.155,22.170,22.186,22.201,22.209,22.209,22.216,22.216,22.216,22.209,22.201,22.193,22.186,22.178,22.170,22.170,22.170,22.178,22.186,22.186,22.178,22.170,22.163,22.155,22.140,22.140,22.140,22.132,22.132,22.132,22.140,22.140,22.140,22.140,22.140,22.140,22.132,22.132,22.132,22.132,22.132,22.132,22.132,22.132,22.125,22.125,22.125,22.109,22.109,22.102,22.094,22.079,22.071,22.056,22.048,22.033,22.025,22.018,22.010,22.002,21.987,21.979,21.964,21.949,21.926,21.911,21.895,21.888,21.880,21.880,21.880,21.872,21.849,21.834,21.811,21.796,21.773,21.765,21.750,21.734,21.719,21.711,21.704,21.688,21.681,21.665,21.650,21.635,21.619,21.604,21.589,21.581,21.566,21.558,21.550,21.543,21.520,21.504,21.489,21.474,21.458,21.443,21.435,21.427,21.420,21.420,21.412,21.397,21.381,21.358,21.343,21.327,21.304,21.297,21.289,21.289,21.297,21.304,21.312,21.320,21.320,21.312,21.297,21.281,21.274,21.258,21.243,21.235,21.227,21.227,21.220,21.212,21.204,21.189,21.181,21.166,21.166,21.166,21.173,21.166,21.158,21.150,21.150,21.143,21.135,21.127,21.127,21.135,21.135,21.143,21.150,21.158,21.166,21.173,21.173,21.173,21.173,21.173,21.173,21.181,21.181,21.181,21.181,21.189,21.197,21.204,21.212,21.227,21.235,21.243,21.250,21.258,21.266,21.258,21.258,21.258,21.258,21.258,21.258,21.274,21.289,21.304,21.320,21.335,21.343,21.343,21.343,21.343,21.335,21.320,21.312,21.312,21.320,21.327,21.335,21.351,21.358,21.358,21.358,21.374,21.381,21.389,21.404,21.412,21.420,21.427,21.435,21.435,21.435,21.435,21.427,21.427,21.435,21.435
,22.308,22.300,22.277,22.239,22.201,22.170,22.147,22.140,22.132,22.109,22.079,22.063,22.041,22.010,21.972,21.949,21.911,21.872,21.842,21.826,21.811,21.788,21.773,21.765,21.765,21.765,21.765,21.765,21.765,21.773,21.780,21.780,21.788,21.796,21.788,21.780,21.780,21.780,21.780,21.780,21.788,21.796,21.796,21.796,21.796,21.796,21.803,21.803,21.811,21.819,21.819,21.819,21.819,21.819,21.811,21.803,21.788,21.780,21.773,21.765,21.757,21.750,21.734,21.727,21.719,21.711,21.711,21.711,21.719,21.727,21.727,21.734,21.734,21.734,21.719,21.704,21.688,21.673,21.673,21.673,21.681,21.688,21.696,21.696,21.704,21.704,21.688,21.681,21.665,21.658,21.658,21.658,21.665,21.681,21.696,21.719,21.734,21.750,21.742,21.719,21.734,21.773,21.803,21.826,21.834,21.849,21.903,21.956,21.995,22.025,22.079,22.163,22.254,22.346,22.452,22.544,22.650,22.787,22.968,23.233,23.550,23.940,24.471,25.037,25.607,26.166,26.664,27.101,27.421,27.616,27.710,27.826,27.884,27.840,27.638,27.435,27.246,27.086,26.985,26.904,26.831,26.759,26.707,26.707,26.737,26.773,26.802,26.824,26.875,26.955,27.079,27.232,27.406,27.580,27.717,27.833,27.941,28.042,28.129,28.107,28.013,27.876,27.717,27.631,27.486,27.254,26.868,26.532,26.202,25.850,25.474,25.096,24.732,24.397,24.173,23.955,23.798,23.723,23.715,23.700,23.723,23.805,23.970,24.150,24.330,24.494,24.680,24.896,25.111,25.326,25.584,25.901,26.202,26.474,26.773,27.079,27.399,27.725,28.028,28.359,28.711,29.032,29.218,29.403,29.631,29.893,30.035,30.134,30.247,30.367,30.360,30.346,30.339,30.324,30.176,30.070,30.014,29.985,29.815,29.631,29.481,29.318,29.011,28.696,28.381,28.042,27.623,27.210,26.780,26.334,25.894,25.481,25.111,24.799,24.509,24.210,23.940,23.730,23.587,23.437,23.286,23.150,23.059,22.984,22.915,22.862,22.809,22.749,22.680,22.597,22.498,22.422,22.376,22.338,22.315,22.292,22.270,22.262,22.247,22.239,22.224,22.193,22.170,22.155,22.147,22.147,22.147,22.163,22.170,22.178,22.193,22.201,22.209,22.209,22.209,22.201,22.193,22.178,22.170,22.163,22.155,22.147,22.155,22.163,22.163,22.170,22.163,22.155,22.147,22.140,22.132,22.132,22.125,22.125,22.117,22.125,22.125,22.125,22.125,22.125,22.125,22.125,22.117,22.117,22.117,22.117,22.117,22.125,22.125,22.125,22.125,22.117,22.117,22.109,22.109,22.102,22.094,22.079,22.071,22.056,22.048,22.033,22.033,22.025,22.018,22.002,21.995,21.979,21.964,21.949,21.934,21.918,21.903,21.888,21.888,21.888,21.880,21.872,21.857,21.842,21.819,21.796,21.780,21.765,21.757,21.734,21.727,21.719,21.711,21.696,21.688,21.673,21.665,21.642,21.627,21.612,21.604,21.581,21.573,21.566,21.558,21.543,21.527,21.512,21.497,21.474,21.466,21.450,21.443,21.435,21.427,21.427,21.420,21.404,21.389,21.374,21.358,21.343,21.320,21.312,21.304,21.304,21.312,21.320,21.335,21.343,21.335,21.327,21.320,21.304,21.289,21.274,21.258,21.250,21.243,21.243,21.243,21.235,21.220,21.204,21.189,21.181,21.181,21.189,21.189,21.189,21.173,21.166,21.158,21.150,21.143,21.143,21.143,21.143,21.150,21.150,21.158,21.166,21.166,21.173,21.173,21.173,21.181,21.181,21.181,21.181,21.181,21.189,21.189,21.197,21.197,21.212,21.220,21.227,21.235,21.243,21.250,21.266,21.266,21.274,21.274,21.274,21.274,21.274,21.274,21.281,21.297,21.312,21.320,21.327,21.335,21.335,21.335,21.327,21.320,21.320,21.312,21.320,21.320,21.327,21.335,21.351,21.358,21.358,21.366,21.381,21.397,21.412,21.420,21.427,21.435,21.443,21.450,21.458,21.458,21.450,21.450,21.450,21.450,21.450
,22.315,22.308,22.277,22.247,22.209,22.170,22.147,22.140,22.125,22.102,22.071,22.056,22.041,22.018,21.979,21.956,21.926,21.888,21.857,21.834,21.811,21.796,21.780,21.773,21.765,21.765,21.765,21.765,21.773,21.780,21.780,21.788,21.796,21.796,21.796,21.788,21.780,21.780,21.788,21.796,21.803,21.811,21.811,21.811,21.803,21.803,21.811,21.819,21.826,21.826,21.834,21.834,21.834,21.834,21.826,21.819,21.811,21.803,21.796,21.788,21.788,21.780,21.765,21.757,21.742,21.734,21.727,21.727,21.727,21.727,21.727,21.734,21.727,21.719,21.711,21.696,21.681,21.673,21.673,21.688,21.704,21.704,21.696,21.696,21.688,21.688,21.673,21.665,21.650,21.650,21.642,21.642,21.650,21.658,21.681,21.696,21.719,21.734,21.719,21.696,21.704,21.757,21.780,21.796,21.811,21.842,21.880,21.926,21.964,22.002,22.041,22.109,22.193,22.277,22.346,22.437,22.559,22.696,22.862,23.097,23.399,23.775,24.240,24.762,25.296,25.828,26.356,26.802,27.101,27.283,27.442,27.587,27.638,27.580,27.406,27.225,27.065,26.934,26.846,26.773,26.707,26.649,26.620,26.627,26.656,26.693,26.707,26.729,26.766,26.839,26.963,27.116,27.283,27.457,27.602,27.710,27.797,27.884,27.970,27.941,27.811,27.616,27.471,27.384,27.203,26.904,26.561,26.202,25.835,25.481,25.141,24.777,24.471,24.217,23.955,23.768,23.678,23.678,23.663,23.655,23.708,23.805,23.940,24.113,24.285,24.457,24.583,24.769,24.970,25.185,25.378,25.651,25.931,26.202,26.430,26.715,27.028,27.348,27.667,27.992,28.323,28.653,28.990,29.211,29.417,29.638,29.929,30.084,30.183,30.261,30.381,30.395,30.374,30.332,30.296,30.169,30.056,29.992,29.957,29.780,29.595,29.439,29.296,28.997,28.675,28.359,28.049,27.652,27.232,26.780,26.334,25.901,25.503,25.126,24.784,24.471,24.180,23.918,23.730,23.572,23.414,23.263,23.150,23.052,22.976,22.908,22.862,22.802,22.726,22.642,22.528,22.445,22.384,22.353,22.330,22.300,22.277,22.270,22.262,22.254,22.224,22.178,22.155,22.147,22.147,22.147,22.147,22.147,22.155,22.163,22.178,22.186,22.186,22.193,22.193,22.186,22.178,22.170,22.163,22.155,22.140,22.140,22.140,22.147,22.147,22.147,22.140,22.132,22.132,22.125,22.117,22.117,22.109,22.109,22.109,22.109,22.109,22.109,22.109,22.109,22.109,22.109,22.109,22.109,22.109,22.109,22.109,22.109,22.117,22.125,22.117,22.117,22.109,22.109,22.102,22.094,22.086,22.071,22.071,22.056,22.048,22.033,22.033,22.025,22.025,22.010,22.002,21.987,21.964,21.949,21.934,21.918,21.903,21.888,21.888,21.888,21.888,21.880,21.865,21.849,21.826,21.803,21.788,21.773,21.757,21.742,21.734,21.727,21.719,21.704,21.696,21.681,21.665,21.650,21.635,21.619,21.612,21.596,21.581,21.573,21.566,21.550,21.527,21.512,21.497,21.481,21.474,21.458,21.450,21.435,21.435,21.427,21.427,21.420,21.404,21.389,21.374,21.358,21.343,21.327,21.320,21.312,21.320,21.335,21.351,21.351,21.351,21.343,21.327,21.320,21.304,21.289,21.274,21.258,21.250,21.258,21.258,21.250,21.235,21.220,21.204,21.197,21.197,21.204,21.204,21.204,21.189,21.181,21.173,21.166,21.166,21.166,21.166,21.166,21.166,21.166,21.158,21.166,21.166,21.166,21.166,21.166,21.166,21.166,21.173,21.181,21.181,21.189,21.189,21.197,21.197,21.204,21.212,21.227,21.235,21.243,21.250,21.258,21.266,21.274,21.281,21.281,21.281,21.289,21.297,21.297,21.304,21.312,21.320,21.327,21.327,21.320,21.320,21.320,21.320,21.312,21.312,21.320,21.320,21.320,21.327,21.343,21.351,21.358,21.374,21.389,21.397,21.412,21.420,21.435,21.443,21.450,21.458,21.458,21.458,21.458,21.450,21.450,21.450,21.450
,22.315,22.308,22.277,22.239,22.193,22.155,22.132,22.109,22.086,22.056,22.033,22.018,22.002,21.987,21.964,21.949,21.918,21.895,21.865,21.842,21.819,21.796,21.780,21.765,21.765,21.757,21.757,21.757,21.765,21.773,21.780,21.788,21.788,21.796,21.796,21.788,21.788,21.788,21.796,21.803,21.811,21.819,21.819,21.819,21.811,21.811,21.819,21.826,21.834,21.834,21.842,21.849,21.849,21.849,21.842,21.834,21.826,21.819,21.819,21.819,21.811,21.803,21.788,21.780,21.765,21.750,21.742,21.734,21.734,21.727,21.719,21.719,21.711,21.704,21.688,21.681,21.665,21.665,21.681,21.696,21.711,21.719,21.704,21.696,21.681,21.665,21.658,21.650,21.642,21.635,21.635,21.642,21.642,21.650,21.665,21.681,21.704,21.711,21.704,21.681,21.688,21.727,21.757,21.773,21.788,21.811,21.849,21.895,21.926,21.964,22.002,22.056,22.125,22.201,22.262,22.338,22.429,22.559,22.726,22.923,23.203,23.550,23.963,24.442,24.933,25.444,25.960,26.430,26.766,26.992,27.188,27.391,27.479,27.421,27.254,27.072,26.912,26.795,26.700,26.627,26.569,26.525,26.510,26.525,26.561,26.598,26.613,26.634,26.671,26.729,26.839,26.985,27.130,27.275,27.384,27.479,27.565,27.645,27.739,27.674,27.515,27.297,27.137,27.021,26.831,26.547,26.180,25.798,25.437,25.104,24.769,24.486,24.217,23.955,23.700,23.587,23.550,23.565,23.572,23.587,23.648,23.760,23.903,24.030,24.188,24.367,24.494,24.635,24.821,25.037,25.237,25.437,25.673,25.931,26.158,26.386,26.649,26.955,27.275,27.602,27.927,28.258,28.582,28.882,29.140,29.368,29.624,29.886,30.070,30.162,30.240,30.339,30.367,30.332,30.289,30.219,30.127,30.042,29.971,29.858,29.702,29.531,29.403,29.189,28.904,28.560,28.273,27.956,27.587,27.152,26.700,26.268,25.857,25.451,25.044,24.702,24.389,24.105,23.880,23.685,23.512,23.339,23.218,23.105,23.014,22.938,22.885,22.832,22.764,22.665,22.551,22.452,22.391,22.361,22.338,22.300,22.285,22.285,22.277,22.270,22.224,22.170,22.147,22.140,22.147,22.140,22.140,22.147,22.147,22.147,22.155,22.163,22.170,22.178,22.178,22.170,22.170,22.163,22.155,22.147,22.140,22.132,22.132,22.132,22.132,22.132,22.125,22.117,22.109,22.109,22.102,22.102,22.102,22.102,22.094,22.094,22.094,22.094,22.094,22.094,22.094,22.102,22.094,22.094,22.094,22.094,22.102,22.109,22.117,22.117,22.117,22.109,22.102,22.094,22.086,22.086,22.079,22.071,22.063,22.056,22.048,22.033,22.033,22.033,22.025,22.018,22.002,21.987,21.964,21.949,21.926,21.918,21.903,21.888,21.888,21.888,21.888,21.880,21.865,21.849,21.826,21.811,21.796,21.780,21.765,21.750,21.734,21.734,21.719,21.704,21.696,21.681,21.665,21.650,21.635,21.627,21.612,21.596,21.581,21.573,21.566,21.543,21.527,21.512,21.504,21.489,21.474,21.458,21.450,21.435,21.435,21.435,21.427,21.427,21.412,21.397,21.381,21.366,21.351,21.335,21.327,21.320,21.327,21.343,21.358,21.358,21.358,21.351,21.335,21.327,21.312,21.297,21.281,21.274,21.266,21.266,21.266,21.266,21.250,21.235,21.227,21.212,21.212,21.212,21.220,21.220,21.212,21.204,21.197,21.197,21.197,21.197,21.189,21.189,21.181,21.173,21.166,21.158,21.150,21.143,21.143,21.143,21.143,21.150,21.158,21.166,21.173,21.181,21.181,21.189,21.197,21.204,21.212,21.227,21.235,21.243,21.243,21.258,21.266,21.274,21.281,21.289,21.297,21.297,21.304,21.304,21.304,21.304,21.304,21.312,21.312,21.304,21.304,21.312,21.312,21.312,21.320,21.320,21.327,21.327,21.343,21.351,21.358,21.366,21.374,21.381,21.397,21.404,21.420,21.427,21.443,21.450,21.450,21.458,21.458,21.450,21.450,21.450,21.450,21.450
,22.315,22.308,22.277,22.239,22.201,22.163,22.125,22.094,22.071,22.048,22.018,21.995,21.979,21.964,21.926,21.903,21.895,21.888,21.872,21.849,21.819,21.796,21.780,21.765,21.757,21.750,21.750,21.750,21.757,21.765,21.773,21.780,21.788,21.796,21.796,21.788,21.788,21.788,21.803,21.811,21.819,21.826,21.826,21.826,21.819,21.819,21.826,21.834,21.842,21.849,21.857,21.857,21.865,21.865,21.857,21.849,21.842,21.842,21.842,21.842,21.842,21.834,21.819,21.803,21.788,21.773,21.757,21.750,21.734,21.727,21.711,21.704,21.704,21.688,21.673,21.665,21.658,21.665,21.681,21.704,21.719,21.727,21.711,21.688,21.665,21.650,21.642,21.635,21.627,21.627,21.627,21.627,21.635,21.642,21.650,21.665,21.681,21.696,21.681,21.658,21.658,21.696,21.727,21.742,21.757,21.773,21.819,21.857,21.888,21.918,21.964,22.010,22.063,22.125,22.186,22.239,22.315,22.407,22.559,22.741,22.976,23.271,23.648,24.075,24.531,25.015,25.525,26.004,26.393,26.693,26.934,27.181,27.312,27.283,27.116,26.934,26.788,26.671,26.569,26.488,26.430,26.393,26.386,26.408,26.444,26.481,26.496,26.510,26.547,26.605,26.700,26.831,26.955,27.065,27.145,27.225,27.304,27.384,27.457,27.370,27.195,26.977,26.788,26.656,26.466,26.180,25.776,25.392,25.044,24.740,24.449,24.203,23.948,23.693,23.505,23.429,23.422,23.444,23.489,23.520,23.572,23.670,23.820,23.933,24.060,24.210,24.367,24.509,24.665,24.851,25.074,25.252,25.437,25.651,25.887,26.085,26.312,26.576,26.883,27.210,27.544,27.869,28.179,28.503,28.818,29.097,29.339,29.624,29.872,30.049,30.113,30.219,30.296,30.310,30.254,30.197,30.148,30.077,29.971,29.879,29.758,29.602,29.453,29.282,29.025,28.703,28.395,28.122,27.797,27.391,26.926,26.503,26.092,25.688,25.230,24.866,24.539,24.247,23.985,23.768,23.580,23.399,23.263,23.142,23.037,22.961,22.908,22.855,22.779,22.680,22.566,22.460,22.391,22.361,22.338,22.300,22.285,22.292,22.292,22.277,22.224,22.147,22.125,22.125,22.132,22.132,22.125,22.132,22.140,22.140,22.140,22.147,22.147,22.155,22.155,22.155,22.147,22.147,22.140,22.140,22.132,22.125,22.117,22.109,22.109,22.109,22.102,22.094,22.086,22.086,22.079,22.086,22.086,22.086,22.086,22.079,22.071,22.071,22.071,22.079,22.086,22.086,22.086,22.086,22.086,22.086,22.094,22.102,22.109,22.109,22.109,22.102,22.094,22.086,22.079,22.079,22.079,22.071,22.056,22.056,22.041,22.033,22.033,22.033,22.025,22.018,22.002,21.979,21.956,21.941,21.926,21.911,21.895,21.888,21.888,21.888,21.888,21.880,21.865,21.849,21.826,21.811,21.796,21.788,21.773,21.757,21.742,21.734,21.727,21.711,21.696,21.688,21.673,21.658,21.642,21.627,21.619,21.604,21.581,21.573,21.566,21.550,21.527,21.520,21.504,21.497,21.474,21.466,21.450,21.443,21.435,21.435,21.435,21.435,21.420,21.404,21.397,21.381,21.358,21.343,21.327,21.320,21.327,21.351,21.358,21.366,21.366,21.358,21.343,21.335,21.320,21.304,21.297,21.281,21.274,21.281,21.281,21.274,21.266,21.250,21.243,21.235,21.227,21.227,21.227,21.227,21.220,21.220,21.220,21.220,21.220,21.220,21.220,21.212,21.197,21.181,21.166,21.158,21.143,21.135,21.127,21.127,21.127,21.135,21.150,21.158,21.166,21.173,21.181,21.189,21.197,21.204,21.204,21.220,21.227,21.227,21.243,21.250,21.266,21.274,21.281,21.289,21.297,21.304,21.312,21.312,21.312,21.304,21.297,21.297,21.297,21.297,21.297,21.304,21.312,21.312,21.320,21.327,21.327,21.335,21.343,21.351,21.358,21.366,21.374,21.381,21.397,21.404,21.412,21.427,21.435,21.443,21.450,21.450,21.450,21.450,21.450,21.450,21.450,21.450
,22.315,22.308,22.285,22.254,22.224,22.186,22.140,22.109,22.094,22.079,22.033,22.002,21.979,21.956,21.880,21.849,21.857,21.880,21.872,21.849,21.819,21.788,21.773,21.765,21.757,21.750,21.750,21.750,21.757,21.765,21.773,21.780,21.788,21.796,21.796,21.788,21.788,21.796,21.803,21.819,21.826,21.842,21.842,21.834,21.834,21.834,21.842,21.849,21.857,21.865,21.872,21.872,21.880,21.880,21.872,21.865,21.865,21.865,21.865,21.865,21.857,21.849,21.842,21.826,21.811,21.796,21.773,21.765,21.750,21.727,21.711,21.704,21.704,21.696,21.673,21.665,21.658,21.665,21.681,21.704,21.711,21.719,21.704,21.681,21.658,21.635,21.627,21.619,21.612,21.612,21.612,21.619,21.627,21.627,21.635,21.642,21.658,21.673,21.658,21.635,21.635,21.658,21.688,21.711,21.727,21.742,21.773,21.819,21.849,21.880,21.918,21.964,22.010,22.048,22.102,22.155,22.201,22.254,22.369,22.536,22.726,22.961,23.309,23.685,24.098,24.553,25.059,25.533,25.967,26.356,26.642,26.934,27.108,27.137,26.955,26.788,26.656,26.547,26.444,26.364,26.298,26.254,26.254,26.276,26.312,26.342,26.356,26.371,26.408,26.459,26.554,26.671,26.773,26.853,26.912,26.977,27.050,27.116,27.152,27.065,26.890,26.656,26.444,26.312,26.107,25.798,25.370,25.007,24.688,24.412,24.195,23.940,23.693,23.474,23.376,23.309,23.293,23.339,23.407,23.444,23.482,23.557,23.700,23.820,23.925,24.023,24.195,24.367,24.509,24.650,24.866,25.074,25.237,25.378,25.607,25.820,26.019,26.224,26.517,26.846,27.174,27.500,27.819,28.114,28.445,28.804,29.097,29.339,29.609,29.886,30.006,30.077,30.169,30.261,30.212,30.141,30.106,30.091,29.978,29.858,29.751,29.645,29.489,29.304,29.075,28.797,28.460,28.186,27.884,27.522,27.057,26.634,26.239,25.828,25.355,24.985,24.650,24.345,24.068,23.843,23.640,23.459,23.316,23.180,23.067,22.976,22.923,22.870,22.794,22.688,22.574,22.468,22.391,22.353,22.330,22.292,22.285,22.300,22.300,22.270,22.201,22.109,22.094,22.102,22.102,22.102,22.109,22.117,22.125,22.125,22.117,22.125,22.125,22.125,22.132,22.125,22.125,22.125,22.117,22.117,22.117,22.109,22.094,22.086,22.086,22.079,22.071,22.063,22.063,22.063,22.063,22.063,22.071,22.071,22.063,22.063,22.056,22.056,22.056,22.063,22.063,22.071,22.071,22.071,22.071,22.071,22.079,22.086,22.094,22.094,22.094,22.086,22.079,22.071,22.063,22.063,22.063,22.063,22.056,22.048,22.041,22.025,22.025,22.025,22.025,22.010,21.995,21.972,21.949,21.934,21.918,21.903,21.895,21.888,21.888,21.888,21.880,21.872,21.865,21.849,21.826,21.811,21.803,21.788,21.773,21.757,21.750,21.742,21.734,21.711,21.704,21.688,21.681,21.658,21.642,21.635,21.627,21.604,21.589,21.581,21.573,21.550,21.535,21.527,21.512,21.497,21.481,21.474,21.458,21.450,21.443,21.450,21.450,21.450,21.435,21.427,21.412,21.397,21.374,21.351,21.335,21.327,21.335,21.351,21.366,21.374,21.374,21.358,21.351,21.335,21.327,21.312,21.304,21.297,21.289,21.289,21.289,21.281,21.274,21.258,21.250,21.250,21.243,21.243,21.243,21.235,21.235,21.235,21.235,21.235,21.235,21.243,21.235,21.227,21.212,21.197,21.181,21.158,21.143,21.135,21.135,21.127,21.127,21.135,21.150,21.158,21.166,21.166,21.173,21.181,21.189,21.189,21.189,21.197,21.204,21.212,21.227,21.235,21.250,21.258,21.274,21.289,21.297,21.312,21.320,21.320,21.320,21.304,21.297,21.281,21.281,21.281,21.281,21.289,21.297,21.297,21.312,21.320,21.327,21.327,21.335,21.343,21.358,21.374,21.381,21.397,21.404,21.404,21.412,21.427,21.435,21.443,21.443,21.443,21.450,21.450,21.443,21.443,21.443,21.443
,22.315,22.308,22.300,22.277,22.262,22.231,22.186,22.140,22.109,22.094,22.071,22.025,21.987,21.949,21.911,21.857,21.849,21.872,21.872,21.849,21.819,21.788,21.765,21.757,21.750,21.750,21.750,21.750,21.757,21.773,21.773,21.780,21.788,21.796,21.796,21.796,21.796,21.803,21.811,21.826,21.834,21.842,21.842,21.842,21.842,21.842,21.849,21.865,21.872,21.872,21.880,21.880,21.880,21.880,21.880,21.872,21.865,21.865,21.865,21.865,21.857,21.849,21.849,21.834,21.819,21.811,21.796,21.773,21.757,21.742,21.727,21.727,21.719,21.711,21.696,21.673,21.665,21.658,21.665,21.681,21.688,21.696,21.681,21.665,21.650,21.627,21.627,21.619,21.612,21.612,21.612,21.612,21.612,21.619,21.619,21.627,21.642,21.658,21.650,21.627,21.627,21.650,21.673,21.681,21.696,21.719,21.742,21.780,21.819,21.849,21.872,21.918,21.956,21.995,22.018,22.056,22.102,22.163,22.216,22.330,22.498,22.718,22.976,23.316,23.693,24.098,24.591,25.074,25.511,25.901,26.298,26.627,26.824,26.868,26.729,26.591,26.474,26.393,26.305,26.239,26.180,26.136,26.136,26.158,26.180,26.210,26.217,26.232,26.261,26.320,26.400,26.503,26.598,26.671,26.722,26.766,26.810,26.846,26.875,26.788,26.591,26.320,26.114,25.975,25.747,25.415,25.029,24.688,24.412,24.180,23.940,23.700,23.520,23.399,23.278,23.203,23.233,23.324,23.346,23.384,23.429,23.497,23.580,23.700,23.820,23.925,24.015,24.188,24.367,24.516,24.650,24.859,25.059,25.215,25.333,25.548,25.769,25.982,26.195,26.503,26.824,27.145,27.464,27.775,28.086,28.409,28.797,29.097,29.346,29.581,29.844,29.985,30.063,30.113,30.162,30.113,30.063,30.042,30.014,29.886,29.751,29.638,29.560,29.368,29.140,28.875,28.625,28.352,28.042,27.681,27.254,26.846,26.444,26.034,25.570,25.185,24.844,24.524,24.232,23.970,23.753,23.572,23.407,23.256,23.127,23.029,22.961,22.908,22.824,22.711,22.597,22.475,22.391,22.346,22.315,22.277,22.277,22.300,22.308,22.270,22.170,22.033,22.056,22.071,22.048,22.010,22.071,22.109,22.125,22.117,22.109,22.102,22.102,22.102,22.094,22.102,22.102,22.094,22.094,22.094,22.094,22.094,22.079,22.071,22.056,22.048,22.041,22.041,22.041,22.041,22.041,22.048,22.048,22.056,22.048,22.041,22.041,22.041,22.041,22.041,22.041,22.048,22.056,22.056,22.056,22.063,22.071,22.071,22.079,22.086,22.079,22.071,22.063,22.063,22.063,22.063,22.063,22.056,22.056,22.041,22.033,22.025,22.018,22.018,22.010,21.995,21.979,21.964,21.949,21.926,21.918,21.903,21.895,21.888,21.888,21.888,21.880,21.872,21.865,21.849,21.834,21.819,21.803,21.788,21.780,21.765,21.757,21.750,21.742,21.727,21.711,21.696,21.681,21.665,21.658,21.642,21.627,21.612,21.604,21.589,21.573,21.558,21.550,21.535,21.520,21.504,21.497,21.481,21.474,21.458,21.458,21.466,21.466,21.466,21.458,21.450,21.435,21.420,21.397,21.374,21.351,21.335,21.343,21.358,21.366,21.374,21.374,21.358,21.351,21.335,21.335,21.327,21.320,21.304,21.297,21.297,21.289,21.281,21.281,21.274,21.266,21.250,21.250,21.243,21.243,21.235,21.235,21.235,21.235,21.235,21.235,21.243,21.235,21.227,21.220,21.204,21.189,21.173,21.158,21.158,21.150,21.150,21.150,21.158,21.166,21.166,21.173,21.173,21.173,21.181,21.173,21.166,21.166,21.166,21.166,21.181,21.189,21.204,21.227,21.243,21.258,21.274,21.297,21.312,21.320,21.320,21.320,21.304,21.289,21.281,21.274,21.266,21.266,21.258,21.258,21.266,21.274,21.281,21.289,21.297,21.304,21.320,21.335,21.366,21.389,21.404,21.412,21.412,21.412,21.420,21.427,21.435,21.435,21.443,21.443,21.443,21.443,21.443,21.443,21.443
,22.315,22.308,22.300,22.285,22.270,22.239,22.193,22.155,22.125,22.102,22.086,22.048,22.010,21.979,21.949,21.888,21.857,21.865,21.895,21.857,21.819,21.780,21.757,21.750,21.750,21.742,21.742,21.750,21.757,21.773,21.773,21.780,21.788,21.796,21.796,21.796,21.796,21.803,21.811,21.819,21.834,21.842,21.842,21.842,21.849,21.849,21.865,21.872,21.880,21.888,21.888,21.888,21.888,21.880,21.872,21.865,21.865,21.857,21.849,21.849,21.849,21.842,21.842,21.834,21.826,21.819,21.803,21.788,21.773,21.757,21.750,21.750,21.750,21.742,21.719,21.688,21.665,21.650,21.642,21.650,21.658,21.658,21.650,21.650,21.642,21.635,21.627,21.619,21.612,21.604,21.596,21.604,21.604,21.604,21.612,21.619,21.627,21.642,21.642,21.642,21.635,21.642,21.658,21.673,21.688,21.704,21.727,21.757,21.788,21.826,21.849,21.872,21.911,21.949,21.972,21.995,22.025,22.079,22.132,22.209,22.330,22.521,22.749,23.029,23.354,23.723,24.173,24.650,25.096,25.503,25.901,26.268,26.496,26.569,26.452,26.342,26.276,26.246,26.188,26.129,26.078,26.048,26.056,26.078,26.100,26.122,26.122,26.129,26.158,26.202,26.276,26.364,26.437,26.488,26.510,26.532,26.539,26.539,26.561,26.437,26.232,25.967,25.761,25.607,25.385,25.074,24.717,24.412,24.150,23.918,23.693,23.535,23.407,23.286,23.165,23.142,23.188,23.278,23.309,23.331,23.376,23.459,23.535,23.610,23.715,23.828,23.918,24.038,24.195,24.367,24.516,24.673,24.851,25.044,25.185,25.326,25.511,25.739,25.960,26.202,26.488,26.802,27.123,27.442,27.754,28.071,28.424,28.775,29.082,29.339,29.581,29.822,29.985,30.056,30.077,30.070,30.063,30.056,30.035,29.957,29.836,29.702,29.624,29.489,29.289,29.032,28.804,28.567,28.280,27.912,27.471,27.086,26.700,26.290,25.806,25.407,25.052,24.725,24.389,24.098,23.865,23.670,23.489,23.316,23.180,23.074,22.999,22.931,22.840,22.726,22.612,22.490,22.391,22.338,22.315,22.277,22.270,22.300,22.308,22.270,22.155,22.018,22.041,22.048,22.025,21.987,22.056,22.102,22.125,22.125,22.102,22.086,22.079,22.079,22.071,22.079,22.079,22.079,22.079,22.079,22.079,22.071,22.063,22.048,22.041,22.033,22.025,22.025,22.025,22.025,22.025,22.033,22.033,22.041,22.033,22.033,22.033,22.033,22.025,22.025,22.025,22.033,22.041,22.041,22.048,22.056,22.063,22.063,22.071,22.071,22.063,22.063,22.056,22.056,22.056,22.056,22.056,22.056,22.048,22.041,22.033,22.018,22.010,22.002,21.995,21.979,21.972,21.956,21.941,21.926,21.918,21.903,21.895,21.888,21.888,21.888,21.880,21.872,21.857,21.842,21.834,21.819,21.803,21.788,21.780,21.765,21.757,21.757,21.742,21.734,21.719,21.711,21.696,21.673,21.658,21.650,21.635,21.619,21.604,21.596,21.589,21.566,21.550,21.543,21.527,21.512,21.497,21.489,21.481,21.474,21.474,21.481,21.489,21.481,21.481,21.466,21.450,21.427,21.404,21.381,21.358,21.343,21.343,21.358,21.366,21.374,21.358,21.351,21.343,21.335,21.327,21.320,21.312,21.304,21.304,21.297,21.289,21.281,21.274,21.266,21.258,21.250,21.250,21.243,21.243,21.235,21.227,21.227,21.227,21.227,21.227,21.227,21.227,21.227,21.220,21.212,21.204,21.197,21.189,21.181,21.181,21.181,21.181,21.181,21.189,21.189,21.189,21.181,21.173,21.166,21.150,21.143,21.135,21.135,21.135,21.143,21.158,21.173,21.197,21.220,21.243,21.266,21.289,21.304,21.304,21.312,21.304,21.289,21.274,21.266,21.258,21.250,21.235,21.220,21.227,21.227,21.227,21.235,21.235,21.235,21.243,21.250,21.266,21.335,21.389,21.412,21.420,21.420,21.412,21.420,21.427,21.427,21.427,21.435,21.435,21.435,21.435,21.435,21.435,21.435
,22.308,22.300,22.300,22.292,22.270,22.231,22.193,22.155,22.132,22.109,22.094,22.056,22.025,22.002,21.979,21.918,21.880,21.865,21.903,21.865,21.819,21.780,21.757,21.750,21.742,21.742,21.742,21.750,21.757,21.773,21.780,21.788,21.788,21.803,21.803,21.803,21.803,21.803,21.811,21.819,21.826,21.842,21.849,21.849,21.857,21.865,21.872,21.888,21.895,21.895,21.895,21.895,21.895,21.888,21.872,21.872,21.865,21.857,21.849,21.849,21.849,21.842,21.842,21.842,21.842,21.826,21.819,21.803,21.788,21.780,21.773,21.780,21.773,21.765,21.734,21.704,21.673,21.650,21.627,21.627,21.627,21.627,21.627,21.635,21.635,21.635,21.627,21.619,21.604,21.596,21.589,21.589,21.589,21.596,21.596,21.604,21.612,21.627,21.635,21.635,21.627,21.627,21.635,21.658,21.673,21.681,21.704,21.734,21.765,21.788,21.811,21.842,21.872,21.903,21.934,21.949,21.972,22.002,22.056,22.109,22.201,22.338,22.551,22.787,23.059,23.384,23.790,24.240,24.680,25.104,25.503,25.894,26.173,26.290,26.195,26.122,26.100,26.107,26.078,26.026,25.975,25.945,25.953,25.982,26.004,26.026,26.019,26.019,26.034,26.070,26.122,26.188,26.239,26.268,26.254,26.246,26.217,26.195,26.195,26.063,25.857,25.607,25.400,25.230,25.000,24.710,24.382,24.105,23.858,23.648,23.482,23.376,23.263,23.150,23.067,23.067,23.120,23.188,23.233,23.256,23.309,23.384,23.474,23.535,23.617,23.715,23.835,23.925,24.045,24.203,24.382,24.524,24.680,24.851,25.022,25.141,25.289,25.488,25.725,25.945,26.188,26.474,26.788,27.108,27.421,27.739,28.057,28.409,28.754,29.061,29.304,29.595,29.822,29.943,29.950,29.978,30.014,30.035,30.021,29.971,29.872,29.751,29.666,29.560,29.382,29.154,28.925,28.732,28.474,28.114,27.638,27.268,26.897,26.481,25.953,25.540,25.185,24.859,24.486,24.173,23.918,23.730,23.535,23.354,23.210,23.105,23.037,22.946,22.847,22.733,22.635,22.498,22.399,22.338,22.323,22.277,22.270,22.300,22.308,22.262,22.155,22.018,22.033,22.041,22.018,21.979,22.048,22.094,22.125,22.125,22.094,22.079,22.063,22.056,22.048,22.048,22.056,22.056,22.056,22.056,22.056,22.056,22.048,22.033,22.025,22.018,22.010,22.010,22.010,22.010,22.010,22.018,22.025,22.025,22.025,22.025,22.018,22.018,22.018,22.018,22.010,22.018,22.025,22.025,22.041,22.048,22.048,22.048,22.056,22.056,22.048,22.048,22.048,22.041,22.041,22.048,22.048,22.041,22.041,22.033,22.025,22.010,22.002,21.995,21.979,21.964,21.949,21.941,21.934,21.926,21.911,21.903,21.895,21.888,21.880,21.880,21.872,21.865,21.849,21.842,21.826,21.811,21.803,21.788,21.780,21.773,21.765,21.757,21.757,21.742,21.734,21.719,21.704,21.688,21.665,21.658,21.642,21.627,21.619,21.612,21.596,21.581,21.566,21.550,21.535,21.520,21.512,21.504,21.497,21.497,21.497,21.504,21.504,21.497,21.489,21.481,21.458,21.443,21.412,21.389,21.366,21.351,21.351,21.358,21.366,21.366,21.358,21.351,21.343,21.327,21.327,21.320,21.320,21.312,21.304,21.297,21.289,21.281,21.274,21.266,21.266,21.258,21.250,21.243,21.243,21.235,21.227,21.227,21.227,21.220,21.220,21.220,21.227,21.220,21.220,21.220,21.220,21.220,21.212,21.212,21.212,21.212,21.212,21.212,21.212,21.204,21.197,21.189,21.173,21.166,21.143,21.127,21.119,21.112,21.112,21.119,21.135,21.158,21.181,21.197,21.220,21.250,21.274,21.281,21.289,21.289,21.266,21.250,21.243,21.243,21.243,21.235,21.220,21.212,21.220,21.220,21.220,21.227,21.227,21.235,21.243,21.250,21.258,21.327,21.381,21.412,21.412,21.412,21.404,21.404,21.412,21.412,21.412,21.420,21.420,21.420,21.420,21.420,21.427,21.427
,22.308,22.308,22.300,22.292,22.262,22.224,22.186,22.155,22.125,22.102,22.086,22.063,22.041,22.018,21.987,21.934,21.895,21.872,21.895,21.857,21.811,21.773,21.750,21.750,21.742,21.742,21.742,21.750,21.765,21.780,21.788,21.788,21.796,21.803,21.803,21.803,21.803,21.811,21.819,21.826,21.834,21.842,21.849,21.857,21.865,21.872,21.888,21.895,21.903,21.911,21.911,21.911,21.903,21.895,21.888,21.888,21.880,21.872,21.865,21.865,21.865,21.857,21.857,21.857,21.857,21.849,21.834,21.826,21.811,21.796,21.796,21.796,21.796,21.780,21.750,21.719,21.681,21.650,21.627,21.619,21.619,21.612,21.619,21.627,21.627,21.627,21.619,21.612,21.596,21.581,21.573,21.573,21.573,21.573,21.581,21.589,21.596,21.604,21.612,21.612,21.604,21.604,21.604,21.627,21.642,21.650,21.673,21.704,21.727,21.750,21.773,21.803,21.826,21.857,21.888,21.918,21.926,21.934,21.964,22.033,22.094,22.186,22.353,22.566,22.802,23.067,23.429,23.828,24.255,24.695,25.111,25.525,25.842,26.019,25.967,25.931,25.945,25.990,25.967,25.916,25.864,25.820,25.835,25.864,25.887,25.894,25.887,25.879,25.879,25.901,25.938,25.975,26.004,26.004,25.967,25.916,25.857,25.813,25.798,25.666,25.466,25.222,25.007,24.829,24.598,24.307,24.023,23.768,23.550,23.384,23.293,23.195,23.089,22.999,22.976,22.976,23.014,23.074,23.135,23.173,23.210,23.278,23.399,23.474,23.535,23.602,23.730,23.843,23.940,24.045,24.225,24.397,24.539,24.665,24.836,24.985,25.104,25.237,25.474,25.717,25.938,26.158,26.459,26.766,27.079,27.391,27.710,28.021,28.359,28.711,29.011,29.296,29.553,29.737,29.766,29.794,29.865,29.950,29.957,29.900,29.822,29.723,29.645,29.531,29.375,29.175,28.961,28.804,28.574,28.222,27.732,27.362,26.999,26.591,26.012,25.584,25.230,24.896,24.516,24.188,23.933,23.745,23.550,23.361,23.218,23.120,23.052,22.953,22.847,22.733,22.642,22.513,22.407,22.346,22.330,22.292,22.285,22.292,22.292,22.247,22.140,22.018,22.025,22.033,22.010,21.987,22.041,22.086,22.117,22.117,22.086,22.063,22.041,22.033,22.025,22.025,22.025,22.025,22.025,22.033,22.033,22.033,22.025,22.018,22.002,21.995,21.995,21.995,21.995,21.995,21.995,22.002,22.010,22.010,22.010,22.010,22.002,22.002,22.002,22.002,21.995,21.995,22.010,22.018,22.025,22.033,22.033,22.033,22.033,22.033,22.033,22.033,22.033,22.025,22.025,22.033,22.033,22.025,22.018,22.018,22.002,21.995,21.979,21.972,21.956,21.941,21.926,21.918,21.918,21.911,21.895,21.895,21.888,21.880,21.872,21.872,21.865,21.857,21.849,21.834,21.826,21.811,21.803,21.796,21.788,21.780,21.773,21.773,21.765,21.750,21.742,21.727,21.711,21.688,21.673,21.665,21.658,21.642,21.627,21.619,21.612,21.596,21.581,21.566,21.550,21.543,21.527,21.520,21.520,21.512,21.520,21.520,21.520,21.520,21.504,21.497,21.474,21.450,21.420,21.397,21.381,21.366,21.358,21.366,21.366,21.374,21.358,21.351,21.343,21.335,21.335,21.327,21.327,21.320,21.312,21.304,21.297,21.289,21.274,21.274,21.274,21.266,21.258,21.250,21.250,21.250,21.243,21.235,21.235,21.227,21.227,21.227,21.227,21.227,21.227,21.227,21.235,21.235,21.243,21.243,21.243,21.243,21.235,21.235,21.227,21.220,21.212,21.204,21.189,21.173,21.158,21.143,21.127,21.119,21.119,21.127,21.143,21.158,21.173,21.189,21.204,21.220,21.243,21.266,21.266,21.258,21.220,21.212,21.212,21.220,21.227,21.227,21.227,21.235,21.235,21.243,21.250,21.266,21.274,21.289,21.297,21.304,21.320,21.351,21.374,21.397,21.397,21.397,21.389,21.389,21.389,21.389,21.389,21.389,21.389,21.389,21.397,21.404,21.420,21.420
,22.315,22.315,22.308,22.292,22.262,22.224,22.193,22.163,22.132,22.102,22.086,22.063,22.041,22.018,21.979,21.934,21.903,21.872,21.872,21.842,21.803,21.773,21.750,21.750,21.742,21.742,21.742,21.757,21.773,21.788,21.788,21.788,21.796,21.803,21.803,21.803,21.811,21.819,21.819,21.826,21.834,21.849,21.857,21.872,21.880,21.888,21.903,21.911,21.918,21.918,21.926,21.926,21.918,21.918,21.918,21.918,21.911,21.911,21.911,21.903,21.895,21.895,21.888,21.888,21.888,21.880,21.857,21.842,21.826,21.811,21.803,21.796,21.788,21.773,21.742,21.719,21.688,21.665,21.650,21.642,21.635,21.627,21.619,21.627,21.619,21.619,21.604,21.596,21.581,21.566,21.558,21.558,21.558,21.566,21.566,21.566,21.566,21.573,21.573,21.566,21.558,21.550,21.558,21.581,21.596,21.612,21.635,21.658,21.681,21.704,21.727,21.757,21.788,21.819,21.834,21.865,21.895,21.911,21.903,21.934,21.995,22.094,22.178,22.346,22.551,22.787,23.082,23.437,23.813,24.217,24.688,25.141,25.496,25.710,25.732,25.732,25.776,25.857,25.850,25.776,25.702,25.658,25.666,25.695,25.717,25.732,25.717,25.702,25.695,25.695,25.710,25.747,25.754,25.725,25.673,25.592,25.518,25.466,25.392,25.237,25.022,24.777,24.561,24.382,24.158,23.880,23.632,23.437,23.293,23.188,23.082,23.014,22.953,22.900,22.870,22.870,22.915,22.984,23.029,23.074,23.127,23.195,23.293,23.392,23.467,23.535,23.610,23.745,23.858,23.955,24.060,24.240,24.412,24.546,24.658,24.792,24.940,25.089,25.237,25.466,25.710,25.938,26.151,26.430,26.729,27.035,27.355,27.660,27.956,28.251,28.596,28.925,29.175,29.339,29.417,29.489,29.588,29.702,29.737,29.702,29.609,29.496,29.439,29.346,29.204,29.011,28.818,28.689,28.481,28.165,27.717,27.370,27.014,26.598,26.004,25.577,25.230,24.903,24.531,24.188,23.933,23.745,23.557,23.361,23.218,23.135,23.059,22.953,22.840,22.733,22.650,22.521,22.414,22.346,22.338,22.338,22.315,22.292,22.254,22.193,22.102,22.018,22.018,22.025,22.010,21.987,22.033,22.079,22.102,22.102,22.071,22.048,22.025,22.010,21.995,21.995,21.995,21.987,21.995,22.002,22.002,22.010,22.002,21.995,21.987,21.987,21.979,21.979,21.979,21.979,21.979,21.987,21.987,21.995,21.995,21.995,21.995,21.995,21.987,21.987,21.987,21.987,21.995,22.002,22.018,22.025,22.025,22.025,22.025,22.025,22.018,22.018,22.018,22.010,22.010,22.010,22.010,22.010,22.002,21.995,21.987,21.979,21.956,21.949,21.934,21.918,21.903,21.903,21.903,21.895,21.888,21.880,21.872,21.872,21.865,21.857,21.849,21.849,21.842,21.834,21.826,21.811,21.803,21.796,21.788,21.780,21.780,21.773,21.773,21.765,21.750,21.734,21.719,21.704,21.688,21.673,21.665,21.650,21.642,21.635,21.627,21.612,21.596,21.581,21.566,21.558,21.543,21.543,21.535,21.527,21.527,21.535,21.535,21.527,21.520,21.504,21.489,21.466,21.443,21.420,21.404,21.389,21.381,21.389,21.389,21.389,21.381,21.374,21.374,21.366,21.358,21.358,21.358,21.351,21.335,21.327,21.312,21.304,21.289,21.289,21.289,21.281,21.274,21.274,21.274,21.266,21.258,21.258,21.250,21.243,21.235,21.243,21.243,21.243,21.243,21.243,21.250,21.250,21.243,21.243,21.243,21.243,21.243,21.235,21.235,21.227,21.227,21.220,21.212,21.204,21.197,21.181,21.173,21.166,21.166,21.173,21.181,21.189,21.189,21.189,21.189,21.197,21.212,21.227,21.235,21.243,21.227,21.220,21.227,21.235,21.250,21.258,21.266,21.281,21.281,21.289,21.297,21.312,21.327,21.343,21.351,21.358,21.358,21.374,21.381,21.397,21.397,21.381,21.381,21.381,21.381,21.381,21.381,21.381,21.381,21.381,21.381,21.397,21.435,21.443
,22.323,22.323,22.330,22.308,22.270,22.231,22.209,22.178,22.147,22.109,22.094,22.071,22.048,22.018,21.972,21.941,21.911,21.880,21.865,21.842,21.811,21.780,21.757,21.750,21.750,21.750,21.757,21.765,21.780,21.796,21.796,21.796,21.796,21.803,21.803,21.803,21.811,21.819,21.826,21.834,21.842,21.849,21.865,21.880,21.895,21.903,21.911,21.918,21.926,21.926,21.934,21.934,21.934,21.934,21.941,21.941,21.949,21.949,21.941,21.941,21.934,21.926,21.918,21.918,21.911,21.895,21.880,21.865,21.842,21.819,21.803,21.788,21.773,21.757,21.734,21.719,21.696,21.681,21.673,21.665,21.665,21.650,21.642,21.627,21.619,21.604,21.581,21.573,21.558,21.550,21.543,21.550,21.550,21.550,21.550,21.550,21.550,21.550,21.543,21.535,21.520,21.504,21.504,21.527,21.550,21.573,21.596,21.619,21.642,21.665,21.688,21.711,21.742,21.780,21.796,21.819,21.849,21.872,21.880,21.880,21.911,21.987,22.071,22.170,22.323,22.528,22.779,23.082,23.407,23.768,24.203,24.688,25.081,25.341,25.392,25.437,25.518,25.629,25.651,25.584,25.518,25.481,25.503,25.548,25.577,25.584,25.562,25.540,25.525,25.511,25.511,25.518,25.503,25.459,25.378,25.281,25.200,25.118,25.029,24.866,24.643,24.397,24.165,23.985,23.790,23.565,23.361,23.210,23.105,23.021,22.938,22.893,22.870,22.840,22.802,22.817,22.862,22.931,22.976,23.021,23.074,23.142,23.218,23.301,23.384,23.467,23.535,23.640,23.760,23.873,23.970,24.098,24.247,24.419,24.539,24.628,24.747,24.903,25.067,25.259,25.474,25.702,25.916,26.144,26.400,26.693,27.014,27.312,27.594,27.862,28.172,28.539,28.811,28.982,29.054,29.161,29.304,29.460,29.531,29.503,29.425,29.325,29.282,29.218,29.090,28.904,28.732,28.617,28.438,28.158,27.739,27.413,27.072,26.664,26.070,25.643,25.289,24.970,24.591,24.232,23.963,23.775,23.580,23.384,23.233,23.142,23.067,22.953,22.840,22.733,22.650,22.521,22.414,22.353,22.353,22.346,22.330,22.292,22.270,22.209,22.117,22.018,22.018,22.025,22.002,21.987,22.033,22.071,22.094,22.094,22.071,22.041,22.018,21.995,21.987,21.979,21.972,21.972,21.979,21.979,21.987,21.995,21.987,21.987,21.979,21.979,21.972,21.964,21.964,21.964,21.964,21.972,21.979,21.979,21.979,21.979,21.979,21.979,21.979,21.979,21.979,21.979,21.987,21.995,22.002,22.010,22.018,22.010,22.010,22.010,22.010,22.002,22.002,21.995,21.995,21.995,21.987,21.987,21.979,21.979,21.972,21.956,21.941,21.926,21.911,21.895,21.888,21.880,21.880,21.880,21.872,21.865,21.865,21.857,21.857,21.849,21.849,21.842,21.834,21.826,21.819,21.811,21.803,21.803,21.796,21.788,21.780,21.780,21.780,21.773,21.757,21.742,21.727,21.711,21.696,21.681,21.673,21.665,21.650,21.642,21.635,21.627,21.612,21.596,21.581,21.573,21.558,21.550,21.543,21.543,21.535,21.535,21.535,21.527,21.512,21.504,21.489,21.474,21.450,21.435,21.420,21.404,21.404,21.412,21.412,21.412,21.404,21.404,21.397,21.389,21.381,21.381,21.374,21.366,21.358,21.351,21.335,21.327,21.320,21.312,21.312,21.312,21.304,21.304,21.304,21.304,21.289,21.281,21.274,21.274,21.266,21.258,21.258,21.258,21.258,21.250,21.250,21.250,21.235,21.235,21.235,21.235,21.227,21.227,21.227,21.235,21.235,21.235,21.235,21.235,21.235,21.235,21.235,21.243,21.243,21.243,21.243,21.235,21.220,21.204,21.197,21.189,21.197,21.212,21.220,21.235,21.243,21.250,21.258,21.266,21.274,21.289,21.304,21.312,21.320,21.320,21.327,21.335,21.351,21.358,21.366,21.366,21.366,21.366,21.366,21.366,21.366,21.358,21.351,21.351,21.351,21.358,21.358,21.358,21.358,21.358,21.366,21.374,21.397,21.397
,22.330,22.338,22.353,22.323,22.285,22.247,22.224,22.193,22.155,22.117,22.094,22.079,22.056,22.018,21.979,21.956,21.918,21.880,21.865,21.857,21.834,21.788,21.765,21.750,21.750,21.757,21.765,21.780,21.788,21.803,21.803,21.803,21.803,21.803,21.803,21.811,21.811,21.819,21.834,21.842,21.849,21.865,21.880,21.888,21.903,21.911,21.918,21.926,21.926,21.934,21.941,21.941,21.949,21.956,21.964,21.972,21.979,21.987,21.979,21.979,21.972,21.964,21.956,21.949,21.934,21.918,21.895,21.880,21.857,21.834,21.803,21.788,21.765,21.742,21.727,21.711,21.704,21.696,21.696,21.696,21.688,21.673,21.650,21.635,21.612,21.589,21.566,21.550,21.543,21.535,21.527,21.535,21.535,21.535,21.527,21.527,21.527,21.520,21.512,21.504,21.489,21.474,21.474,21.489,21.512,21.527,21.550,21.581,21.604,21.635,21.650,21.673,21.704,21.734,21.765,21.780,21.803,21.826,21.849,21.849,21.857,21.888,21.964,22.033,22.132,22.277,22.513,22.764,23.044,23.354,23.738,24.210,24.628,24.918,25.007,25.089,25.215,25.363,25.415,25.378,25.333,25.318,25.370,25.422,25.451,25.459,25.437,25.407,25.385,25.348,25.318,25.296,25.259,25.193,25.096,24.977,24.866,24.777,24.680,24.501,24.285,24.038,23.828,23.663,23.497,23.316,23.165,23.052,22.961,22.893,22.847,22.824,22.802,22.787,22.771,22.794,22.832,22.878,22.931,22.976,23.029,23.089,23.165,23.226,23.301,23.392,23.474,23.557,23.655,23.775,23.880,23.978,24.105,24.262,24.412,24.494,24.583,24.717,24.896,25.067,25.259,25.459,25.680,25.887,26.114,26.378,26.693,26.992,27.268,27.529,27.804,28.179,28.481,28.660,28.718,28.847,29.025,29.218,29.318,29.311,29.254,29.182,29.161,29.111,29.004,28.839,28.668,28.567,28.416,28.165,27.761,27.450,27.123,26.737,26.144,25.725,25.378,25.059,24.658,24.292,24.008,23.813,23.617,23.407,23.248,23.158,23.082,22.961,22.840,22.726,22.650,22.521,22.407,22.346,22.353,22.353,22.330,22.292,22.277,22.224,22.132,22.025,22.025,22.018,22.002,21.979,22.025,22.063,22.086,22.086,22.056,22.033,22.010,21.987,21.972,21.964,21.956,21.956,21.956,21.964,21.972,21.979,21.979,21.972,21.972,21.972,21.964,21.964,21.956,21.956,21.956,21.964,21.972,21.972,21.972,21.972,21.972,21.972,21.972,21.972,21.972,21.972,21.979,21.987,21.995,22.002,22.002,22.002,22.002,21.995,21.995,21.995,21.987,21.979,21.979,21.972,21.972,21.964,21.956,21.956,21.949,21.934,21.918,21.903,21.888,21.880,21.865,21.857,21.857,21.857,21.849,21.849,21.849,21.849,21.842,21.842,21.834,21.834,21.826,21.826,21.819,21.811,21.811,21.803,21.796,21.796,21.788,21.788,21.780,21.773,21.757,21.750,21.734,21.719,21.704,21.688,21.681,21.673,21.658,21.658,21.650,21.642,21.627,21.612,21.596,21.581,21.573,21.566,21.558,21.550,21.543,21.543,21.535,21.527,21.512,21.504,21.489,21.474,21.458,21.443,21.435,21.420,21.420,21.427,21.427,21.435,21.420,21.420,21.420,21.412,21.397,21.397,21.389,21.381,21.366,21.366,21.358,21.351,21.343,21.335,21.335,21.335,21.343,21.343,21.343,21.343,21.335,21.327,21.312,21.304,21.304,21.297,21.289,21.289,21.281,21.274,21.266,21.258,21.243,21.235,21.227,21.227,21.227,21.227,21.235,21.235,21.243,21.250,21.258,21.274,21.281,21.289,21.297,21.304,21.304,21.304,21.297,21.289,21.266,21.250,21.227,21.212,21.220,21.227,21.235,21.250,21.274,21.289,21.297,21.304,21.304,21.320,21.327,21.335,21.343,21.343,21.343,21.343,21.358,21.358,21.358,21.358,21.358,21.358,21.358,21.358,21.358,21.351,21.351,21.351,21.358,21.366,21.366,21.374,21.374,21.374,21.381,21.389,21.389,21.389
,22.338,22.346,22.369,22.338,22.300,22.262,22.231,22.201,22.163,22.125,22.102,22.086,22.056,22.025,21.995,21.964,21.926,21.888,21.872,21.895,21.872,21.811,21.780,21.765,21.765,21.773,21.780,21.788,21.796,21.811,21.811,21.803,21.803,21.803,21.803,21.811,21.819,21.826,21.834,21.842,21.857,21.872,21.880,21.895,21.903,21.918,21.926,21.934,21.934,21.941,21.956,21.956,21.972,21.979,21.995,22.002,22.010,22.018,22.018,22.010,22.002,21.995,21.979,21.972,21.956,21.941,21.918,21.903,21.880,21.849,21.819,21.788,21.757,21.734,21.719,21.719,21.711,21.711,21.711,21.704,21.704,21.688,21.658,21.627,21.596,21.573,21.550,21.535,21.520,21.512,21.512,21.512,21.512,21.512,21.504,21.504,21.497,21.497,21.481,21.474,21.458,21.450,21.458,21.474,21.489,21.497,21.512,21.543,21.573,21.596,21.612,21.635,21.658,21.688,21.727,21.742,21.757,21.765,21.803,21.834,21.826,21.803,21.849,21.926,21.987,22.056,22.262,22.483,22.718,22.968,23.309,23.745,24.143,24.457,24.606,24.725,24.896,25.081,25.163,25.155,25.141,25.155,25.237,25.304,25.333,25.341,25.318,25.281,25.244,25.193,25.133,25.074,25.015,24.940,24.829,24.673,24.539,24.427,24.322,24.143,23.933,23.715,23.542,23.407,23.271,23.127,23.029,22.938,22.855,22.802,22.802,22.779,22.756,22.741,22.764,22.787,22.809,22.840,22.900,22.946,22.991,23.044,23.112,23.165,23.226,23.293,23.399,23.482,23.565,23.655,23.775,23.880,23.993,24.105,24.255,24.367,24.449,24.539,24.695,24.896,25.074,25.230,25.429,25.636,25.857,26.100,26.400,26.686,26.955,27.217,27.486,27.847,28.150,28.345,28.402,28.539,28.732,28.947,29.075,29.097,29.082,29.047,29.040,29.011,28.918,28.768,28.603,28.510,28.381,28.158,27.768,27.457,27.145,26.773,26.195,25.783,25.444,25.126,24.717,24.345,24.053,23.843,23.640,23.429,23.263,23.165,23.082,22.953,22.832,22.726,22.650,22.521,22.407,22.346,22.353,22.353,22.330,22.292,22.270,22.224,22.140,22.033,22.025,22.018,22.002,21.979,22.010,22.048,22.071,22.071,22.048,22.025,22.002,21.979,21.964,21.949,21.941,21.934,21.941,21.949,21.956,21.956,21.964,21.964,21.964,21.956,21.956,21.956,21.949,21.949,21.949,21.956,21.956,21.956,21.956,21.956,21.956,21.956,21.956,21.956,21.964,21.972,21.972,21.979,21.987,21.987,21.987,21.987,21.987,21.979,21.979,21.979,21.972,21.964,21.956,21.956,21.949,21.941,21.934,21.926,21.918,21.911,21.895,21.888,21.872,21.857,21.842,21.842,21.834,21.834,21.826,21.826,21.826,21.834,21.826,21.826,21.826,21.819,21.819,21.819,21.811,21.803,21.803,21.803,21.803,21.796,21.796,21.796,21.788,21.773,21.765,21.750,21.742,21.727,21.711,21.704,21.688,21.681,21.673,21.665,21.658,21.642,21.635,21.619,21.612,21.596,21.589,21.581,21.573,21.566,21.558,21.550,21.543,21.535,21.512,21.504,21.497,21.474,21.466,21.450,21.443,21.427,21.427,21.435,21.435,21.435,21.427,21.420,21.420,21.412,21.397,21.389,21.381,21.381,21.374,21.374,21.374,21.366,21.351,21.343,21.343,21.351,21.366,21.374,21.381,21.389,21.381,21.374,21.366,21.358,21.351,21.343,21.335,21.320,21.312,21.304,21.297,21.281,21.266,21.258,21.250,21.243,21.243,21.243,21.243,21.250,21.258,21.266,21.281,21.289,21.304,21.320,21.327,21.335,21.343,21.335,21.335,21.327,21.312,21.297,21.281,21.266,21.274,21.281,21.274,21.274,21.304,21.320,21.327,21.327,21.327,21.343,21.343,21.351,21.351,21.351,21.343,21.343,21.351,21.351,21.351,21.351,21.358,21.358,21.366,21.366,21.374,21.374,21.381,21.381,21.389,21.404,21.412,21.420,21.427,21.427,21.435,21.435,21.427,21.427
,22.361,22.369,22.384,22.361,22.323,22.270,22.231,22.209,22.178,22.140,22.102,22.086,22.063,22.041,22.002,21.972,21.934,21.903,21.880,21.895,21.880,21.826,21.796,21.780,21.780,21.780,21.780,21.796,21.803,21.811,21.811,21.803,21.803,21.803,21.803,21.811,21.819,21.834,21.842,21.849,21.865,21.880,21.888,21.903,21.911,21.926,21.934,21.941,21.949,21.956,21.964,21.972,21.987,22.002,22.018,22.025,22.033,22.041,22.041,22.033,22.025,22.018,22.002,21.995,21.979,21.964,21.941,21.934,21.911,21.872,21.842,21.803,21.773,21.742,21.727,21.719,21.719,21.711,21.711,21.704,21.696,21.673,21.642,21.612,21.581,21.550,21.527,21.520,21.504,21.497,21.489,21.489,21.489,21.481,21.474,21.474,21.466,21.458,21.450,21.435,21.427,21.435,21.443,21.458,21.466,21.474,21.489,21.504,21.535,21.566,21.581,21.596,21.619,21.642,21.665,21.681,21.696,21.719,21.742,21.773,21.788,21.796,21.765,21.811,21.880,21.949,22.025,22.231,22.445,22.665,22.923,23.293,23.663,23.993,24.210,24.389,24.606,24.836,24.948,24.948,24.940,24.970,25.067,25.133,25.155,25.148,25.118,25.089,25.044,24.985,24.896,24.821,24.755,24.680,24.553,24.374,24.210,24.083,23.970,23.820,23.655,23.482,23.324,23.210,23.089,22.968,22.885,22.832,22.787,22.749,22.733,22.718,22.718,22.726,22.733,22.749,22.771,22.817,22.847,22.893,22.931,22.976,23.052,23.112,23.173,23.226,23.316,23.414,23.497,23.565,23.655,23.775,23.895,24.000,24.098,24.210,24.315,24.419,24.531,24.702,24.888,25.059,25.193,25.378,25.592,25.835,26.100,26.342,26.583,26.831,27.108,27.442,27.732,27.927,27.999,28.172,28.388,28.625,28.775,28.825,28.832,28.818,28.839,28.818,28.732,28.596,28.460,28.395,28.273,28.049,27.674,27.370,27.057,26.686,26.151,25.754,25.415,25.096,24.710,24.337,24.053,23.843,23.640,23.429,23.263,23.165,23.074,22.946,22.824,22.718,22.650,22.521,22.414,22.353,22.361,22.353,22.323,22.285,22.262,22.216,22.132,22.033,22.018,22.010,21.995,21.979,21.995,22.033,22.048,22.048,22.033,22.010,21.995,21.972,21.956,21.941,21.934,21.934,21.926,21.934,21.934,21.941,21.949,21.949,21.956,21.956,21.956,21.949,21.949,21.949,21.949,21.949,21.949,21.956,21.949,21.949,21.949,21.949,21.956,21.956,21.956,21.964,21.972,21.972,21.972,21.972,21.979,21.972,21.972,21.972,21.964,21.964,21.956,21.956,21.941,21.934,21.926,21.918,21.903,21.903,21.895,21.888,21.872,21.865,21.857,21.842,21.826,21.819,21.811,21.803,21.803,21.811,21.811,21.811,21.819,21.819,21.819,21.819,21.819,21.811,21.803,21.803,21.803,21.803,21.803,21.796,21.796,21.796,21.788,21.773,21.765,21.757,21.750,21.734,21.727,21.711,21.704,21.688,21.681,21.673,21.665,21.650,21.642,21.627,21.619,21.604,21.596,21.596,21.589,21.581,21.566,21.566,21.558,21.550,21.535,21.520,21.504,21.489,21.474,21.458,21.443,21.427,21.427,21.427,21.420,21.420,21.404,21.397,21.397,21.389,21.374,21.351,21.335,21.343,21.351,21.358,21.358,21.351,21.335,21.327,21.320,21.327,21.351,21.374,21.389,21.404,21.412,21.420,21.420,21.412,21.404,21.397,21.381,21.374,21.366,21.351,21.343,21.327,21.320,21.312,21.297,21.289,21.289,21.274,21.274,21.266,21.266,21.266,21.274,21.281,21.281,21.289,21.289,21.297,21.297,21.304,21.304,21.312,21.312,21.320,21.320,21.320,21.327,21.327,21.320,21.320,21.327,21.335,21.335,21.335,21.335,21.335,21.343,21.351,21.351,21.351,21.358,21.358,21.366,21.374,21.381,21.389,21.397,21.397,21.397,21.404,21.412,21.420,21.420,21.420,21.427,21.443,21.450,21.458,21.466,21.458,21.458,21.466,21.489,21.489
,22.376,22.384,22.384,22.369,22.330,22.277,22.239,22.216,22.193,22.155,22.117,22.094,22.071,22.048,22.018,21.972,21.934,21.911,21.888,21.880,21.865,21.834,21.803,21.796,21.796,21.796,21.788,21.796,21.803,21.811,21.811,21.803,21.803,21.803,21.803,21.819,21.826,21.834,21.849,21.857,21.865,21.880,21.895,21.903,21.918,21.934,21.934,21.941,21.949,21.956,21.972,21.987,22.010,22.025,22.033,22.041,22.048,22.048,22.048,22.048,22.033,22.025,22.018,22.010,21.995,21.972,21.956,21.949,21.926,21.895,21.857,21.826,21.788,21.757,21.734,21.727,21.727,21.711,21.696,21.688,21.673,21.650,21.619,21.596,21.573,21.543,21.520,21.512,21.497,21.481,21.474,21.466,21.466,21.458,21.450,21.450,21.443,21.435,21.427,21.412,21.404,21.404,21.389,21.412,21.435,21.450,21.458,21.474,21.497,21.527,21.543,21.558,21.573,21.596,21.612,21.619,21.635,21.658,21.688,21.711,21.734,21.750,21.750,21.750,21.773,21.834,21.911,22.025,22.186,22.407,22.635,22.931,23.263,23.595,23.858,24.098,24.345,24.583,24.710,24.725,24.732,24.777,24.888,24.970,25.000,24.992,24.970,24.948,24.896,24.821,24.702,24.606,24.524,24.434,24.277,24.090,23.925,23.790,23.678,23.542,23.407,23.271,23.120,22.999,22.893,22.809,22.749,22.703,22.680,22.665,22.650,22.650,22.650,22.665,22.673,22.680,22.711,22.756,22.794,22.832,22.878,22.931,22.999,23.059,23.120,23.180,23.241,23.331,23.422,23.505,23.565,23.670,23.783,23.895,23.985,24.060,24.158,24.270,24.404,24.546,24.702,24.866,25.007,25.148,25.333,25.555,25.806,26.019,26.217,26.430,26.686,27.006,27.283,27.479,27.580,27.761,27.999,28.251,28.416,28.474,28.495,28.495,28.524,28.503,28.424,28.294,28.186,28.136,28.028,27.811,27.457,27.130,26.810,26.452,25.960,25.592,25.267,24.963,24.613,24.270,24.000,23.805,23.602,23.407,23.248,23.150,23.067,22.938,22.809,22.711,22.650,22.528,22.422,22.353,22.369,22.353,22.323,22.277,22.254,22.209,22.125,22.033,22.018,22.018,21.995,21.979,21.995,22.018,22.033,22.033,22.025,22.010,21.995,21.979,21.964,21.949,21.941,21.926,21.926,21.926,21.926,21.934,21.934,21.941,21.949,21.956,21.956,21.949,21.949,21.949,21.949,21.949,21.949,21.949,21.949,21.941,21.941,21.949,21.949,21.949,21.956,21.964,21.964,21.964,21.964,21.964,21.964,21.964,21.964,21.956,21.956,21.956,21.949,21.941,21.934,21.918,21.911,21.895,21.888,21.880,21.872,21.865,21.857,21.857,21.849,21.842,21.819,21.811,21.803,21.788,21.788,21.788,21.796,21.796,21.803,21.811,21.811,21.811,21.811,21.803,21.803,21.796,21.796,21.803,21.803,21.803,21.803,21.788,21.780,21.773,21.765,21.757,21.750,21.734,21.727,21.719,21.704,21.696,21.681,21.673,21.665,21.650,21.642,21.635,21.627,21.619,21.619,21.612,21.604,21.596,21.596,21.596,21.589,21.573,21.558,21.543,21.520,21.497,21.466,21.450,21.427,21.412,21.397,21.397,21.389,21.389,21.374,21.366,21.358,21.358,21.343,21.327,21.320,21.320,21.327,21.335,21.335,21.327,21.297,21.281,21.281,21.289,21.320,21.335,21.351,21.358,21.366,21.381,21.381,21.381,21.381,21.374,21.366,21.366,21.366,21.366,21.358,21.358,21.358,21.351,21.343,21.335,21.327,21.320,21.312,21.304,21.297,21.289,21.289,21.289,21.281,21.281,21.281,21.281,21.289,21.289,21.297,21.297,21.304,21.312,21.320,21.335,21.335,21.335,21.335,21.335,21.343,21.351,21.358,21.366,21.358,21.366,21.374,21.374,21.381,21.381,21.389,21.397,21.404,21.420,21.435,21.443,21.450,21.450,21.458,21.466,21.474,21.474,21.481,21.481,21.489,21.504,21.512,21.520,21.520,21.520,21.520,21.527,21.550,21.550
,22.391,22.391,22.391,22.376,22.338,22.285,22.247,22.231,22.209,22.170,22.125,22.094,22.079,22.056,22.025,21.972,21.941,21.918,21.888,21.872,21.857,21.842,21.819,21.811,21.803,21.803,21.796,21.803,21.803,21.803,21.803,21.803,21.803,21.803,21.811,21.819,21.834,21.842,21.857,21.865,21.872,21.880,21.895,21.903,21.918,21.934,21.941,21.949,21.956,21.972,21.987,22.002,22.018,22.033,22.048,22.056,22.056,22.056,22.056,22.048,22.041,22.033,22.025,22.018,22.010,21.987,21.972,21.964,21.941,21.911,21.872,21.842,21.811,21.773,21.750,21.742,21.727,21.711,21.681,21.665,21.650,21.619,21.596,21.581,21.558,21.543,21.520,21.504,21.481,21.466,21.458,21.450,21.443,21.435,21.427,21.427,21.427,21.420,21.404,21.389,21.381,21.374,21.358,21.381,21.397,21.404,21.427,21.443,21.466,21.489,21.504,21.527,21.543,21.558,21.566,21.573,21.581,21.604,21.642,21.665,21.681,21.696,21.719,21.711,21.711,21.734,21.819,21.888,22.002,22.163,22.384,22.635,22.923,23.226,23.520,23.798,24.075,24.330,24.471,24.494,24.524,24.583,24.710,24.799,24.836,24.829,24.821,24.799,24.747,24.665,24.524,24.412,24.307,24.203,24.045,23.843,23.670,23.542,23.444,23.316,23.180,23.052,22.923,22.802,22.718,22.650,22.620,22.597,22.589,22.589,22.589,22.589,22.597,22.604,22.620,22.627,22.650,22.688,22.741,22.779,22.824,22.885,22.953,23.006,23.059,23.127,23.188,23.256,23.331,23.422,23.482,23.565,23.670,23.783,23.880,23.940,24.015,24.113,24.262,24.412,24.553,24.688,24.829,24.955,25.104,25.289,25.525,25.725,25.901,26.070,26.290,26.583,26.846,27.035,27.145,27.333,27.587,27.862,28.035,28.107,28.143,28.165,28.201,28.179,28.114,28.006,27.920,27.884,27.790,27.587,27.232,26.897,26.576,26.239,25.791,25.444,25.141,24.851,24.524,24.217,23.970,23.775,23.580,23.384,23.241,23.142,23.059,22.931,22.802,22.703,22.650,22.536,22.429,22.361,22.376,22.361,22.330,22.277,22.247,22.201,22.125,22.041,22.025,22.018,22.002,21.979,21.987,22.002,22.018,22.018,22.010,22.002,21.995,21.979,21.964,21.956,21.941,21.934,21.926,21.918,21.918,21.926,21.926,21.934,21.949,21.949,21.949,21.949,21.949,21.949,21.949,21.941,21.941,21.941,21.941,21.934,21.941,21.941,21.941,21.949,21.949,21.956,21.956,21.956,21.956,21.956,21.949,21.949,21.949,21.941,21.941,21.941,21.941,21.934,21.918,21.903,21.895,21.880,21.872,21.865,21.865,21.857,21.849,21.849,21.842,21.834,21.819,21.803,21.788,21.780,21.773,21.780,21.780,21.788,21.796,21.796,21.803,21.803,21.803,21.803,21.796,21.796,21.803,21.803,21.811,21.803,21.803,21.788,21.780,21.773,21.765,21.757,21.750,21.742,21.727,21.719,21.711,21.704,21.688,21.673,21.665,21.650,21.650,21.642,21.635,21.627,21.627,21.619,21.612,21.612,21.612,21.612,21.604,21.596,21.573,21.550,21.527,21.497,21.474,21.443,21.420,21.397,21.381,21.381,21.381,21.374,21.358,21.351,21.343,21.335,21.327,21.320,21.312,21.312,21.320,21.320,21.327,21.312,21.281,21.274,21.274,21.281,21.304,21.320,21.327,21.327,21.327,21.335,21.335,21.335,21.335,21.335,21.335,21.335,21.343,21.343,21.351,21.351,21.351,21.351,21.343,21.343,21.335,21.335,21.327,21.320,21.320,21.312,21.304,21.304,21.297,21.297,21.297,21.297,21.304,21.304,21.304,21.304,21.312,21.320,21.335,21.343,21.351,21.351,21.358,21.358,21.374,21.381,21.389,21.389,21.397,21.397,21.404,21.412,21.427,21.427,21.435,21.450,21.466,21.481,21.497,21.512,21.512,21.520,21.527,21.543,21.543,21.543,21.543,21.550,21.558,21.573,21.581,21.589,21.581,21.581,21.589,21.604,21.619,21.619
,22.407,22.407,22.407,22.376,22.346,22.300,22.262,22.239,22.216,22.186,22.132,22.102,22.079,22.063,22.025,21.987,21.956,21.934,21.895,21.865,21.857,21.857,21.842,21.826,21.819,21.811,21.811,21.803,21.803,21.803,21.803,21.803,21.803,21.811,21.819,21.826,21.834,21.849,21.857,21.865,21.872,21.888,21.895,21.903,21.918,21.934,21.941,21.949,21.964,21.979,21.995,22.010,22.025,22.041,22.048,22.056,22.056,22.056,22.056,22.056,22.048,22.048,22.041,22.033,22.025,22.010,21.995,21.987,21.964,21.934,21.895,21.865,21.826,21.788,21.765,21.750,21.734,21.711,21.673,21.650,21.627,21.604,21.581,21.566,21.550,21.535,21.512,21.489,21.474,21.450,21.435,21.427,21.427,21.420,21.404,21.404,21.404,21.397,21.381,21.374,21.358,21.351,21.351,21.366,21.366,21.366,21.381,21.412,21.435,21.458,21.481,21.497,21.512,21.520,21.535,21.543,21.550,21.566,21.596,21.619,21.635,21.642,21.665,21.688,21.681,21.665,21.727,21.811,21.888,21.964,22.170,22.399,22.642,22.893,23.195,23.474,23.775,24.075,24.232,24.277,24.315,24.397,24.531,24.621,24.665,24.658,24.650,24.628,24.576,24.494,24.352,24.217,24.105,23.993,23.835,23.632,23.459,23.331,23.248,23.120,22.976,22.832,22.726,22.642,22.566,22.513,22.521,22.521,22.528,22.536,22.559,22.559,22.566,22.566,22.566,22.589,22.612,22.635,22.688,22.726,22.779,22.832,22.908,22.961,22.999,23.052,23.135,23.188,23.248,23.316,23.399,23.474,23.557,23.655,23.760,23.835,23.903,23.970,24.105,24.277,24.427,24.539,24.658,24.792,24.926,25.074,25.274,25.466,25.636,25.783,25.953,26.210,26.430,26.598,26.707,26.912,27.181,27.464,27.645,27.732,27.790,27.833,27.876,27.862,27.819,27.739,27.667,27.652,27.573,27.391,27.021,26.700,26.400,26.092,25.673,25.348,25.067,24.799,24.486,24.210,23.978,23.775,23.580,23.384,23.241,23.142,23.059,22.931,22.802,22.703,22.650,22.536,22.437,22.376,22.376,22.369,22.330,22.285,22.247,22.193,22.117,22.041,22.033,22.025,22.002,21.979,21.979,21.995,22.002,22.002,21.995,21.995,21.987,21.979,21.972,21.956,21.949,21.934,21.926,21.918,21.911,21.918,21.918,21.934,21.941,21.941,21.949,21.949,21.941,21.941,21.941,21.941,21.934,21.926,21.926,21.926,21.934,21.934,21.934,21.941,21.941,21.941,21.941,21.941,21.941,21.941,21.934,21.934,21.934,21.926,21.926,21.926,21.926,21.918,21.903,21.888,21.872,21.865,21.857,21.857,21.849,21.849,21.842,21.842,21.834,21.826,21.803,21.788,21.780,21.765,21.765,21.765,21.773,21.773,21.780,21.788,21.796,21.796,21.803,21.803,21.796,21.803,21.803,21.803,21.803,21.803,21.796,21.796,21.788,21.773,21.773,21.765,21.757,21.742,21.734,21.727,21.719,21.704,21.688,21.673,21.665,21.650,21.642,21.642,21.635,21.627,21.619,21.612,21.612,21.604,21.604,21.604,21.604,21.589,21.573,21.550,21.527,21.497,21.466,21.435,21.412,21.389,21.381,21.381,21.381,21.381,21.358,21.343,21.335,21.335,21.335,21.320,21.312,21.312,21.312,21.320,21.320,21.320,21.312,21.312,21.312,21.312,21.327,21.327,21.320,21.320,21.312,21.312,21.304,21.297,21.297,21.297,21.297,21.304,21.304,21.304,21.304,21.304,21.312,21.312,21.312,21.312,21.320,21.320,21.327,21.327,21.327,21.327,21.327,21.327,21.335,21.335,21.335,21.343,21.351,21.351,21.351,21.343,21.343,21.351,21.358,21.366,21.366,21.381,21.389,21.397,21.404,21.412,21.420,21.427,21.427,21.435,21.450,21.458,21.481,21.489,21.497,21.512,21.535,21.558,21.573,21.581,21.589,21.596,21.604,21.612,21.619,21.619,21.612,21.619,21.627,21.642,21.650,21.658,21.650,21.658,21.665,21.688,21.711,21.711
,22.414,22.407,22.407,22.384,22.353,22.315,22.270,22.239,22.216,22.186,22.140,22.109,22.086,22.071,22.041,22.010,21.979,21.949,21.903,21.880,21.880,21.880,21.849,21.842,21.834,21.819,21.811,21.803,21.803,21.803,21.803,21.803,21.811,21.819,21.819,21.826,21.834,21.849,21.857,21.865,21.872,21.888,21.895,21.903,21.918,21.934,21.941,21.956,21.972,21.987,22.002,22.018,22.025,22.041,22.048,22.056,22.056,22.056,22.056,22.056,22.056,22.048,22.048,22.048,22.033,22.025,22.010,21.995,21.972,21.949,21.918,21.880,21.849,21.811,21.780,21.757,21.734,21.704,21.665,21.642,21.612,21.581,21.566,21.558,21.550,21.527,21.497,21.474,21.450,21.435,21.412,21.404,21.404,21.397,21.389,21.389,21.389,21.381,21.366,21.351,21.343,21.335,21.343,21.358,21.358,21.358,21.351,21.358,21.389,21.435,21.458,21.466,21.481,21.497,21.520,21.520,21.527,21.543,21.566,21.589,21.604,21.612,21.619,21.635,21.658,21.673,21.658,21.727,21.819,21.918,22.002,22.216,22.445,22.673,22.915,23.188,23.489,23.783,23.985,24.060,24.128,24.217,24.374,24.464,24.494,24.479,24.464,24.434,24.374,24.285,24.135,24.008,23.895,23.790,23.625,23.444,23.286,23.142,23.037,22.931,22.809,22.673,22.559,22.506,22.475,22.445,22.460,22.498,22.521,22.536,22.544,22.559,22.566,22.566,22.566,22.566,22.589,22.620,22.650,22.680,22.726,22.787,22.847,22.908,22.953,22.991,23.052,23.127,23.180,23.233,23.293,23.384,23.474,23.557,23.640,23.723,23.798,23.880,23.970,24.105,24.270,24.419,24.524,24.628,24.762,24.926,25.089,25.252,25.422,25.577,25.732,25.923,26.092,26.224,26.312,26.496,26.744,27.021,27.203,27.297,27.362,27.413,27.471,27.479,27.435,27.370,27.319,27.333,27.290,27.145,26.788,26.496,26.224,25.953,25.621,25.333,25.067,24.807,24.539,24.277,24.038,23.813,23.610,23.414,23.256,23.142,23.044,22.915,22.794,22.696,22.635,22.536,22.445,22.376,22.376,22.361,22.330,22.285,22.239,22.186,22.117,22.048,22.041,22.033,22.010,21.979,21.979,21.995,22.002,21.995,21.987,21.987,21.979,21.972,21.964,21.956,21.949,21.934,21.926,21.918,21.911,21.911,21.918,21.926,21.934,21.941,21.941,21.941,21.934,21.934,21.926,21.926,21.918,21.918,21.918,21.918,21.918,21.918,21.926,21.926,21.926,21.926,21.926,21.926,21.926,21.918,21.918,21.918,21.918,21.911,21.911,21.911,21.911,21.903,21.888,21.872,21.857,21.857,21.849,21.849,21.842,21.842,21.826,21.819,21.811,21.803,21.788,21.780,21.765,21.765,21.765,21.765,21.765,21.765,21.773,21.773,21.780,21.788,21.796,21.796,21.796,21.803,21.803,21.803,21.796,21.796,21.796,21.788,21.780,21.773,21.765,21.757,21.750,21.734,21.727,21.719,21.711,21.704,21.696,21.681,21.658,21.642,21.635,21.627,21.619,21.604,21.589,21.581,21.573,21.558,21.558,21.550,21.543,21.527,21.512,21.497,21.481,21.458,21.420,21.397,21.374,21.351,21.351,21.366,21.374,21.366,21.335,21.327,21.320,21.312,21.335,21.343,21.351,21.358,21.358,21.358,21.358,21.358,21.358,21.351,21.343,21.335,21.335,21.335,21.327,21.320,21.320,21.312,21.304,21.297,21.297,21.297,21.304,21.304,21.304,21.304,21.304,21.304,21.304,21.297,21.289,21.297,21.304,21.320,21.327,21.343,21.358,21.358,21.366,21.381,21.381,21.389,21.397,21.404,21.420,21.420,21.420,21.412,21.412,21.412,21.404,21.412,21.412,21.412,21.420,21.435,21.443,21.450,21.458,21.466,21.474,21.489,21.504,21.527,21.543,21.550,21.566,21.581,21.604,21.627,21.635,21.642,21.658,21.665,21.673,21.681,21.696,21.696,21.704,21.711,21.727,21.750,21.765,21.773,21.780,21.780,21.796,21.819,21.865,21.872
,22.414,22.407,22.399,22.384,22.361,22.330,22.285,22.247,22.224,22.201,22.155,22.117,22.094,22.079,22.056,22.025,21.987,21.956,21.926,21.895,21.880,21.865,21.842,21.834,21.826,21.819,21.811,21.796,21.796,21.796,21.796,21.803,21.811,21.819,21.826,21.834,21.842,21.849,21.857,21.865,21.872,21.880,21.895,21.903,21.918,21.934,21.949,21.956,21.972,21.987,22.002,22.010,22.025,22.033,22.041,22.041,22.041,22.048,22.056,22.056,22.056,22.056,22.056,22.048,22.041,22.033,22.018,22.002,21.979,21.956,21.926,21.895,21.865,21.826,21.796,21.765,21.734,21.704,21.665,21.635,21.612,21.581,21.566,21.558,21.550,21.527,21.497,21.474,21.443,21.420,21.404,21.397,21.397,21.389,21.381,21.381,21.381,21.374,21.358,21.343,21.335,21.327,21.327,21.343,21.351,21.351,21.343,21.335,21.358,21.397,21.420,21.450,21.466,21.481,21.489,21.489,21.497,21.512,21.527,21.543,21.558,21.573,21.581,21.589,21.612,21.635,21.658,21.673,21.734,21.842,21.941,22.094,22.285,22.498,22.718,22.968,23.256,23.557,23.760,23.865,23.948,24.053,24.225,24.315,24.337,24.300,24.270,24.232,24.173,24.068,23.918,23.783,23.678,23.580,23.429,23.248,23.089,22.961,22.855,22.741,22.635,22.544,22.460,22.429,22.422,22.429,22.460,22.490,22.513,22.536,22.544,22.544,22.544,22.544,22.551,22.559,22.574,22.597,22.635,22.650,22.688,22.741,22.802,22.847,22.893,22.946,22.999,23.059,23.120,23.173,23.218,23.293,23.384,23.474,23.550,23.610,23.685,23.768,23.865,23.978,24.113,24.255,24.382,24.479,24.598,24.740,24.903,25.052,25.193,25.333,25.481,25.651,25.798,25.923,25.997,26.151,26.371,26.620,26.780,26.861,26.926,26.992,27.079,27.094,27.065,26.992,26.948,26.963,26.919,26.780,26.452,26.180,25.953,25.747,25.474,25.207,24.955,24.710,24.464,24.225,24.000,23.783,23.572,23.384,23.226,23.112,23.014,22.893,22.771,22.680,22.620,22.521,22.437,22.376,22.369,22.353,22.323,22.277,22.231,22.178,22.109,22.048,22.048,22.041,22.010,21.972,21.979,21.995,22.002,21.995,21.987,21.979,21.972,21.964,21.956,21.956,21.949,21.941,21.926,21.926,21.918,21.911,21.911,21.918,21.926,21.934,21.926,21.926,21.926,21.918,21.918,21.911,21.911,21.911,21.911,21.911,21.911,21.911,21.911,21.911,21.911,21.911,21.911,21.911,21.903,21.903,21.903,21.903,21.903,21.903,21.895,21.895,21.895,21.888,21.880,21.865,21.857,21.849,21.849,21.842,21.834,21.826,21.803,21.796,21.788,21.773,21.765,21.765,21.757,21.757,21.757,21.757,21.757,21.757,21.757,21.757,21.765,21.773,21.780,21.780,21.788,21.788,21.788,21.780,21.780,21.780,21.780,21.773,21.773,21.765,21.757,21.750,21.750,21.742,21.727,21.727,21.727,21.734,21.727,21.696,21.673,21.650,21.635,21.619,21.604,21.589,21.566,21.550,21.535,21.520,21.512,21.497,21.481,21.466,21.458,21.443,21.435,21.420,21.397,21.381,21.358,21.351,21.358,21.366,21.374,21.351,21.281,21.258,21.250,21.250,21.258,21.266,21.281,21.304,21.312,21.312,21.312,21.312,21.320,21.320,21.312,21.312,21.312,21.320,21.327,21.343,21.351,21.358,21.366,21.366,21.366,21.374,21.381,21.389,21.389,21.381,21.374,21.366,21.366,21.358,21.358,21.358,21.366,21.374,21.381,21.381,21.397,21.404,21.412,21.420,21.427,21.435,21.443,21.450,21.458,21.466,21.466,21.466,21.466,21.466,21.466,21.466,21.466,21.474,21.489,21.497,21.512,21.520,21.520,21.527,21.543,21.558,21.573,21.589,21.612,21.619,21.635,21.642,21.665,21.681,21.696,21.711,21.719,21.734,21.750,21.765,21.773,21.780,21.788,21.796,21.811,21.834,21.849,21.857,21.865,21.872,21.888,21.911,21.941,21.949
,22.422,22.414,22.407,22.391,22.369,22.346,22.300,22.262,22.239,22.224,22.178,22.132,22.102,22.086,22.071,22.033,21.987,21.956,21.934,21.911,21.872,21.842,21.834,21.834,21.834,21.826,21.811,21.803,21.796,21.796,21.796,21.811,21.819,21.834,21.834,21.842,21.842,21.849,21.849,21.857,21.865,21.880,21.888,21.903,21.918,21.934,21.949,21.956,21.972,21.979,21.995,22.002,22.010,22.025,22.033,22.033,22.033,22.041,22.048,22.048,22.056,22.056,22.056,22.056,22.048,22.041,22.025,22.010,21.995,21.964,21.934,21.911,21.880,21.842,21.803,21.773,21.734,21.704,21.658,21.635,21.612,21.589,21.566,21.566,21.558,21.535,21.504,21.474,21.443,21.412,21.397,21.397,21.389,21.381,21.381,21.381,21.374,21.366,21.351,21.335,21.327,21.320,21.312,21.327,21.335,21.335,21.335,21.335,21.351,21.381,21.404,21.427,21.443,21.458,21.466,21.466,21.474,21.481,21.497,21.512,21.520,21.535,21.550,21.558,21.573,21.596,21.650,21.658,21.688,21.750,21.872,22.010,22.170,22.353,22.551,22.779,23.044,23.339,23.542,23.655,23.760,23.888,24.068,24.173,24.195,24.165,24.128,24.090,24.015,23.903,23.738,23.587,23.474,23.384,23.248,23.067,22.900,22.779,22.688,22.589,22.498,22.429,22.391,22.384,22.391,22.422,22.452,22.483,22.506,22.528,22.536,22.521,22.513,22.506,22.521,22.536,22.551,22.574,22.612,22.627,22.658,22.703,22.756,22.802,22.840,22.893,22.946,22.999,23.059,23.120,23.165,23.218,23.293,23.384,23.459,23.512,23.580,23.655,23.753,23.858,23.970,24.090,24.217,24.322,24.427,24.546,24.695,24.836,24.963,25.081,25.222,25.370,25.511,25.629,25.702,25.850,26.048,26.261,26.386,26.459,26.532,26.605,26.700,26.722,26.693,26.634,26.598,26.605,26.554,26.400,26.078,25.820,25.629,25.459,25.230,24.977,24.732,24.509,24.292,24.083,23.873,23.670,23.467,23.293,23.158,23.052,22.961,22.847,22.749,22.658,22.597,22.506,22.429,22.376,22.361,22.346,22.315,22.270,22.224,22.170,22.109,22.056,22.056,22.048,22.010,21.972,21.987,22.002,22.010,22.002,21.995,21.979,21.972,21.964,21.956,21.956,21.956,21.949,21.941,21.934,21.926,21.926,21.918,21.926,21.926,21.934,21.926,21.926,21.926,21.918,21.918,21.911,21.911,21.911,21.911,21.911,21.911,21.911,21.911,21.911,21.911,21.911,21.911,21.903,21.903,21.903,21.903,21.903,21.903,21.903,21.895,21.895,21.888,21.880,21.872,21.865,21.857,21.857,21.857,21.849,21.826,21.796,21.780,21.765,21.757,21.750,21.750,21.750,21.757,21.757,21.757,21.757,21.757,21.757,21.757,21.757,21.757,21.765,21.765,21.773,21.780,21.780,21.780,21.773,21.765,21.765,21.765,21.765,21.765,21.757,21.757,21.750,21.750,21.750,21.734,21.734,21.742,21.750,21.750,21.719,21.688,21.665,21.650,21.635,21.619,21.596,21.581,21.558,21.543,21.527,21.520,21.497,21.481,21.466,21.450,21.435,21.420,21.404,21.381,21.358,21.335,21.320,21.327,21.327,21.312,21.281,21.204,21.173,21.166,21.173,21.173,21.181,21.204,21.235,21.250,21.258,21.266,21.274,21.297,21.304,21.304,21.304,21.312,21.327,21.343,21.358,21.374,21.397,21.404,21.412,21.412,21.412,21.420,21.420,21.420,21.412,21.404,21.397,21.389,21.389,21.397,21.397,21.397,21.404,21.412,21.420,21.427,21.443,21.450,21.466,21.474,21.481,21.489,21.497,21.504,21.512,21.520,21.520,21.527,21.535,21.543,21.543,21.550,21.566,21.573,21.589,21.604,21.612,21.619,21.627,21.635,21.650,21.665,21.681,21.696,21.711,21.719,21.727,21.742,21.757,21.773,21.788,21.803,21.826,21.849,21.865,21.872,21.872,21.880,21.888,21.911,21.926,21.941,21.949,21.949,21.956,21.972,21.995,22.018,22.025
,22.422,22.422,22.414,22.399,22.376,22.353,22.323,22.277,22.254,22.231,22.193,22.140,22.109,22.086,22.079,22.041,21.995,21.956,21.941,21.911,21.872,21.826,21.834,21.834,21.834,21.834,21.819,21.811,21.803,21.803,21.811,21.819,21.834,21.849,21.849,21.842,21.842,21.849,21.849,21.857,21.865,21.880,21.888,21.903,21.918,21.934,21.941,21.956,21.964,21.972,21.987,21.995,22.002,22.010,22.018,22.018,22.025,22.041,22.041,22.048,22.056,22.056,22.063,22.063,22.056,22.041,22.033,22.018,22.002,21.972,21.941,21.918,21.888,21.857,21.811,21.780,21.742,21.704,21.665,21.635,21.612,21.589,21.573,21.566,21.558,21.535,21.504,21.474,21.443,21.412,21.404,21.397,21.389,21.381,21.381,21.381,21.374,21.366,21.351,21.335,21.320,21.304,21.304,21.304,21.312,21.320,21.327,21.343,21.366,21.389,21.412,21.412,21.412,21.427,21.435,21.443,21.443,21.450,21.466,21.474,21.489,21.504,21.527,21.543,21.550,21.566,21.619,21.658,21.673,21.673,21.780,21.934,22.079,22.216,22.399,22.597,22.847,23.120,23.316,23.429,23.542,23.693,23.895,24.015,24.060,24.045,24.015,23.978,23.903,23.783,23.587,23.429,23.301,23.195,23.059,22.893,22.733,22.604,22.551,22.475,22.407,22.346,22.346,22.353,22.376,22.407,22.437,22.468,22.483,22.490,22.498,22.490,22.475,22.460,22.468,22.498,22.528,22.559,22.582,22.604,22.627,22.658,22.711,22.756,22.794,22.824,22.885,22.946,22.999,23.052,23.112,23.158,23.210,23.278,23.361,23.429,23.482,23.542,23.640,23.745,23.843,23.940,24.038,24.143,24.247,24.352,24.486,24.613,24.732,24.844,24.970,25.096,25.222,25.341,25.415,25.570,25.754,25.931,26.034,26.100,26.166,26.246,26.334,26.356,26.334,26.290,26.261,26.268,26.202,26.026,25.702,25.451,25.267,25.118,24.903,24.665,24.434,24.232,24.045,23.858,23.678,23.489,23.316,23.165,23.052,22.976,22.885,22.794,22.711,22.627,22.559,22.483,22.414,22.369,22.353,22.338,22.315,22.270,22.224,22.163,22.102,22.056,22.063,22.056,22.018,21.972,21.995,22.018,22.025,22.018,22.002,21.987,21.979,21.972,21.972,21.972,21.964,21.956,21.956,21.949,21.941,21.934,21.934,21.934,21.934,21.934,21.934,21.934,21.926,21.918,21.918,21.918,21.918,21.918,21.918,21.911,21.911,21.911,21.911,21.911,21.911,21.911,21.903,21.903,21.903,21.903,21.903,21.903,21.903,21.903,21.895,21.888,21.888,21.880,21.872,21.865,21.865,21.865,21.865,21.857,21.819,21.773,21.750,21.742,21.742,21.742,21.750,21.750,21.757,21.765,21.765,21.757,21.757,21.757,21.757,21.757,21.765,21.765,21.765,21.765,21.773,21.780,21.780,21.773,21.765,21.765,21.765,21.765,21.765,21.765,21.765,21.765,21.757,21.750,21.734,21.727,21.734,21.742,21.742,21.727,21.704,21.673,21.665,21.658,21.642,21.627,21.612,21.596,21.589,21.573,21.566,21.550,21.535,21.520,21.497,21.474,21.450,21.427,21.389,21.351,21.320,21.297,21.289,21.281,21.250,21.204,21.143,21.127,21.119,21.127,21.127,21.127,21.150,21.189,21.220,21.235,21.250,21.266,21.297,21.320,21.335,21.335,21.358,21.366,21.381,21.389,21.404,21.427,21.435,21.435,21.427,21.420,21.420,21.420,21.420,21.412,21.404,21.404,21.404,21.404,21.404,21.412,21.427,21.427,21.443,21.458,21.481,21.497,21.512,21.535,21.550,21.558,21.566,21.573,21.581,21.596,21.604,21.612,21.619,21.635,21.650,21.658,21.665,21.681,21.688,21.704,21.719,21.734,21.742,21.750,21.765,21.773,21.788,21.796,21.803,21.819,21.826,21.834,21.842,21.857,21.880,21.895,21.911,21.941,21.964,21.979,21.987,21.987,22.002,22.010,22.033,22.041,22.048,22.056,22.056,22.063,22.071,22.094,22.125,22.132
,22.429,22.422,22.414,22.399,22.376,22.361,22.338,22.300,22.262,22.231,22.201,22.155,22.109,22.086,22.071,22.041,22.010,21.972,21.956,21.926,21.895,21.865,21.849,21.849,21.849,21.842,21.834,21.819,21.811,21.811,21.819,21.834,21.842,21.849,21.849,21.842,21.842,21.842,21.849,21.857,21.872,21.888,21.895,21.911,21.918,21.934,21.941,21.949,21.956,21.964,21.972,21.979,21.987,21.995,22.010,22.018,22.025,22.041,22.048,22.056,22.056,22.063,22.063,22.063,22.063,22.048,22.041,22.025,22.010,21.987,21.956,21.934,21.903,21.857,21.819,21.788,21.750,21.711,21.673,21.650,21.627,21.604,21.573,21.558,21.543,21.520,21.489,21.466,21.443,21.412,21.397,21.397,21.389,21.381,21.381,21.381,21.374,21.366,21.351,21.335,21.312,21.304,21.297,21.297,21.297,21.312,21.327,21.351,21.374,21.389,21.389,21.381,21.381,21.381,21.397,21.404,21.420,21.435,21.443,21.450,21.466,21.489,21.504,21.520,21.535,21.558,21.589,21.635,21.665,21.681,21.696,21.826,21.972,22.117,22.247,22.422,22.642,22.885,23.067,23.173,23.286,23.437,23.663,23.790,23.835,23.835,23.835,23.813,23.745,23.617,23.414,23.256,23.127,23.014,22.855,22.711,22.597,22.498,22.437,22.399,22.361,22.315,22.315,22.330,22.353,22.369,22.384,22.414,22.429,22.437,22.437,22.437,22.437,22.422,22.422,22.445,22.490,22.536,22.559,22.566,22.597,22.635,22.665,22.711,22.749,22.787,22.817,22.885,22.946,22.991,23.037,23.097,23.150,23.203,23.256,23.324,23.399,23.459,23.520,23.617,23.723,23.820,23.895,23.970,24.060,24.173,24.307,24.419,24.524,24.635,24.740,24.844,24.940,25.037,25.118,25.259,25.429,25.599,25.688,25.747,25.813,25.887,25.967,25.982,25.953,25.909,25.887,25.901,25.835,25.658,25.348,25.118,24.940,24.799,24.598,24.374,24.165,23.978,23.813,23.655,23.497,23.339,23.180,23.052,22.968,22.908,22.832,22.749,22.665,22.597,22.536,22.460,22.399,22.353,22.346,22.330,22.308,22.270,22.224,22.163,22.102,22.063,22.071,22.063,22.018,21.972,22.002,22.025,22.033,22.025,22.010,21.995,21.987,21.972,21.972,21.972,21.964,21.956,21.949,21.941,21.934,21.934,21.934,21.934,21.934,21.934,21.926,21.926,21.926,21.918,21.918,21.918,21.918,21.918,21.918,21.911,21.903,21.903,21.903,21.895,21.895,21.888,21.888,21.880,21.880,21.880,21.872,21.872,21.872,21.872,21.865,21.865,21.857,21.857,21.849,21.849,21.849,21.849,21.849,21.842,21.819,21.796,21.773,21.765,21.757,21.750,21.750,21.757,21.765,21.765,21.765,21.765,21.757,21.757,21.757,21.757,21.765,21.765,21.773,21.780,21.796,21.796,21.788,21.780,21.773,21.765,21.773,21.780,21.780,21.773,21.780,21.780,21.765,21.742,21.688,21.665,21.665,21.673,21.681,21.665,21.650,21.635,21.627,21.627,21.619,21.612,21.596,21.589,21.581,21.573,21.566,21.558,21.550,21.543,21.527,21.520,21.520,21.504,21.497,21.481,21.466,21.458,21.466,21.458,21.427,21.366,21.235,21.227,21.235,21.243,21.227,21.235,21.258,21.289,21.304,21.312,21.320,21.335,21.374,21.404,21.427,21.450,21.466,21.474,21.489,21.497,21.512,21.527,21.527,21.527,21.527,21.535,21.543,21.550,21.550,21.550,21.558,21.558,21.566,21.566,21.566,21.573,21.573,21.581,21.589,21.604,21.612,21.627,21.642,21.650,21.673,21.688,21.696,21.704,21.711,21.719,21.727,21.742,21.750,21.773,21.780,21.796,21.803,21.819,21.834,21.857,21.872,21.888,21.895,21.903,21.918,21.926,21.934,21.941,21.949,21.956,21.964,21.979,21.987,22.002,22.018,22.033,22.056,22.079,22.102,22.125,22.125,22.140,22.147,22.170,22.193,22.201,22.209,22.216,22.224,22.231,22.254,22.277,22.315,22.315
,22.437,22.429,22.414,22.399,22.384,22.369,22.353,22.308,22.262,22.231,22.209,22.170,22.125,22.094,22.079,22.048,22.018,21.987,21.964,21.934,21.911,21.888,21.857,21.857,21.857,21.849,21.842,21.834,21.826,21.826,21.834,21.842,21.849,21.849,21.842,21.834,21.826,21.826,21.834,21.849,21.865,21.888,21.903,21.918,21.934,21.941,21.941,21.941,21.941,21.949,21.956,21.964,21.972,21.987,22.010,22.018,22.025,22.041,22.056,22.063,22.063,22.063,22.071,22.071,22.063,22.048,22.041,22.033,22.010,21.987,21.964,21.941,21.911,21.865,21.834,21.803,21.765,21.719,21.681,21.658,21.635,21.612,21.573,21.543,21.512,21.497,21.474,21.450,21.427,21.412,21.389,21.381,21.381,21.374,21.374,21.374,21.374,21.366,21.351,21.335,21.320,21.312,21.304,21.304,21.312,21.320,21.327,21.351,21.366,21.374,21.366,21.351,21.335,21.335,21.343,21.358,21.366,21.381,21.397,21.412,21.435,21.466,21.489,21.504,21.520,21.543,21.581,21.619,21.650,21.673,21.688,21.765,21.872,22.010,22.140,22.285,22.468,22.673,22.840,22.931,23.029,23.165,23.369,23.489,23.535,23.520,23.527,23.512,23.452,23.354,23.188,23.037,22.915,22.817,22.696,22.566,22.475,22.414,22.369,22.346,22.315,22.292,22.277,22.300,22.315,22.338,22.346,22.353,22.369,22.376,22.376,22.384,22.384,22.384,22.384,22.399,22.437,22.483,22.528,22.544,22.566,22.604,22.642,22.673,22.711,22.741,22.771,22.824,22.878,22.931,22.984,23.029,23.082,23.142,23.195,23.256,23.316,23.392,23.459,23.542,23.632,23.723,23.798,23.850,23.925,24.023,24.143,24.247,24.345,24.442,24.531,24.613,24.695,24.769,24.829,24.940,25.089,25.230,25.304,25.348,25.407,25.481,25.548,25.548,25.511,25.459,25.437,25.466,25.415,25.259,24.955,24.769,24.621,24.501,24.322,24.128,23.948,23.775,23.640,23.512,23.384,23.241,23.105,22.999,22.923,22.862,22.787,22.718,22.642,22.574,22.521,22.452,22.391,22.353,22.338,22.323,22.300,22.262,22.216,22.163,22.102,22.063,22.079,22.063,22.025,21.972,22.002,22.025,22.025,22.018,21.995,21.979,21.972,21.964,21.956,21.949,21.949,21.941,21.934,21.926,21.918,21.918,21.911,21.911,21.911,21.911,21.911,21.911,21.911,21.911,21.903,21.903,21.903,21.903,21.895,21.888,21.888,21.880,21.872,21.872,21.865,21.857,21.849,21.849,21.842,21.834,21.834,21.834,21.826,21.826,21.819,21.811,21.811,21.811,21.811,21.811,21.811,21.811,21.811,21.803,21.788,21.773,21.757,21.750,21.734,21.727,21.727,21.727,21.734,21.734,21.734,21.727,21.727,21.727,21.727,21.727,21.734,21.750,21.750,21.757,21.765,21.765,21.757,21.750,21.750,21.742,21.750,21.750,21.750,21.742,21.750,21.750,21.734,21.696,21.589,21.558,21.558,21.566,21.573,21.573,21.573,21.573,21.573,21.566,21.566,21.550,21.535,21.527,21.512,21.497,21.481,21.474,21.466,21.458,21.458,21.466,21.466,21.474,21.481,21.481,21.489,21.497,21.512,21.512,21.504,21.466,21.381,21.374,21.381,21.389,21.381,21.381,21.412,21.450,21.458,21.450,21.458,21.474,21.504,21.535,21.558,21.573,21.581,21.596,21.612,21.627,21.642,21.650,21.658,21.665,21.665,21.681,21.688,21.704,21.704,21.711,21.711,21.719,21.727,21.727,21.734,21.742,21.742,21.742,21.750,21.757,21.765,21.773,21.780,21.796,21.811,21.834,21.842,21.857,21.865,21.865,21.880,21.888,21.895,21.903,21.918,21.926,21.934,21.949,21.964,21.987,22.002,22.018,22.033,22.041,22.056,22.071,22.086,22.094,22.102,22.102,22.109,22.117,22.132,22.147,22.163,22.178,22.201,22.224,22.247,22.270,22.277,22.292,22.308,22.323,22.346,22.361,22.369,22.376,22.384,22.391,22.407,22.422,22.445,22.445
,22.452,22.445,22.429,22.407,22.391,22.376,22.361,22.330,22.285,22.239,22.224,22.186,22.140,22.094,22.079,22.056,22.033,21.995,21.979,21.956,21.926,21.895,21.872,21.872,21.872,21.865,21.857,21.849,21.849,21.849,21.849,21.857,21.857,21.857,21.842,21.834,21.834,21.834,21.842,21.849,21.872,21.888,21.911,21.926,21.934,21.941,21.941,21.934,21.926,21.934,21.934,21.949,21.964,21.987,22.002,22.018,22.033,22.048,22.056,22.063,22.071,22.071,22.071,22.071,22.056,22.048,22.041,22.033,22.018,21.987,21.964,21.941,21.911,21.880,21.849,21.819,21.788,21.742,21.696,21.673,21.658,21.635,21.596,21.543,21.504,21.481,21.466,21.443,21.420,21.404,21.389,21.381,21.381,21.374,21.381,21.381,21.374,21.374,21.358,21.351,21.343,21.343,21.335,21.327,21.335,21.335,21.343,21.343,21.351,21.343,21.327,21.312,21.297,21.297,21.304,21.312,21.320,21.335,21.351,21.366,21.389,21.427,21.466,21.481,21.489,21.512,21.566,21.604,21.635,21.665,21.688,21.742,21.826,21.941,22.063,22.186,22.330,22.498,22.635,22.711,22.794,22.893,23.059,23.158,23.180,23.158,23.165,23.150,23.112,23.044,22.923,22.802,22.711,22.635,22.559,22.460,22.384,22.338,22.323,22.300,22.277,22.254,22.247,22.262,22.277,22.300,22.300,22.300,22.300,22.315,22.323,22.330,22.330,22.330,22.346,22.361,22.391,22.437,22.490,22.521,22.551,22.582,22.627,22.658,22.680,22.703,22.741,22.779,22.824,22.878,22.938,22.984,23.037,23.089,23.158,23.203,23.256,23.316,23.407,23.482,23.557,23.632,23.708,23.753,23.813,23.888,23.993,24.090,24.180,24.255,24.345,24.419,24.486,24.539,24.576,24.673,24.777,24.888,24.940,24.977,25.022,25.074,25.126,25.118,25.081,25.029,25.015,25.044,25.007,24.873,24.613,24.449,24.337,24.240,24.098,23.925,23.760,23.610,23.505,23.399,23.286,23.165,23.052,22.961,22.878,22.817,22.756,22.688,22.620,22.551,22.506,22.445,22.391,22.346,22.330,22.315,22.292,22.254,22.216,22.163,22.117,22.086,22.094,22.079,22.048,22.002,22.025,22.025,22.025,22.010,21.987,21.979,21.972,21.956,21.949,21.941,21.934,21.934,21.926,21.918,21.911,21.903,21.903,21.903,21.903,21.903,21.903,21.903,21.895,21.895,21.895,21.895,21.895,21.888,21.880,21.880,21.872,21.865,21.857,21.849,21.834,21.826,21.826,21.819,21.811,21.803,21.796,21.796,21.788,21.788,21.780,21.773,21.765,21.765,21.765,21.773,21.773,21.773,21.773,21.757,21.750,21.742,21.727,21.719,21.711,21.704,21.704,21.704,21.704,21.704,21.696,21.696,21.696,21.696,21.696,21.704,21.711,21.719,21.727,21.727,21.727,21.734,21.727,21.719,21.719,21.719,21.719,21.719,21.711,21.704,21.711,21.719,21.704,21.673,21.573,21.550,21.550,21.566,21.573,21.573,21.581,21.581,21.581,21.581,21.573,21.566,21.550,21.535,21.520,21.497,21.481,21.474,21.466,21.458,21.458,21.458,21.466,21.474,21.481,21.489,21.497,21.504,21.527,21.535,21.535,21.527,21.489,21.489,21.489,21.497,21.497,21.497,21.520,21.566,21.573,21.573,21.581,21.596,21.635,21.673,21.696,21.704,21.719,21.742,21.757,21.773,21.788,21.803,21.811,21.811,21.819,21.826,21.842,21.849,21.849,21.857,21.865,21.865,21.872,21.872,21.880,21.888,21.888,21.888,21.888,21.895,21.903,21.903,21.918,21.934,21.949,21.964,21.979,21.995,22.002,22.010,22.018,22.033,22.041,22.048,22.056,22.063,22.071,22.094,22.109,22.125,22.140,22.155,22.170,22.186,22.201,22.216,22.231,22.247,22.254,22.262,22.262,22.270,22.285,22.292,22.308,22.323,22.338,22.361,22.384,22.407,22.422,22.429,22.445,22.460,22.483,22.498,22.506,22.513,22.521,22.521,22.521,22.528,22.536,22.536
,22.468,22.468,22.452,22.429,22.399,22.384,22.376,22.353,22.308,22.247,22.231,22.201,22.155,22.102,22.079,22.063,22.033,22.010,21.995,21.972,21.934,21.895,21.888,21.895,21.895,21.888,21.880,21.872,21.872,21.872,21.872,21.872,21.865,21.865,21.857,21.857,21.857,21.857,21.865,21.872,21.880,21.895,21.911,21.926,21.934,21.941,21.934,21.918,21.911,21.911,21.918,21.934,21.956,21.979,22.002,22.018,22.033,22.048,22.056,22.063,22.071,22.071,22.071,22.063,22.056,22.041,22.041,22.033,22.018,21.995,21.964,21.949,21.918,21.888,21.865,21.842,21.811,21.765,21.719,21.696,21.681,21.665,21.635,21.573,21.520,21.481,21.466,21.458,21.443,21.420,21.397,21.397,21.397,21.397,21.397,21.397,21.397,21.389,21.381,21.374,21.374,21.374,21.374,21.374,21.374,21.366,21.366,21.351,21.335,21.320,21.304,21.289,21.281,21.281,21.281,21.297,21.304,21.312,21.320,21.335,21.358,21.389,21.435,21.458,21.474,21.489,21.535,21.589,21.627,21.658,21.696,21.765,21.834,21.903,22.002,22.117,22.239,22.361,22.468,22.521,22.582,22.658,22.764,22.824,22.832,22.809,22.802,22.794,22.779,22.733,22.658,22.589,22.528,22.483,22.437,22.376,22.308,22.270,22.277,22.262,22.231,22.201,22.209,22.224,22.239,22.247,22.254,22.247,22.247,22.254,22.262,22.277,22.285,22.285,22.308,22.323,22.353,22.391,22.437,22.490,22.536,22.566,22.612,22.642,22.665,22.680,22.711,22.749,22.787,22.832,22.893,22.946,22.991,23.044,23.105,23.158,23.203,23.248,23.331,23.422,23.489,23.535,23.602,23.663,23.708,23.768,23.873,23.955,24.023,24.083,24.180,24.247,24.307,24.345,24.374,24.457,24.531,24.598,24.635,24.658,24.688,24.725,24.747,24.732,24.702,24.658,24.650,24.673,24.643,24.531,24.330,24.195,24.098,24.030,23.925,23.760,23.602,23.482,23.407,23.301,23.195,23.097,23.021,22.923,22.832,22.764,22.711,22.650,22.589,22.536,22.498,22.437,22.384,22.346,22.323,22.300,22.277,22.247,22.209,22.170,22.140,22.117,22.117,22.109,22.086,22.063,22.056,22.041,22.033,22.010,21.995,21.995,21.987,21.972,21.956,21.949,21.941,21.934,21.934,21.926,21.918,21.918,21.911,21.911,21.911,21.911,21.911,21.911,21.903,21.903,21.903,21.903,21.903,21.903,21.888,21.880,21.872,21.865,21.849,21.842,21.834,21.826,21.819,21.811,21.803,21.796,21.788,21.788,21.780,21.773,21.773,21.765,21.765,21.757,21.757,21.757,21.757,21.750,21.742,21.734,21.727,21.719,21.719,21.719,21.719,21.711,21.704,21.704,21.696,21.696,21.696,21.696,21.696,21.696,21.696,21.704,21.704,21.711,21.719,21.719,21.719,21.727,21.719,21.719,21.719,21.711,21.711,21.711,21.704,21.704,21.711,21.719,21.711,21.696,21.673,21.665,21.665,21.681,21.688,21.681,21.681,21.681,21.681,21.673,21.673,21.665,21.658,21.642,21.635,21.627,21.612,21.596,21.589,21.581,21.573,21.566,21.558,21.550,21.558,21.558,21.558,21.558,21.566,21.573,21.581,21.581,21.581,21.581,21.589,21.589,21.589,21.596,21.619,21.658,21.681,21.688,21.696,21.719,21.773,21.811,21.834,21.857,21.880,21.903,21.918,21.934,21.949,21.964,21.972,21.972,21.979,21.987,21.987,21.987,21.995,22.002,22.002,22.002,22.002,22.010,22.010,22.018,22.025,22.025,22.025,22.025,22.033,22.041,22.048,22.063,22.086,22.094,22.109,22.117,22.132,22.147,22.163,22.178,22.201,22.209,22.216,22.224,22.231,22.247,22.262,22.277,22.292,22.308,22.323,22.338,22.353,22.369,22.391,22.414,22.422,22.429,22.429,22.437,22.452,22.452,22.460,22.468,22.483,22.506,22.521,22.544,22.559,22.574,22.582,22.597,22.612,22.620,22.627,22.635,22.635,22.627,22.620,22.620,22.620,22.620
,22.483,22.483,22.490,22.445,22.407,22.384,22.384,22.369,22.330,22.270,22.239,22.216,22.178,22.125,22.086,22.063,22.041,22.025,22.002,21.979,21.949,21.911,21.903,21.911,21.911,21.918,21.903,21.903,21.903,21.903,21.888,21.880,21.872,21.880,21.888,21.903,21.918,21.926,21.918,21.903,21.888,21.888,21.888,21.895,21.911,21.911,21.903,21.888,21.880,21.888,21.903,21.926,21.949,21.979,22.002,22.018,22.041,22.056,22.063,22.063,22.071,22.071,22.071,22.063,22.056,22.041,22.041,22.041,22.025,22.002,21.979,21.956,21.926,21.895,21.857,21.842,21.811,21.765,21.719,21.696,21.681,21.673,21.658,21.596,21.543,21.504,21.489,21.489,21.489,21.481,21.474,21.466,21.450,21.443,21.435,21.427,21.412,21.404,21.404,21.404,21.404,21.412,21.420,21.420,21.420,21.412,21.412,21.404,21.381,21.366,21.358,21.343,21.335,21.335,21.335,21.335,21.343,21.351,21.351,21.358,21.381,21.420,21.450,21.466,21.481,21.497,21.543,21.589,21.635,21.673,21.696,21.757,21.826,21.888,21.949,22.033,22.132,22.247,22.315,22.353,22.399,22.452,22.551,22.597,22.612,22.604,22.589,22.597,22.589,22.566,22.521,22.468,22.429,22.391,22.346,22.292,22.247,22.209,22.201,22.186,22.170,22.140,22.132,22.155,22.170,22.178,22.178,22.193,22.201,22.209,22.224,22.239,22.254,22.270,22.277,22.300,22.323,22.361,22.399,22.445,22.498,22.544,22.574,22.604,22.635,22.658,22.665,22.703,22.749,22.794,22.832,22.885,22.938,22.984,23.029,23.067,23.120,23.173,23.233,23.316,23.384,23.444,23.489,23.542,23.595,23.670,23.760,23.820,23.880,23.940,24.015,24.075,24.135,24.180,24.210,24.277,24.345,24.397,24.427,24.442,24.464,24.486,24.494,24.479,24.449,24.419,24.419,24.434,24.397,24.300,24.113,23.993,23.918,23.865,23.760,23.602,23.474,23.384,23.286,23.188,23.112,23.044,22.946,22.847,22.764,22.703,22.642,22.597,22.544,22.498,22.468,22.414,22.369,22.323,22.300,22.285,22.270,22.239,22.209,22.178,22.147,22.140,22.147,22.140,22.125,22.109,22.109,22.094,22.079,22.063,22.056,22.056,22.048,22.041,22.010,21.995,21.987,21.979,21.979,21.972,21.972,21.964,21.964,21.956,21.956,21.956,21.956,21.956,21.956,21.956,21.956,21.956,21.956,21.956,21.949,21.941,21.934,21.918,21.911,21.903,21.903,21.895,21.888,21.880,21.872,21.865,21.857,21.857,21.865,21.865,21.865,21.872,21.872,21.865,21.857,21.857,21.849,21.834,21.819,21.811,21.803,21.796,21.803,21.811,21.826,21.834,21.834,21.826,21.819,21.819,21.803,21.796,21.788,21.788,21.788,21.788,21.796,21.811,21.811,21.819,21.826,21.826,21.826,21.826,21.826,21.826,21.834,21.834,21.826,21.826,21.842,21.849,21.857,21.849,21.811,21.803,21.811,21.826,21.826,21.834,21.834,21.834,21.834,21.834,21.834,21.826,21.834,21.826,21.834,21.834,21.834,21.834,21.834,21.826,21.811,21.796,21.780,21.780,21.780,21.773,21.773,21.773,21.780,21.780,21.780,21.788,21.803,21.811,21.819,21.819,21.819,21.819,21.857,21.903,21.926,21.926,21.934,21.949,21.979,22.002,22.018,22.033,22.048,22.063,22.079,22.086,22.102,22.117,22.125,22.125,22.132,22.140,22.140,22.140,22.147,22.155,22.155,22.155,22.155,22.163,22.178,22.186,22.193,22.193,22.201,22.209,22.209,22.209,22.224,22.231,22.247,22.254,22.262,22.270,22.277,22.292,22.315,22.338,22.361,22.369,22.384,22.391,22.407,22.422,22.437,22.445,22.460,22.475,22.490,22.506,22.521,22.544,22.566,22.589,22.604,22.620,22.627,22.635,22.642,22.650,22.658,22.665,22.673,22.688,22.711,22.733,22.741,22.749,22.756,22.764,22.771,22.779,22.779,22.779,22.771,22.771,22.764,22.756,22.756,22.756
,22.490,22.490,22.490,22.445,22.407,22.384,22.384,22.376,22.346,22.292,22.247,22.224,22.193,22.155,22.102,22.071,22.048,22.033,22.010,21.979,21.956,21.926,21.934,21.941,21.941,21.941,21.934,21.934,21.926,21.918,21.903,21.888,21.880,21.888,21.918,21.949,21.979,21.995,21.972,21.941,21.903,21.880,21.872,21.872,21.880,21.888,21.880,21.865,21.865,21.872,21.895,21.926,21.956,21.987,22.010,22.025,22.033,22.048,22.063,22.063,22.063,22.063,22.063,22.056,22.048,22.041,22.041,22.041,22.025,22.010,21.979,21.956,21.926,21.888,21.849,21.826,21.803,21.765,21.711,21.688,21.673,21.673,21.650,21.596,21.550,21.504,21.497,21.497,21.497,21.497,21.497,21.497,21.481,21.474,21.458,21.435,21.420,21.404,21.397,21.389,21.389,21.389,21.389,21.381,21.381,21.374,21.374,21.397,21.412,21.420,21.427,21.435,21.435,21.427,21.420,21.420,21.420,21.412,21.404,21.404,21.412,21.435,21.450,21.466,21.474,21.489,21.527,21.566,21.604,21.635,21.665,21.719,21.780,21.834,21.872,21.926,22.002,22.094,22.163,22.186,22.216,22.277,22.376,22.429,22.460,22.468,22.468,22.475,22.475,22.452,22.422,22.369,22.330,22.300,22.254,22.201,22.163,22.132,22.117,22.102,22.086,22.071,22.063,22.071,22.094,22.109,22.117,22.125,22.140,22.170,22.186,22.209,22.224,22.239,22.254,22.277,22.300,22.330,22.361,22.399,22.445,22.490,22.536,22.566,22.589,22.612,22.627,22.658,22.696,22.741,22.787,22.824,22.870,22.923,22.961,22.991,23.029,23.082,23.142,23.210,23.278,23.324,23.376,23.422,23.474,23.550,23.632,23.693,23.745,23.798,23.858,23.918,23.970,24.023,24.045,24.113,24.165,24.203,24.232,24.247,24.262,24.277,24.270,24.247,24.217,24.188,24.188,24.195,24.165,24.075,23.910,23.813,23.753,23.708,23.602,23.474,23.361,23.263,23.173,23.097,23.029,22.953,22.862,22.779,22.711,22.642,22.589,22.544,22.506,22.468,22.445,22.391,22.346,22.308,22.285,22.277,22.262,22.231,22.209,22.186,22.163,22.155,22.155,22.147,22.140,22.132,22.132,22.117,22.102,22.086,22.079,22.079,22.079,22.056,22.018,22.002,21.995,21.987,21.979,21.972,21.972,21.964,21.956,21.956,21.956,21.956,21.956,21.956,21.956,21.956,21.956,21.956,21.949,21.949,21.941,21.934,21.918,21.918,21.911,21.903,21.895,21.888,21.880,21.872,21.865,21.865,21.857,21.872,21.880,21.888,21.888,21.888,21.888,21.880,21.872,21.857,21.842,21.826,21.811,21.796,21.788,21.788,21.796,21.819,21.834,21.842,21.849,21.842,21.834,21.826,21.819,21.803,21.796,21.796,21.796,21.796,21.803,21.811,21.826,21.834,21.834,21.842,21.842,21.842,21.842,21.849,21.849,21.857,21.857,21.865,21.872,21.888,21.895,21.880,21.819,21.803,21.803,21.811,21.819,21.834,21.849,21.865,21.872,21.880,21.888,21.895,21.903,21.918,21.926,21.934,21.941,21.941,21.941,21.941,21.934,21.934,21.934,21.941,21.949,21.964,21.964,21.964,21.964,21.972,21.972,21.979,21.995,21.995,22.002,22.018,22.025,22.033,22.063,22.117,22.125,22.125,22.125,22.132,22.155,22.170,22.186,22.193,22.201,22.209,22.224,22.231,22.239,22.254,22.262,22.270,22.277,22.285,22.285,22.292,22.300,22.308,22.315,22.323,22.330,22.338,22.353,22.361,22.376,22.384,22.391,22.391,22.391,22.391,22.391,22.407,22.422,22.429,22.437,22.445,22.452,22.475,22.498,22.513,22.536,22.551,22.559,22.566,22.582,22.597,22.612,22.620,22.635,22.650,22.658,22.680,22.696,22.718,22.741,22.764,22.779,22.794,22.802,22.809,22.824,22.832,22.832,22.840,22.847,22.855,22.870,22.885,22.893,22.893,22.900,22.908,22.908,22.915,22.923,22.915,22.915,22.915,22.915,22.908,22.908,22.900
,22.498,22.498,22.483,22.445,22.407,22.384,22.376,22.369,22.346,22.308,22.254,22.231,22.209,22.170,22.117,22.086,22.063,22.041,22.018,21.995,21.972,21.956,21.979,21.987,21.987,21.979,21.972,21.964,21.956,21.941,21.926,21.911,21.903,21.911,21.949,21.995,22.025,22.041,22.018,21.972,21.926,21.888,21.880,21.880,21.888,21.888,21.872,21.865,21.865,21.880,21.903,21.934,21.964,21.995,22.010,22.025,22.033,22.041,22.056,22.056,22.056,22.056,22.056,22.056,22.048,22.041,22.033,22.033,22.025,22.010,21.979,21.956,21.926,21.888,21.842,21.819,21.796,21.765,21.711,21.681,21.665,21.658,21.642,21.596,21.543,21.504,21.489,21.489,21.489,21.481,21.481,21.481,21.466,21.458,21.443,21.420,21.397,21.381,21.366,21.366,21.358,21.358,21.351,21.343,21.335,21.327,21.335,21.358,21.381,21.404,21.420,21.427,21.435,21.427,21.427,21.427,21.427,21.420,21.420,21.420,21.427,21.435,21.450,21.458,21.466,21.481,21.512,21.543,21.566,21.596,21.635,21.681,21.727,21.773,21.803,21.842,21.888,21.956,22.010,22.025,22.048,22.094,22.186,22.247,22.285,22.300,22.315,22.330,22.330,22.323,22.300,22.262,22.231,22.201,22.163,22.132,22.102,22.079,22.071,22.056,22.048,22.033,22.025,22.041,22.056,22.071,22.071,22.079,22.102,22.140,22.163,22.178,22.193,22.209,22.231,22.254,22.277,22.308,22.330,22.361,22.399,22.445,22.490,22.521,22.544,22.566,22.597,22.627,22.658,22.696,22.741,22.779,22.824,22.870,22.915,22.938,22.968,23.014,23.074,23.135,23.188,23.233,23.271,23.309,23.361,23.422,23.505,23.565,23.610,23.648,23.708,23.768,23.820,23.865,23.895,23.948,23.993,24.030,24.053,24.068,24.083,24.090,24.075,24.053,24.023,23.993,23.978,23.978,23.948,23.865,23.738,23.655,23.602,23.557,23.467,23.361,23.248,23.150,23.074,23.014,22.946,22.870,22.794,22.726,22.658,22.589,22.551,22.513,22.475,22.445,22.429,22.384,22.338,22.300,22.285,22.270,22.254,22.231,22.209,22.186,22.170,22.155,22.147,22.140,22.132,22.125,22.117,22.102,22.086,22.079,22.071,22.071,22.063,22.048,22.010,21.995,21.987,21.979,21.972,21.972,21.964,21.956,21.949,21.949,21.949,21.941,21.941,21.941,21.941,21.941,21.934,21.934,21.926,21.926,21.918,21.903,21.895,21.888,21.880,21.880,21.872,21.865,21.857,21.849,21.842,21.834,21.842,21.849,21.857,21.849,21.834,21.826,21.826,21.826,21.819,21.803,21.788,21.773,21.757,21.750,21.742,21.750,21.757,21.773,21.780,21.796,21.796,21.796,21.788,21.780,21.773,21.765,21.773,21.773,21.780,21.780,21.780,21.796,21.803,21.811,21.819,21.826,21.834,21.826,21.834,21.842,21.842,21.849,21.865,21.865,21.888,21.895,21.903,21.903,21.849,21.842,21.849,21.857,21.872,21.895,21.911,21.926,21.941,21.956,21.964,21.972,21.987,21.995,22.002,22.010,22.018,22.025,22.025,22.033,22.041,22.048,22.063,22.079,22.094,22.109,22.125,22.125,22.125,22.140,22.147,22.147,22.163,22.170,22.178,22.193,22.209,22.224,22.247,22.285,22.285,22.285,22.277,22.285,22.300,22.315,22.323,22.330,22.346,22.353,22.361,22.376,22.384,22.391,22.399,22.407,22.422,22.429,22.437,22.445,22.452,22.468,22.483,22.490,22.498,22.506,22.521,22.536,22.551,22.559,22.566,22.566,22.566,22.559,22.559,22.566,22.582,22.589,22.597,22.612,22.627,22.650,22.665,22.680,22.703,22.718,22.726,22.733,22.749,22.764,22.779,22.787,22.794,22.809,22.817,22.840,22.847,22.870,22.885,22.908,22.923,22.938,22.946,22.953,22.968,22.976,22.976,22.984,22.991,22.999,23.006,23.014,23.021,23.021,23.029,23.029,23.037,23.037,23.037,23.037,23.037,23.029,23.029,23.029,23.014,23.014
,22.506,22.498,22.483,22.445,22.407,22.384,22.369,22.361,22.346,22.315,22.254,22.231,22.216,22.193,22.132,22.102,22.079,22.056,22.048,22.025,22.010,22.010,22.025,22.033,22.033,22.025,22.018,22.002,21.995,21.979,21.964,21.949,21.941,21.941,21.979,22.018,22.048,22.063,22.041,22.010,21.972,21.934,21.918,21.918,21.926,21.918,21.911,21.903,21.895,21.903,21.926,21.949,21.979,22.002,22.018,22.025,22.033,22.033,22.048,22.048,22.048,22.041,22.048,22.048,22.041,22.033,22.025,22.025,22.018,22.002,21.987,21.964,21.926,21.888,21.842,21.819,21.796,21.765,21.719,21.696,21.673,21.658,21.642,21.596,21.550,21.512,21.497,21.489,21.481,21.458,21.450,21.443,21.435,21.420,21.412,21.397,21.374,21.351,21.351,21.343,21.335,21.327,21.327,21.320,21.312,21.312,21.312,21.320,21.320,21.327,21.335,21.343,21.351,21.351,21.358,21.366,21.381,21.397,21.404,21.412,21.427,21.443,21.458,21.466,21.481,21.489,21.520,21.543,21.558,21.573,21.612,21.658,21.696,21.734,21.757,21.780,21.811,21.849,21.880,21.895,21.903,21.934,21.995,22.048,22.086,22.109,22.132,22.155,22.163,22.170,22.170,22.155,22.132,22.117,22.102,22.086,22.063,22.056,22.063,22.063,22.056,22.048,22.048,22.063,22.063,22.063,22.063,22.071,22.094,22.125,22.147,22.170,22.178,22.193,22.216,22.239,22.270,22.292,22.315,22.346,22.369,22.407,22.460,22.490,22.513,22.536,22.566,22.604,22.642,22.673,22.711,22.756,22.794,22.840,22.893,22.923,22.946,22.976,23.029,23.082,23.135,23.165,23.188,23.226,23.263,23.309,23.384,23.444,23.474,23.505,23.572,23.625,23.678,23.715,23.753,23.798,23.835,23.865,23.888,23.903,23.910,23.925,23.910,23.888,23.858,23.828,23.805,23.790,23.753,23.685,23.587,23.520,23.467,23.422,23.361,23.256,23.150,23.059,23.006,22.938,22.870,22.802,22.749,22.688,22.620,22.559,22.536,22.498,22.468,22.445,22.429,22.391,22.353,22.315,22.300,22.285,22.270,22.247,22.216,22.193,22.170,22.155,22.140,22.132,22.117,22.109,22.094,22.079,22.071,22.063,22.056,22.048,22.041,22.025,22.018,22.010,22.002,22.002,21.995,21.987,21.987,21.979,21.972,21.964,21.964,21.964,21.956,21.956,21.949,21.949,21.949,21.941,21.934,21.934,21.926,21.918,21.911,21.903,21.888,21.888,21.880,21.880,21.872,21.865,21.857,21.849,21.865,21.872,21.865,21.834,21.780,21.750,21.742,21.757,21.757,21.750,21.734,21.727,21.727,21.727,21.727,21.727,21.727,21.734,21.742,21.742,21.750,21.750,21.750,21.742,21.742,21.750,21.773,21.796,21.803,21.803,21.811,21.811,21.826,21.834,21.842,21.849,21.857,21.865,21.865,21.872,21.880,21.895,21.903,21.911,21.934,21.956,21.972,21.979,21.979,21.995,22.010,22.025,22.048,22.063,22.079,22.086,22.094,22.102,22.109,22.109,22.109,22.117,22.117,22.117,22.125,22.132,22.140,22.147,22.163,22.170,22.186,22.209,22.224,22.239,22.254,22.270,22.277,22.292,22.300,22.315,22.330,22.346,22.361,22.376,22.376,22.391,22.407,22.422,22.429,22.422,22.414,22.414,22.429,22.445,22.452,22.468,22.475,22.490,22.506,22.513,22.528,22.536,22.544,22.551,22.566,22.574,22.589,22.597,22.612,22.627,22.635,22.650,22.650,22.665,22.680,22.696,22.703,22.718,22.726,22.726,22.718,22.718,22.726,22.733,22.741,22.749,22.756,22.764,22.779,22.802,22.824,22.840,22.847,22.862,22.870,22.885,22.900,22.915,22.931,22.938,22.946,22.953,22.961,22.976,22.984,22.999,23.014,23.021,23.037,23.052,23.059,23.074,23.082,23.089,23.097,23.105,23.105,23.120,23.127,23.135,23.135,23.142,23.142,23.142,23.142,23.142,23.142,23.135,23.127,23.127,23.120,23.112,23.097,23.089
,22.506,22.498,22.483,22.460,22.429,22.399,22.384,22.369,22.353,22.323,22.277,22.247,22.224,22.201,22.170,22.132,22.109,22.094,22.079,22.071,22.071,22.079,22.094,22.094,22.094,22.079,22.063,22.048,22.033,22.018,22.010,21.995,21.987,21.995,22.002,22.010,22.018,22.018,22.018,22.018,22.018,22.010,22.010,22.018,22.018,22.010,21.995,21.979,21.972,21.964,21.972,21.979,21.987,22.002,22.010,22.010,22.018,22.018,22.018,22.025,22.025,22.025,22.033,22.025,22.025,22.018,22.002,21.995,21.995,21.987,21.987,21.964,21.941,21.911,21.880,21.857,21.834,21.803,21.765,21.734,21.711,21.688,21.673,21.635,21.604,21.573,21.558,21.543,21.527,21.512,21.497,21.481,21.474,21.466,21.466,21.450,21.427,21.404,21.397,21.389,21.381,21.374,21.374,21.374,21.374,21.366,21.366,21.351,21.343,21.335,21.343,21.351,21.358,21.358,21.374,21.397,21.420,21.450,21.474,21.489,21.512,21.527,21.527,21.535,21.543,21.558,21.581,21.596,21.612,21.627,21.650,21.688,21.727,21.757,21.780,21.796,21.819,21.849,21.865,21.872,21.880,21.888,21.911,21.941,21.972,21.987,22.002,22.018,22.041,22.056,22.079,22.094,22.102,22.102,22.102,22.109,22.109,22.109,22.109,22.117,22.125,22.140,22.140,22.125,22.109,22.094,22.079,22.086,22.109,22.147,22.170,22.193,22.209,22.216,22.239,22.270,22.292,22.315,22.338,22.369,22.399,22.437,22.468,22.498,22.528,22.559,22.582,22.620,22.658,22.696,22.726,22.764,22.809,22.855,22.893,22.931,22.961,22.991,23.029,23.074,23.112,23.142,23.165,23.188,23.226,23.256,23.301,23.339,23.369,23.399,23.437,23.474,23.520,23.572,23.610,23.655,23.693,23.715,23.745,23.768,23.790,23.805,23.790,23.768,23.738,23.708,23.693,23.663,23.617,23.557,23.467,23.407,23.369,23.331,23.263,23.165,23.082,23.021,22.961,22.900,22.847,22.794,22.741,22.688,22.635,22.589,22.559,22.528,22.506,22.490,22.468,22.437,22.407,22.376,22.346,22.330,22.300,22.270,22.247,22.216,22.201,22.186,22.163,22.147,22.140,22.132,22.125,22.125,22.117,22.117,22.117,22.125,22.125,22.132,22.140,22.147,22.147,22.147,22.147,22.147,22.140,22.140,22.132,22.132,22.132,22.132,22.132,22.132,22.132,22.132,22.125,22.125,22.117,22.117,22.117,22.109,22.109,22.102,22.109,22.109,22.109,22.109,22.109,22.109,22.109,22.109,22.125,22.140,22.125,22.063,21.888,21.849,21.842,21.865,21.880,21.888,21.888,21.895,21.903,21.911,21.911,21.911,21.911,21.918,21.918,21.926,21.926,21.926,21.926,21.926,21.926,21.934,21.995,22.079,22.086,22.094,22.102,22.102,22.117,22.132,22.147,22.155,22.170,22.163,22.170,22.178,22.186,22.193,22.201,22.209,22.231,22.262,22.285,22.300,22.308,22.323,22.338,22.353,22.361,22.369,22.369,22.369,22.369,22.361,22.346,22.330,22.330,22.330,22.330,22.338,22.353,22.361,22.369,22.369,22.369,22.376,22.384,22.399,22.407,22.422,22.429,22.445,22.460,22.475,22.490,22.506,22.521,22.536,22.544,22.551,22.559,22.574,22.582,22.597,22.597,22.597,22.597,22.604,22.612,22.620,22.627,22.635,22.650,22.665,22.680,22.688,22.696,22.703,22.711,22.718,22.733,22.741,22.741,22.749,22.764,22.771,22.787,22.787,22.787,22.794,22.809,22.824,22.832,22.855,22.862,22.862,22.862,22.870,22.885,22.908,22.915,22.908,22.908,22.915,22.923,22.938,22.953,22.968,22.976,22.984,22.999,23.006,23.021,23.044,23.059,23.067,23.074,23.074,23.082,23.089,23.105,23.112,23.120,23.127,23.150,23.158,23.173,23.195,23.210,23.226,23.241,23.241,23.241,23.256,23.263,23.271,23.271,23.271,23.271,23.278,23.278,23.278,23.271,23.263,23.256,23.248,23.241,23.233,23.210,23.210
,22.513,22.506,22.498,22.475,22.452,22.429,22.407,22.391,22.369,22.338,22.308,22.270,22.239,22.224,22.193,22.155,22.125,22.102,22.086,22.071,22.063,22.056,22.063,22.063,22.056,22.048,22.025,22.010,22.002,21.995,21.987,21.979,21.979,21.972,21.972,21.972,21.972,21.964,21.972,21.987,21.995,22.010,22.018,22.018,22.025,22.025,22.010,22.002,21.995,21.987,21.987,21.995,21.995,22.002,22.010,22.010,22.018,22.018,22.018,22.018,22.025,22.025,22.025,22.025,22.025,22.018,22.002,22.002,22.002,22.002,22.002,21.995,21.972,21.956,21.926,21.903,21.880,21.849,21.819,21.788,21.765,21.750,21.727,21.696,21.665,21.642,21.627,21.627,21.619,21.604,21.589,21.581,21.566,21.558,21.550,21.535,21.520,21.497,21.481,21.481,21.474,21.474,21.474,21.474,21.474,21.474,21.474,21.474,21.466,21.474,21.474,21.481,21.481,21.489,21.497,21.512,21.527,21.550,21.566,21.581,21.589,21.596,21.596,21.596,21.604,21.619,21.642,21.658,21.673,21.696,21.719,21.757,21.788,21.811,21.819,21.834,21.849,21.865,21.888,21.895,21.903,21.918,21.934,21.956,21.979,21.995,22.002,22.018,22.025,22.041,22.063,22.071,22.086,22.086,22.094,22.109,22.109,22.109,22.117,22.132,22.147,22.163,22.163,22.155,22.140,22.125,22.109,22.109,22.132,22.170,22.193,22.216,22.239,22.254,22.270,22.292,22.315,22.330,22.353,22.384,22.414,22.445,22.475,22.506,22.536,22.574,22.604,22.642,22.680,22.718,22.749,22.787,22.824,22.862,22.900,22.923,22.953,22.984,23.021,23.052,23.089,23.112,23.127,23.150,23.180,23.218,23.248,23.271,23.293,23.309,23.331,23.361,23.392,23.429,23.467,23.505,23.542,23.572,23.595,23.617,23.632,23.648,23.632,23.610,23.587,23.557,23.550,23.527,23.482,23.429,23.361,23.316,23.286,23.248,23.188,23.105,23.037,22.984,22.938,22.893,22.855,22.809,22.756,22.711,22.665,22.627,22.597,22.574,22.551,22.528,22.506,22.483,22.452,22.429,22.399,22.376,22.353,22.323,22.300,22.285,22.277,22.262,22.247,22.239,22.231,22.239,22.231,22.239,22.247,22.247,22.247,22.254,22.254,22.254,22.239,22.231,22.239,22.239,22.239,22.239,22.239,22.239,22.239,22.239,22.239,22.239,22.239,22.239,22.239,22.247,22.247,22.247,22.247,22.254,22.254,22.254,22.262,22.270,22.277,22.285,22.292,22.308,22.315,22.315,22.315,22.323,22.346,22.369,22.353,22.300,22.117,22.079,22.086,22.109,22.140,22.147,22.155,22.155,22.170,22.186,22.193,22.201,22.201,22.209,22.224,22.239,22.254,22.262,22.262,22.270,22.270,22.285,22.308,22.338,22.346,22.353,22.361,22.376,22.384,22.399,22.414,22.429,22.437,22.460,22.475,22.475,22.475,22.475,22.475,22.483,22.506,22.521,22.536,22.551,22.566,22.574,22.589,22.597,22.604,22.612,22.620,22.612,22.604,22.597,22.566,22.521,22.521,22.521,22.528,22.544,22.559,22.566,22.574,22.574,22.574,22.574,22.582,22.589,22.604,22.612,22.620,22.635,22.650,22.665,22.680,22.696,22.711,22.718,22.726,22.733,22.741,22.749,22.764,22.771,22.779,22.787,22.794,22.802,22.809,22.817,22.824,22.832,22.840,22.855,22.862,22.870,22.870,22.870,22.870,22.878,22.885,22.900,22.908,22.908,22.923,22.931,22.931,22.931,22.931,22.931,22.938,22.953,22.968,22.984,22.991,22.991,22.999,23.014,23.037,23.074,23.067,23.052,23.044,23.044,23.059,23.074,23.082,23.097,23.112,23.120,23.127,23.150,23.165,23.188,23.203,23.210,23.218,23.218,23.226,23.233,23.241,23.248,23.263,23.278,23.286,23.301,23.316,23.339,23.354,23.369,23.384,23.399,23.399,23.414,23.422,23.429,23.429,23.429,23.429,23.437,23.437,23.437,23.437,23.437,23.429,23.422,23.422,23.407,23.392,23.392
,22.521,22.521,22.513,22.498,22.475,22.460,22.437,22.414,22.384,22.353,22.330,22.292,22.262,22.239,22.209,22.170,22.132,22.109,22.094,22.063,22.041,22.025,22.018,22.010,22.002,21.995,21.979,21.964,21.956,21.949,21.941,21.934,21.926,21.911,21.903,21.895,21.888,21.888,21.895,21.918,21.941,21.956,21.964,21.972,21.987,21.987,21.987,21.979,21.979,21.979,21.979,21.979,21.979,21.987,21.987,21.995,21.995,21.995,21.995,22.002,22.002,22.010,22.010,22.010,22.010,22.002,21.995,21.995,22.002,22.010,22.010,22.002,21.987,21.972,21.949,21.934,21.911,21.880,21.857,21.834,21.811,21.788,21.765,21.734,21.704,21.681,21.673,21.673,21.665,21.658,21.650,21.642,21.627,21.619,21.619,21.604,21.581,21.566,21.550,21.543,21.543,21.535,21.535,21.527,21.527,21.535,21.535,21.543,21.550,21.558,21.566,21.566,21.573,21.573,21.581,21.589,21.596,21.596,21.612,21.619,21.619,21.619,21.627,21.635,21.642,21.658,21.681,21.711,21.734,21.757,21.788,21.819,21.849,21.865,21.865,21.872,21.872,21.888,21.903,21.918,21.926,21.941,21.956,21.987,22.010,22.025,22.033,22.041,22.048,22.063,22.071,22.079,22.086,22.086,22.094,22.102,22.109,22.109,22.117,22.132,22.147,22.170,22.178,22.186,22.186,22.178,22.178,22.186,22.209,22.239,22.262,22.277,22.292,22.308,22.315,22.330,22.346,22.361,22.384,22.407,22.437,22.460,22.490,22.521,22.559,22.597,22.635,22.680,22.711,22.749,22.779,22.809,22.840,22.870,22.900,22.923,22.946,22.968,22.999,23.037,23.067,23.089,23.105,23.127,23.150,23.173,23.195,23.218,23.226,23.241,23.248,23.271,23.301,23.324,23.354,23.384,23.414,23.437,23.452,23.467,23.482,23.489,23.467,23.452,23.429,23.414,23.399,23.384,23.354,23.316,23.263,23.226,23.203,23.165,23.112,23.052,22.999,22.953,22.923,22.900,22.870,22.832,22.787,22.741,22.703,22.673,22.642,22.620,22.597,22.574,22.559,22.536,22.513,22.490,22.468,22.445,22.422,22.399,22.376,22.369,22.353,22.346,22.338,22.330,22.330,22.330,22.330,22.330,22.338,22.338,22.338,22.346,22.346,22.338,22.308,22.300,22.300,22.308,22.315,22.315,22.315,22.315,22.315,22.315,22.323,22.323,22.330,22.330,22.338,22.338,22.346,22.353,22.353,22.361,22.369,22.384,22.399,22.407,22.422,22.445,22.460,22.475,22.483,22.490,22.498,22.506,22.528,22.559,22.559,22.513,22.391,22.361,22.369,22.391,22.414,22.414,22.414,22.422,22.437,22.445,22.460,22.460,22.475,22.490,22.513,22.536,22.559,22.566,22.574,22.582,22.589,22.597,22.597,22.589,22.589,22.597,22.604,22.620,22.627,22.642,22.650,22.665,22.673,22.696,22.711,22.711,22.703,22.696,22.696,22.696,22.703,22.711,22.718,22.726,22.726,22.733,22.741,22.749,22.756,22.764,22.764,22.764,22.764,22.756,22.733,22.703,22.711,22.711,22.718,22.733,22.741,22.749,22.756,22.756,22.756,22.756,22.764,22.771,22.779,22.787,22.794,22.809,22.824,22.840,22.855,22.870,22.885,22.893,22.908,22.915,22.923,22.931,22.938,22.946,22.961,22.968,22.976,22.984,22.991,22.991,22.991,22.999,23.006,23.021,23.021,23.029,23.021,23.021,23.021,23.029,23.029,23.044,23.052,23.052,23.067,23.067,23.074,23.074,23.074,23.074,23.082,23.097,23.120,23.135,23.142,23.142,23.150,23.165,23.195,23.233,23.210,23.188,23.173,23.173,23.180,23.195,23.203,23.210,23.226,23.241,23.256,23.278,23.293,23.309,23.324,23.331,23.339,23.354,23.361,23.376,23.376,23.384,23.392,23.399,23.407,23.414,23.422,23.437,23.452,23.474,23.489,23.505,23.512,23.527,23.535,23.535,23.535,23.535,23.535,23.542,23.542,23.542,23.535,23.535,23.535,23.535,23.535,23.527,23.520,23.512
,22.536,22.528,22.528,22.506,22.490,22.483,22.460,22.437,22.407,22.376,22.346,22.323,22.285,22.247,22.224,22.186,22.147,22.117,22.094,22.063,22.033,22.010,21.987,21.979,21.964,21.956,21.941,21.926,21.911,21.903,21.888,21.872,21.857,21.842,21.826,21.819,21.811,21.811,21.819,21.842,21.865,21.880,21.895,21.911,21.918,21.934,21.934,21.941,21.941,21.949,21.949,21.949,21.949,21.949,21.949,21.949,21.949,21.949,21.949,21.956,21.964,21.964,21.972,21.979,21.979,21.972,21.964,21.979,21.987,22.002,22.002,21.987,21.972,21.956,21.941,21.926,21.911,21.888,21.865,21.849,21.826,21.811,21.796,21.757,21.727,21.704,21.681,21.673,21.665,21.665,21.658,21.650,21.650,21.642,21.635,21.627,21.604,21.589,21.573,21.566,21.558,21.550,21.543,21.543,21.535,21.535,21.543,21.550,21.558,21.566,21.581,21.589,21.589,21.589,21.589,21.596,21.596,21.596,21.596,21.604,21.612,21.612,21.627,21.642,21.658,21.681,21.711,21.742,21.780,21.803,21.849,21.880,21.903,21.918,21.911,21.903,21.903,21.895,21.911,21.918,21.934,21.941,21.964,21.995,22.025,22.056,22.063,22.079,22.086,22.094,22.109,22.109,22.109,22.109,22.117,22.125,22.125,22.125,22.132,22.147,22.170,22.193,22.216,22.239,22.262,22.277,22.292,22.308,22.330,22.346,22.361,22.369,22.369,22.376,22.384,22.391,22.399,22.407,22.429,22.452,22.475,22.498,22.521,22.559,22.589,22.635,22.680,22.718,22.749,22.779,22.809,22.832,22.855,22.878,22.900,22.923,22.938,22.953,22.984,23.021,23.052,23.074,23.089,23.112,23.127,23.142,23.158,23.165,23.180,23.188,23.203,23.218,23.233,23.256,23.286,23.301,23.316,23.331,23.339,23.346,23.354,23.354,23.339,23.324,23.309,23.286,23.286,23.271,23.248,23.210,23.173,23.142,23.120,23.089,23.052,23.006,22.968,22.931,22.923,22.915,22.893,22.862,22.824,22.787,22.749,22.726,22.703,22.680,22.658,22.635,22.620,22.604,22.589,22.574,22.551,22.536,22.513,22.490,22.475,22.460,22.452,22.437,22.429,22.414,22.414,22.414,22.407,22.414,22.414,22.414,22.407,22.407,22.407,22.399,22.384,22.384,22.384,22.391,22.399,22.399,22.399,22.407,22.414,22.414,22.414,22.422,22.429,22.429,22.437,22.445,22.452,22.460,22.468,22.483,22.490,22.513,22.528,22.544,22.559,22.582,22.604,22.620,22.635,22.642,22.650,22.658,22.680,22.711,22.718,22.696,22.635,22.620,22.627,22.650,22.650,22.642,22.642,22.635,22.642,22.650,22.658,22.665,22.680,22.711,22.741,22.764,22.779,22.794,22.802,22.809,22.817,22.817,22.809,22.802,22.802,22.802,22.809,22.824,22.832,22.840,22.847,22.847,22.855,22.855,22.862,22.855,22.847,22.840,22.832,22.832,22.832,22.824,22.824,22.824,22.817,22.817,22.817,22.824,22.824,22.832,22.832,22.832,22.840,22.840,22.855,22.870,22.885,22.893,22.893,22.893,22.900,22.900,22.908,22.908,22.915,22.923,22.923,22.931,22.938,22.938,22.946,22.961,22.976,22.991,23.006,23.021,23.037,23.059,23.074,23.089,23.089,23.097,23.105,23.105,23.120,23.120,23.127,23.135,23.127,23.127,23.127,23.127,23.127,23.135,23.135,23.135,23.135,23.142,23.142,23.150,23.150,23.158,23.158,23.165,23.173,23.180,23.188,23.188,23.195,23.203,23.218,23.241,23.263,23.278,23.293,23.301,23.316,23.331,23.346,23.361,23.339,23.316,23.301,23.293,23.301,23.301,23.309,23.309,23.316,23.331,23.354,23.376,23.384,23.399,23.407,23.422,23.437,23.459,23.474,23.489,23.489,23.489,23.489,23.489,23.482,23.489,23.489,23.489,23.497,23.520,23.535,23.542,23.550,23.565,23.572,23.572,23.565,23.565,23.565,23.565,23.557,23.550,23.542,23.542,23.550,23.550,23.550,23.557,23.550,23.550
,22.536,22.528,22.521,22.506,22.490,22.475,22.468,22.452,22.422,22.391,22.369,22.346,22.315,22.277,22.239,22.209,22.186,22.147,22.117,22.094,22.063,22.033,22.010,22.002,21.987,21.979,21.964,21.949,21.941,21.934,21.918,21.911,21.895,21.880,21.872,21.865,21.857,21.857,21.857,21.865,21.865,21.872,21.865,21.872,21.880,21.888,21.888,21.895,21.895,21.903,21.903,21.903,21.911,21.911,21.903,21.911,21.911,21.911,21.911,21.911,21.903,21.903,21.911,21.903,21.903,21.895,21.895,21.918,21.949,21.956,21.956,21.949,21.934,21.918,21.911,21.903,21.888,21.872,21.865,21.857,21.849,21.842,21.819,21.796,21.765,21.727,21.704,21.688,21.681,21.665,21.650,21.635,21.619,21.612,21.604,21.589,21.573,21.558,21.543,21.535,21.535,21.535,21.535,21.535,21.535,21.535,21.535,21.535,21.535,21.543,21.550,21.558,21.558,21.566,21.566,21.573,21.581,21.589,21.596,21.612,21.627,21.642,21.665,21.688,21.711,21.742,21.773,21.796,21.826,21.857,21.895,21.918,21.934,21.941,21.934,21.926,21.926,21.926,21.934,21.941,21.949,21.964,21.987,22.018,22.056,22.086,22.109,22.125,22.140,22.155,22.178,22.186,22.193,22.201,22.201,22.201,22.209,22.224,22.231,22.254,22.277,22.308,22.323,22.338,22.353,22.369,22.384,22.399,22.414,22.429,22.422,22.429,22.437,22.437,22.452,22.460,22.468,22.483,22.506,22.528,22.544,22.566,22.589,22.612,22.650,22.680,22.726,22.756,22.779,22.802,22.832,22.855,22.870,22.893,22.915,22.931,22.946,22.961,22.968,23.014,23.044,23.067,23.074,23.097,23.120,23.142,23.150,23.150,23.165,23.173,23.188,23.203,23.218,23.241,23.271,23.301,23.324,23.339,23.339,23.354,23.354,23.354,23.346,23.331,23.309,23.293,23.278,23.256,23.226,23.188,23.150,23.120,23.097,23.074,23.044,23.006,22.968,22.953,22.961,22.961,22.946,22.931,22.893,22.855,22.832,22.824,22.809,22.794,22.771,22.749,22.726,22.711,22.696,22.688,22.673,22.658,22.642,22.612,22.604,22.589,22.582,22.566,22.566,22.559,22.566,22.566,22.582,22.597,22.604,22.604,22.604,22.604,22.604,22.597,22.582,22.582,22.589,22.597,22.604,22.604,22.604,22.612,22.620,22.620,22.620,22.620,22.627,22.627,22.635,22.635,22.635,22.642,22.650,22.658,22.665,22.673,22.688,22.696,22.711,22.718,22.726,22.741,22.756,22.764,22.764,22.771,22.794,22.817,22.817,22.787,22.673,22.650,22.665,22.688,22.696,22.703,22.703,22.711,22.733,22.756,22.771,22.771,22.787,22.809,22.832,22.862,22.885,22.900,22.908,22.915,22.923,22.923,22.908,22.893,22.885,22.885,22.893,22.900,22.915,22.915,22.923,22.931,22.938,22.923,22.908,22.908,22.900,22.893,22.885,22.885,22.878,22.878,22.878,22.870,22.870,22.870,22.878,22.878,22.885,22.893,22.893,22.893,22.893,22.900,22.931,22.984,22.999,23.006,22.999,22.976,22.991,22.991,22.999,22.999,23.021,23.029,23.037,23.029,23.037,23.037,23.044,23.059,23.067,23.082,23.097,23.112,23.135,23.150,23.165,23.180,23.188,23.188,23.188,23.180,23.180,23.180,23.180,23.180,23.180,23.173,23.173,23.173,23.173,23.180,23.173,23.173,23.180,23.188,23.188,23.195,23.188,23.188,23.188,23.188,23.203,23.210,23.218,23.226,23.248,23.263,23.286,23.309,23.324,23.339,23.354,23.361,23.369,23.392,23.414,23.429,23.407,23.376,23.361,23.361,23.376,23.384,23.384,23.384,23.376,23.392,23.399,23.414,23.422,23.429,23.444,23.452,23.474,23.489,23.505,23.512,23.527,23.527,23.527,23.527,23.527,23.512,23.497,23.489,23.482,23.489,23.489,23.497,23.497,23.505,23.512,23.520,23.520,23.520,23.520,23.520,23.505,23.482,23.467,23.459,23.467,23.474,23.482,23.489,23.497,23.497
,22.506,22.506,22.498,22.475,22.460,22.452,22.452,22.445,22.429,22.399,22.384,22.361,22.338,22.315,22.277,22.254,22.231,22.201,22.178,22.155,22.132,22.109,22.094,22.079,22.071,22.056,22.048,22.033,22.025,22.018,22.010,22.002,21.987,21.979,21.979,21.987,21.995,21.995,21.995,21.979,21.972,21.964,21.941,21.941,21.926,21.911,21.895,21.880,21.865,21.849,21.842,21.842,21.842,21.842,21.842,21.842,21.842,21.842,21.834,21.834,21.834,21.834,21.834,21.842,21.834,21.834,21.842,21.872,21.911,21.934,21.949,21.941,21.934,21.926,21.926,21.911,21.895,21.880,21.880,21.872,21.872,21.865,21.857,21.842,21.826,21.811,21.803,21.796,21.780,21.765,21.742,21.719,21.696,21.681,21.673,21.658,21.642,21.627,21.612,21.604,21.604,21.604,21.604,21.604,21.596,21.589,21.581,21.573,21.573,21.581,21.581,21.589,21.596,21.604,21.612,21.627,21.642,21.665,21.696,21.719,21.742,21.757,21.773,21.796,21.811,21.834,21.857,21.872,21.888,21.903,21.918,21.934,21.941,21.941,21.941,21.941,21.941,21.949,21.956,21.964,21.987,22.010,22.041,22.086,22.125,22.163,22.178,22.186,22.193,22.201,22.209,22.209,22.216,22.216,22.216,22.216,22.216,22.224,22.231,22.254,22.277,22.300,22.323,22.338,22.361,22.384,22.414,22.437,22.452,22.460,22.452,22.460,22.468,22.490,22.513,22.536,22.551,22.574,22.604,22.620,22.642,22.665,22.680,22.703,22.726,22.756,22.787,22.809,22.824,22.847,22.862,22.885,22.900,22.915,22.946,22.961,22.976,22.999,23.014,23.044,23.074,23.112,23.127,23.150,23.173,23.188,23.203,23.210,23.226,23.241,23.248,23.263,23.278,23.293,23.316,23.339,23.354,23.369,23.376,23.384,23.384,23.392,23.384,23.369,23.354,23.339,23.324,23.293,23.263,23.233,23.203,23.180,23.165,23.142,23.120,23.082,23.059,23.044,23.052,23.044,23.029,23.014,22.984,22.961,22.938,22.931,22.923,22.908,22.885,22.862,22.840,22.824,22.802,22.794,22.787,22.771,22.756,22.741,22.726,22.718,22.718,22.718,22.711,22.711,22.711,22.711,22.726,22.733,22.741,22.749,22.749,22.749,22.749,22.749,22.749,22.756,22.764,22.771,22.779,22.787,22.787,22.794,22.802,22.802,22.802,22.809,22.809,22.809,22.817,22.817,22.817,22.817,22.817,22.824,22.824,22.832,22.840,22.840,22.847,22.847,22.855,22.855,22.862,22.870,22.870,22.870,22.885,22.900,22.908,22.885,22.824,22.809,22.824,22.840,22.847,22.855,22.862,22.870,22.885,22.900,22.915,22.915,22.923,22.931,22.953,22.968,22.984,22.999,22.999,23.006,23.021,23.029,23.021,23.006,22.976,22.976,22.976,22.991,22.999,23.006,23.006,23.014,23.021,23.052,23.074,23.074,23.067,23.067,23.067,23.067,23.067,23.067,23.067,23.067,23.067,23.074,23.082,23.097,23.105,23.120,23.127,23.127,23.127,23.127,23.127,23.120,23.135,23.142,23.142,23.127,23.127,23.127,23.127,23.127,23.135,23.142,23.150,23.158,23.165,23.165,23.173,23.180,23.188,23.195,23.203,23.218,23.226,23.241,23.248,23.256,23.256,23.256,23.248,23.241,23.241,23.248,23.248,23.256,23.256,23.263,23.271,23.278,23.293,23.293,23.301,23.309,23.316,23.361,23.392,23.392,23.369,23.331,23.309,23.301,23.301,23.301,23.301,23.309,23.316,23.324,23.339,23.346,23.354,23.361,23.369,23.369,23.384,23.407,23.429,23.452,23.437,23.422,23.422,23.422,23.429,23.437,23.444,23.444,23.444,23.444,23.459,23.467,23.467,23.474,23.489,23.505,23.520,23.527,23.527,23.535,23.542,23.542,23.557,23.572,23.580,23.580,23.572,23.572,23.580,23.580,23.580,23.580,23.580,23.587,23.595,23.602,23.610,23.610,23.617,23.610,23.602,23.542,23.497,23.474,23.474,23.482,23.489,23.497,23.497,23.497
,22.498,22.498,22.483,22.460,22.445,22.437,22.437,22.437,22.429,22.414,22.399,22.384,22.361,22.338,22.315,22.292,22.270,22.247,22.231,22.209,22.186,22.170,22.155,22.147,22.132,22.125,22.109,22.102,22.094,22.086,22.086,22.079,22.071,22.071,22.079,22.094,22.109,22.117,22.117,22.102,22.086,22.063,22.041,22.025,22.002,21.979,21.949,21.926,21.903,21.888,21.872,21.872,21.872,21.872,21.872,21.872,21.872,21.872,21.872,21.872,21.865,21.865,21.872,21.880,21.880,21.880,21.888,21.918,21.949,21.972,21.987,21.987,21.987,21.979,21.972,21.964,21.941,21.926,21.918,21.918,21.911,21.911,21.903,21.895,21.888,21.888,21.888,21.888,21.880,21.865,21.849,21.826,21.811,21.796,21.788,21.773,21.757,21.742,21.734,21.727,21.719,21.719,21.727,21.719,21.711,21.704,21.696,21.696,21.696,21.696,21.704,21.711,21.719,21.727,21.742,21.765,21.780,21.803,21.842,21.865,21.880,21.895,21.911,21.926,21.941,21.956,21.972,21.987,21.987,21.995,21.995,22.002,22.002,22.010,22.010,22.010,22.010,22.018,22.018,22.033,22.056,22.079,22.117,22.155,22.193,22.224,22.239,22.247,22.247,22.254,22.254,22.254,22.262,22.262,22.262,22.262,22.270,22.277,22.285,22.300,22.323,22.338,22.353,22.376,22.399,22.429,22.468,22.498,22.521,22.528,22.521,22.536,22.551,22.582,22.620,22.650,22.673,22.696,22.726,22.749,22.771,22.794,22.817,22.840,22.862,22.885,22.908,22.923,22.946,22.961,22.976,22.991,22.999,23.021,23.044,23.059,23.074,23.097,23.120,23.142,23.173,23.203,23.226,23.248,23.271,23.286,23.309,23.324,23.339,23.354,23.354,23.369,23.376,23.384,23.392,23.399,23.414,23.414,23.414,23.422,23.422,23.422,23.414,23.407,23.399,23.384,23.376,23.354,23.331,23.309,23.286,23.271,23.263,23.248,23.226,23.203,23.180,23.158,23.158,23.142,23.127,23.105,23.082,23.067,23.052,23.044,23.037,23.029,23.006,22.984,22.961,22.938,22.915,22.900,22.900,22.885,22.878,22.870,22.855,22.855,22.862,22.870,22.870,22.870,22.862,22.870,22.870,22.885,22.893,22.893,22.893,22.900,22.908,22.908,22.915,22.931,22.938,22.953,22.961,22.968,22.968,22.976,22.984,22.984,22.984,22.991,22.991,22.999,22.999,22.999,22.999,22.999,22.999,22.999,22.999,22.999,22.999,22.999,22.991,22.991,22.991,22.991,22.991,22.991,22.991,22.991,23.006,23.014,23.014,23.014,22.999,22.999,23.006,23.021,23.021,23.029,23.029,23.037,23.052,23.059,23.067,23.067,23.067,23.074,23.082,23.097,23.112,23.120,23.120,23.127,23.142,23.150,23.150,23.142,23.112,23.105,23.112,23.120,23.135,23.135,23.127,23.135,23.142,23.188,23.218,23.226,23.218,23.218,23.226,23.233,23.233,23.241,23.241,23.241,23.248,23.256,23.271,23.286,23.293,23.309,23.324,23.331,23.324,23.324,23.316,23.286,23.301,23.309,23.309,23.301,23.293,23.286,23.278,23.271,23.278,23.278,23.278,23.286,23.286,23.293,23.293,23.301,23.309,23.309,23.316,23.316,23.316,23.324,23.324,23.331,23.324,23.324,23.324,23.316,23.316,23.324,23.339,23.346,23.354,23.369,23.384,23.407,23.422,23.429,23.437,23.444,23.459,23.512,23.542,23.542,23.520,23.474,23.444,23.437,23.429,23.422,23.414,23.414,23.414,23.407,23.407,23.414,23.414,23.414,23.414,23.429,23.444,23.467,23.489,23.505,23.497,23.489,23.489,23.489,23.489,23.497,23.497,23.505,23.497,23.505,23.512,23.520,23.520,23.527,23.550,23.572,23.580,23.587,23.587,23.580,23.587,23.595,23.610,23.632,23.640,23.648,23.648,23.655,23.655,23.655,23.648,23.648,23.648,23.648,23.655,23.663,23.663,23.663,23.663,23.663,23.655,23.602,23.557,23.542,23.535,23.535,23.542,23.542,23.542,23.542
,22.521,22.513,22.498,22.468,22.452,22.437,22.437,22.437,22.429,22.414,22.414,22.399,22.384,22.353,22.338,22.323,22.300,22.285,22.262,22.247,22.224,22.201,22.193,22.178,22.170,22.155,22.147,22.132,22.132,22.125,22.125,22.125,22.125,22.125,22.132,22.163,22.186,22.193,22.193,22.186,22.163,22.140,22.125,22.109,22.086,22.063,22.048,22.033,22.018,22.010,22.010,22.010,22.010,22.018,22.018,22.025,22.025,22.025,22.025,22.025,22.025,22.025,22.033,22.033,22.041,22.048,22.048,22.056,22.063,22.071,22.079,22.079,22.071,22.071,22.063,22.048,22.025,22.002,21.995,21.987,21.979,21.964,21.956,21.949,21.941,21.949,21.949,21.956,21.964,21.964,21.956,21.949,21.949,21.941,21.934,21.926,21.911,21.903,21.888,21.880,21.880,21.880,21.880,21.880,21.872,21.865,21.865,21.865,21.872,21.880,21.895,21.911,21.918,21.926,21.941,21.956,21.972,21.995,22.010,22.025,22.033,22.041,22.048,22.063,22.086,22.102,22.117,22.125,22.132,22.140,22.147,22.155,22.155,22.155,22.155,22.155,22.155,22.155,22.155,22.163,22.178,22.193,22.216,22.254,22.285,22.308,22.315,22.323,22.330,22.338,22.346,22.361,22.369,22.376,22.384,22.391,22.407,22.414,22.422,22.437,22.452,22.460,22.475,22.490,22.513,22.536,22.574,22.604,22.635,22.650,22.658,22.680,22.703,22.733,22.779,22.817,22.840,22.855,22.885,22.915,22.946,22.976,22.999,23.021,23.044,23.067,23.089,23.112,23.135,23.150,23.158,23.173,23.188,23.203,23.210,23.226,23.241,23.256,23.278,23.293,23.316,23.346,23.376,23.399,23.414,23.429,23.452,23.467,23.474,23.489,23.497,23.497,23.505,23.497,23.497,23.489,23.489,23.482,23.474,23.474,23.467,23.459,23.452,23.444,23.444,23.437,23.437,23.429,23.422,23.407,23.399,23.384,23.376,23.369,23.354,23.331,23.316,23.293,23.278,23.256,23.233,23.210,23.195,23.173,23.165,23.165,23.165,23.150,23.135,23.112,23.089,23.067,23.044,23.029,23.021,23.021,23.014,23.006,23.006,23.006,23.021,23.021,23.029,23.029,23.029,23.029,23.037,23.044,23.052,23.059,23.059,23.067,23.074,23.074,23.089,23.097,23.112,23.120,23.135,23.142,23.142,23.150,23.158,23.158,23.165,23.165,23.165,23.165,23.165,23.165,23.165,23.165,23.165,23.165,23.158,23.158,23.158,23.150,23.150,23.142,23.135,23.135,23.127,23.127,23.127,23.127,23.135,23.142,23.150,23.158,23.158,23.165,23.180,23.188,23.195,23.195,23.195,23.195,23.203,23.210,23.210,23.210,23.210,23.218,23.226,23.241,23.248,23.256,23.256,23.263,23.278,23.286,23.293,23.286,23.271,23.263,23.263,23.278,23.278,23.278,23.271,23.263,23.278,23.301,23.324,23.331,23.331,23.331,23.331,23.339,23.339,23.346,23.346,23.354,23.354,23.361,23.376,23.392,23.392,23.399,23.407,23.422,23.422,23.422,23.429,23.444,23.452,23.459,23.459,23.452,23.437,23.422,23.414,23.407,23.399,23.399,23.399,23.392,23.392,23.392,23.392,23.399,23.407,23.407,23.407,23.407,23.407,23.407,23.407,23.407,23.399,23.399,23.399,23.399,23.407,23.414,23.429,23.444,23.452,23.474,23.489,23.512,23.527,23.535,23.542,23.550,23.557,23.580,23.595,23.595,23.580,23.557,23.542,23.535,23.535,23.527,23.520,23.512,23.505,23.505,23.497,23.489,23.489,23.497,23.505,23.520,23.542,23.565,23.580,23.580,23.572,23.565,23.557,23.550,23.557,23.557,23.557,23.557,23.557,23.565,23.572,23.580,23.572,23.587,23.610,23.632,23.648,23.655,23.655,23.648,23.648,23.655,23.670,23.685,23.685,23.685,23.685,23.685,23.678,23.670,23.663,23.655,23.648,23.655,23.655,23.655,23.648,23.640,23.632,23.632,23.640,23.640,23.640,23.632,23.625,23.617,23.610,23.602,23.602,23.602
,22.582,22.574,22.559,22.521,22.490,22.468,22.452,22.445,22.437,22.422,22.414,22.399,22.384,22.369,22.353,22.330,22.315,22.300,22.285,22.277,22.262,22.239,22.224,22.216,22.201,22.193,22.193,22.186,22.178,22.170,22.163,22.147,22.132,22.125,22.132,22.155,22.178,22.193,22.193,22.186,22.170,22.163,22.163,22.155,22.155,22.147,22.147,22.147,22.147,22.147,22.155,22.170,22.186,22.201,22.209,22.231,22.239,22.254,22.254,22.262,22.270,22.270,22.270,22.270,22.270,22.270,22.262,22.247,22.231,22.216,22.209,22.201,22.193,22.186,22.170,22.155,22.125,22.102,22.086,22.071,22.063,22.056,22.041,22.033,22.033,22.033,22.041,22.041,22.056,22.071,22.079,22.094,22.102,22.109,22.109,22.109,22.102,22.094,22.086,22.079,22.071,22.063,22.063,22.048,22.041,22.025,22.018,22.018,22.025,22.025,22.033,22.048,22.063,22.071,22.079,22.086,22.102,22.117,22.132,22.147,22.155,22.170,22.186,22.209,22.231,22.262,22.285,22.308,22.323,22.346,22.361,22.384,22.399,22.399,22.407,22.407,22.407,22.399,22.391,22.391,22.399,22.407,22.429,22.452,22.475,22.498,22.506,22.521,22.536,22.551,22.574,22.589,22.604,22.620,22.642,22.658,22.665,22.673,22.688,22.688,22.696,22.703,22.711,22.718,22.726,22.741,22.764,22.779,22.809,22.847,22.870,22.893,22.915,22.946,22.999,23.037,23.059,23.082,23.097,23.135,23.173,23.203,23.241,23.263,23.286,23.316,23.339,23.354,23.369,23.384,23.392,23.399,23.407,23.414,23.429,23.437,23.444,23.459,23.474,23.489,23.505,23.527,23.542,23.565,23.580,23.587,23.602,23.610,23.625,23.632,23.632,23.632,23.640,23.632,23.625,23.617,23.610,23.602,23.595,23.595,23.587,23.587,23.580,23.580,23.572,23.572,23.565,23.557,23.550,23.542,23.542,23.535,23.527,23.520,23.505,23.489,23.467,23.452,23.422,23.392,23.369,23.339,23.316,23.301,23.293,23.293,23.293,23.293,23.278,23.263,23.248,23.226,23.210,23.203,23.195,23.195,23.188,23.188,23.180,23.180,23.180,23.188,23.195,23.180,23.180,23.180,23.188,23.195,23.195,23.195,23.195,23.195,23.195,23.195,23.210,23.218,23.226,23.233,23.241,23.248,23.248,23.248,23.248,23.248,23.256,23.256,23.256,23.256,23.256,23.256,23.256,23.256,23.248,23.248,23.248,23.248,23.248,23.241,23.241,23.226,23.218,23.218,23.210,23.210,23.210,23.218,23.218,23.226,23.233,23.248,23.271,23.286,23.301,23.309,23.309,23.309,23.316,23.316,23.331,23.331,23.339,23.339,23.339,23.339,23.346,23.354,23.361,23.369,23.369,23.369,23.392,23.399,23.399,23.384,23.339,23.324,23.316,23.324,23.324,23.309,23.301,23.293,23.309,23.361,23.399,23.414,23.407,23.399,23.392,23.392,23.392,23.376,23.369,23.361,23.361,23.354,23.346,23.339,23.339,23.331,23.324,23.331,23.331,23.339,23.369,23.414,23.437,23.444,23.452,23.444,23.399,23.384,23.376,23.376,23.392,23.399,23.392,23.392,23.392,23.392,23.399,23.407,23.414,23.414,23.422,23.429,23.452,23.459,23.474,23.482,23.482,23.482,23.482,23.482,23.482,23.489,23.497,23.497,23.505,23.512,23.512,23.512,23.520,23.512,23.512,23.505,23.505,23.527,23.550,23.550,23.542,23.520,23.505,23.497,23.512,23.512,23.520,23.520,23.527,23.527,23.527,23.527,23.535,23.542,23.557,23.572,23.595,23.610,23.610,23.595,23.557,23.550,23.542,23.550,23.565,23.580,23.595,23.610,23.617,23.632,23.648,23.655,23.632,23.632,23.640,23.648,23.663,23.663,23.655,23.640,23.632,23.625,23.632,23.640,23.640,23.640,23.632,23.617,23.610,23.610,23.602,23.587,23.587,23.610,23.617,23.617,23.610,23.572,23.557,23.565,23.625,23.655,23.670,23.670,23.648,23.610,23.580,23.557,23.557,23.557
,22.612,22.604,22.589,22.559,22.528,22.513,22.498,22.483,22.468,22.445,22.429,22.414,22.391,22.376,22.361,22.346,22.330,22.315,22.308,22.300,22.292,22.285,22.285,22.277,22.277,22.285,22.285,22.292,22.292,22.292,22.292,22.277,22.262,22.247,22.239,22.247,22.247,22.254,22.247,22.224,22.209,22.193,22.193,22.186,22.178,22.170,22.170,22.170,22.170,22.178,22.186,22.209,22.231,22.247,22.270,22.292,22.315,22.330,22.330,22.338,22.346,22.353,22.353,22.346,22.346,22.346,22.338,22.315,22.292,22.277,22.270,22.262,22.254,22.247,22.239,22.224,22.209,22.193,22.178,22.170,22.170,22.163,22.155,22.155,22.155,22.163,22.163,22.163,22.170,22.186,22.201,22.209,22.209,22.201,22.193,22.186,22.178,22.163,22.147,22.132,22.117,22.109,22.109,22.102,22.094,22.094,22.094,22.102,22.109,22.117,22.132,22.155,22.170,22.193,22.201,22.216,22.231,22.262,22.292,22.315,22.338,22.353,22.376,22.407,22.437,22.468,22.490,22.513,22.528,22.551,22.574,22.604,22.620,22.635,22.642,22.650,22.650,22.658,22.658,22.658,22.665,22.673,22.688,22.703,22.733,22.749,22.764,22.771,22.794,22.809,22.832,22.847,22.862,22.870,22.885,22.900,22.908,22.915,22.923,22.931,22.938,22.946,22.953,22.968,22.976,22.991,23.006,23.021,23.044,23.074,23.105,23.120,23.142,23.165,23.203,23.233,23.263,23.286,23.309,23.331,23.361,23.392,23.422,23.437,23.452,23.474,23.489,23.505,23.512,23.520,23.527,23.535,23.535,23.542,23.557,23.572,23.587,23.595,23.610,23.617,23.632,23.648,23.655,23.670,23.685,23.693,23.708,23.715,23.723,23.730,23.738,23.745,23.745,23.745,23.745,23.745,23.745,23.738,23.738,23.738,23.738,23.730,23.730,23.723,23.715,23.715,23.700,23.693,23.685,23.678,23.663,23.655,23.648,23.640,23.625,23.602,23.580,23.565,23.542,23.512,23.489,23.467,23.452,23.444,23.437,23.437,23.437,23.437,23.422,23.407,23.399,23.384,23.369,23.354,23.354,23.346,23.339,23.331,23.316,23.309,23.309,23.316,23.324,23.316,23.316,23.324,23.331,23.331,23.339,23.331,23.331,23.324,23.316,23.316,23.316,23.324,23.331,23.331,23.331,23.331,23.331,23.331,23.331,23.324,23.324,23.324,23.324,23.324,23.324,23.324,23.331,23.331,23.331,23.339,23.339,23.339,23.339,23.331,23.324,23.316,23.309,23.301,23.301,23.301,23.301,23.309,23.309,23.316,23.324,23.339,23.361,23.376,23.384,23.384,23.376,23.384,23.384,23.384,23.392,23.392,23.399,23.399,23.399,23.399,23.407,23.414,23.414,23.422,23.422,23.429,23.437,23.452,23.452,23.429,23.384,23.369,23.361,23.354,23.354,23.339,23.331,23.324,23.331,23.399,23.437,23.452,23.444,23.444,23.444,23.444,23.444,23.444,23.437,23.437,23.437,23.429,23.429,23.422,23.422,23.414,23.407,23.407,23.407,23.407,23.414,23.422,23.429,23.437,23.444,23.444,23.437,23.437,23.437,23.437,23.452,23.452,23.452,23.444,23.444,23.444,23.452,23.459,23.459,23.459,23.467,23.474,23.489,23.505,23.512,23.520,23.520,23.512,23.505,23.505,23.505,23.505,23.505,23.505,23.505,23.505,23.505,23.505,23.505,23.497,23.489,23.482,23.474,23.497,23.512,23.520,23.512,23.482,23.467,23.474,23.497,23.512,23.527,23.542,23.557,23.572,23.580,23.587,23.587,23.595,23.602,23.610,23.617,23.625,23.602,23.557,23.520,23.520,23.527,23.542,23.550,23.572,23.587,23.602,23.610,23.617,23.625,23.632,23.617,23.602,23.595,23.595,23.595,23.595,23.595,23.595,23.595,23.602,23.602,23.595,23.595,23.587,23.580,23.565,23.565,23.572,23.572,23.565,23.572,23.587,23.602,23.602,23.602,23.580,23.565,23.565,23.595,23.663,23.700,23.708,23.670,23.625,23.580,23.550,23.542,23.542
,22.620,22.612,22.604,22.582,22.566,22.551,22.536,22.521,22.506,22.490,22.475,22.460,22.437,22.414,22.407,22.384,22.369,22.353,22.346,22.338,22.338,22.330,22.330,22.330,22.330,22.338,22.346,22.346,22.353,22.361,22.361,22.353,22.346,22.330,22.323,22.315,22.315,22.315,22.308,22.285,22.262,22.247,22.247,22.239,22.231,22.224,22.224,22.216,22.216,22.216,22.231,22.247,22.270,22.285,22.308,22.323,22.338,22.346,22.346,22.346,22.346,22.353,22.353,22.346,22.338,22.330,22.330,22.315,22.300,22.285,22.277,22.270,22.262,22.262,22.254,22.247,22.239,22.231,22.231,22.231,22.224,22.224,22.216,22.216,22.224,22.224,22.224,22.224,22.231,22.239,22.247,22.247,22.247,22.239,22.224,22.216,22.209,22.193,22.178,22.170,22.170,22.170,22.170,22.170,22.178,22.193,22.209,22.216,22.231,22.247,22.270,22.292,22.315,22.338,22.346,22.369,22.399,22.429,22.468,22.498,22.521,22.544,22.566,22.597,22.620,22.650,22.673,22.688,22.711,22.726,22.749,22.771,22.794,22.809,22.817,22.832,22.847,22.855,22.862,22.870,22.885,22.893,22.900,22.923,22.938,22.961,22.968,22.984,22.999,23.021,23.037,23.052,23.059,23.059,23.074,23.082,23.089,23.097,23.105,23.112,23.127,23.135,23.150,23.173,23.188,23.203,23.218,23.233,23.248,23.271,23.293,23.309,23.324,23.339,23.361,23.392,23.422,23.444,23.459,23.474,23.489,23.512,23.535,23.550,23.557,23.572,23.587,23.595,23.602,23.610,23.610,23.610,23.617,23.625,23.640,23.655,23.670,23.678,23.693,23.700,23.708,23.715,23.730,23.738,23.745,23.760,23.768,23.775,23.783,23.790,23.798,23.805,23.813,23.813,23.820,23.828,23.828,23.835,23.835,23.835,23.835,23.828,23.820,23.820,23.813,23.805,23.790,23.783,23.768,23.760,23.745,23.730,23.723,23.708,23.693,23.670,23.655,23.648,23.625,23.610,23.595,23.580,23.580,23.572,23.565,23.565,23.565,23.557,23.550,23.535,23.527,23.512,23.497,23.489,23.482,23.482,23.474,23.474,23.467,23.459,23.459,23.459,23.467,23.467,23.474,23.482,23.489,23.489,23.489,23.482,23.482,23.467,23.459,23.452,23.452,23.452,23.452,23.444,23.444,23.437,23.437,23.429,23.429,23.422,23.422,23.422,23.422,23.422,23.422,23.429,23.429,23.437,23.444,23.452,23.452,23.452,23.444,23.444,23.437,23.429,23.429,23.429,23.429,23.429,23.429,23.429,23.429,23.429,23.437,23.444,23.467,23.474,23.474,23.474,23.467,23.467,23.467,23.467,23.474,23.474,23.474,23.474,23.474,23.474,23.474,23.482,23.482,23.482,23.482,23.482,23.489,23.489,23.489,23.482,23.452,23.437,23.429,23.429,23.422,23.414,23.399,23.392,23.399,23.444,23.467,23.482,23.474,23.474,23.474,23.482,23.497,23.505,23.512,23.512,23.512,23.520,23.520,23.520,23.520,23.512,23.512,23.505,23.497,23.497,23.489,23.467,23.467,23.474,23.474,23.474,23.489,23.497,23.497,23.505,23.505,23.512,23.512,23.505,23.505,23.505,23.512,23.512,23.512,23.505,23.505,23.512,23.520,23.527,23.527,23.527,23.527,23.520,23.512,23.512,23.512,23.512,23.505,23.505,23.512,23.512,23.520,23.520,23.520,23.520,23.512,23.512,23.512,23.527,23.535,23.542,23.535,23.512,23.505,23.520,23.535,23.550,23.565,23.587,23.602,23.610,23.617,23.625,23.632,23.625,23.625,23.625,23.617,23.610,23.572,23.527,23.497,23.505,23.527,23.542,23.550,23.565,23.572,23.587,23.595,23.602,23.610,23.610,23.595,23.580,23.557,23.550,23.550,23.550,23.550,23.565,23.572,23.587,23.587,23.587,23.587,23.572,23.565,23.557,23.557,23.557,23.557,23.565,23.572,23.587,23.602,23.610,23.610,23.602,23.595,23.595,23.617,23.685,23.730,23.738,23.700,23.648,23.602,23.572,23.557,23.557
,22.620,22.620,22.612,22.604,22.597,22.589,22.582,22.574,22.559,22.551,22.536,22.528,22.513,22.498,22.483,22.468,22.445,22.422,22.414,22.407,22.399,22.391,22.384,22.376,22.376,22.369,22.369,22.369,22.369,22.369,22.384,22.391,22.384,22.376,22.369,22.376,22.384,22.384,22.384,22.369,22.346,22.330,22.330,22.330,22.323,22.323,22.323,22.315,22.315,22.315,22.323,22.330,22.338,22.346,22.353,22.361,22.361,22.353,22.346,22.338,22.338,22.346,22.338,22.330,22.323,22.315,22.315,22.300,22.300,22.292,22.285,22.277,22.277,22.277,22.277,22.277,22.277,22.277,22.285,22.277,22.270,22.254,22.247,22.247,22.247,22.247,22.247,22.254,22.254,22.262,22.262,22.254,22.254,22.254,22.239,22.231,22.231,22.231,22.239,22.247,22.262,22.277,22.292,22.308,22.330,22.353,22.384,22.399,22.414,22.437,22.468,22.490,22.513,22.528,22.544,22.566,22.597,22.627,22.665,22.696,22.718,22.741,22.764,22.794,22.817,22.840,22.862,22.878,22.885,22.900,22.908,22.923,22.931,22.946,22.968,22.984,22.999,23.021,23.029,23.037,23.052,23.059,23.067,23.082,23.097,23.112,23.120,23.135,23.142,23.158,23.173,23.180,23.188,23.195,23.203,23.210,23.218,23.233,23.241,23.256,23.263,23.278,23.301,23.331,23.354,23.376,23.384,23.392,23.407,23.414,23.437,23.452,23.459,23.467,23.482,23.505,23.527,23.542,23.550,23.557,23.565,23.580,23.602,23.617,23.625,23.632,23.648,23.663,23.670,23.670,23.670,23.670,23.678,23.678,23.685,23.700,23.715,23.723,23.738,23.745,23.753,23.760,23.768,23.775,23.775,23.783,23.790,23.798,23.805,23.805,23.805,23.820,23.828,23.828,23.843,23.850,23.858,23.865,23.873,23.873,23.873,23.865,23.850,23.850,23.835,23.828,23.820,23.813,23.805,23.798,23.783,23.768,23.753,23.745,23.730,23.708,23.700,23.693,23.693,23.685,23.685,23.685,23.685,23.678,23.678,23.678,23.670,23.655,23.648,23.640,23.625,23.610,23.595,23.587,23.587,23.587,23.595,23.602,23.610,23.610,23.617,23.617,23.617,23.625,23.632,23.640,23.640,23.640,23.632,23.625,23.617,23.617,23.610,23.602,23.595,23.587,23.580,23.572,23.557,23.557,23.550,23.550,23.542,23.542,23.542,23.542,23.542,23.535,23.542,23.542,23.550,23.557,23.572,23.572,23.572,23.565,23.565,23.565,23.557,23.557,23.557,23.557,23.557,23.557,23.557,23.557,23.557,23.557,23.557,23.565,23.572,23.572,23.572,23.572,23.572,23.572,23.572,23.572,23.572,23.572,23.572,23.572,23.572,23.572,23.565,23.565,23.565,23.557,23.550,23.550,23.550,23.550,23.542,23.542,23.535,23.527,23.527,23.527,23.520,23.512,23.497,23.489,23.489,23.497,23.489,23.489,23.482,23.482,23.489,23.505,23.535,23.550,23.557,23.565,23.572,23.580,23.580,23.580,23.580,23.580,23.580,23.580,23.572,23.565,23.557,23.550,23.535,23.535,23.527,23.527,23.527,23.535,23.542,23.542,23.542,23.550,23.550,23.557,23.557,23.557,23.565,23.557,23.557,23.542,23.535,23.535,23.535,23.535,23.527,23.527,23.527,23.520,23.520,23.520,23.512,23.512,23.520,23.527,23.527,23.542,23.557,23.565,23.572,23.580,23.580,23.587,23.587,23.595,23.602,23.602,23.595,23.595,23.595,23.602,23.610,23.617,23.625,23.632,23.632,23.632,23.632,23.632,23.640,23.632,23.625,23.617,23.595,23.572,23.550,23.520,23.497,23.520,23.542,23.557,23.557,23.565,23.565,23.572,23.572,23.595,23.602,23.602,23.595,23.572,23.557,23.542,23.550,23.550,23.557,23.565,23.580,23.595,23.602,23.617,23.610,23.602,23.587,23.580,23.572,23.572,23.572,23.572,23.580,23.587,23.610,23.625,23.625,23.625,23.625,23.640,23.685,23.723,23.753,23.753,23.723,23.670,23.632,23.602,23.587,23.587
,22.680,22.665,22.665,22.665,22.658,22.650,22.642,22.635,22.627,22.620,22.620,22.620,22.612,22.604,22.597,22.589,22.574,22.551,22.536,22.528,22.521,22.513,22.490,22.483,22.475,22.460,22.452,22.445,22.437,22.452,22.506,22.528,22.536,22.536,22.528,22.528,22.528,22.521,22.521,22.498,22.483,22.468,22.468,22.468,22.468,22.468,22.468,22.475,22.475,22.475,22.475,22.475,22.475,22.475,22.468,22.468,22.460,22.445,22.445,22.445,22.468,22.513,22.513,22.506,22.498,22.498,22.498,22.498,22.498,22.506,22.506,22.506,22.506,22.506,22.506,22.506,22.513,22.513,22.513,22.513,22.468,22.407,22.407,22.414,22.414,22.414,22.422,22.414,22.407,22.399,22.399,22.391,22.384,22.369,22.346,22.346,22.338,22.353,22.376,22.414,22.452,22.483,22.506,22.528,22.551,22.582,22.597,22.620,22.635,22.650,22.680,22.711,22.741,22.771,22.787,22.817,22.862,22.908,22.953,22.991,23.021,23.044,23.074,23.105,23.142,23.180,23.195,23.203,23.210,23.210,23.203,23.203,23.203,23.203,23.210,23.218,23.226,23.241,23.248,23.248,23.256,23.248,23.248,23.256,23.256,23.263,23.263,23.263,23.271,23.278,23.293,23.301,23.309,23.316,23.339,23.354,23.361,23.376,23.384,23.399,23.407,23.422,23.437,23.459,23.482,23.505,23.512,23.512,23.520,23.527,23.550,23.565,23.572,23.572,23.587,23.602,23.617,23.632,23.625,23.625,23.632,23.648,23.678,23.700,23.715,23.738,23.760,23.790,23.805,23.805,23.805,23.798,23.790,23.790,23.783,23.790,23.798,23.805,23.798,23.805,23.805,23.805,23.813,23.805,23.805,23.805,23.805,23.805,23.805,23.805,23.805,23.805,23.813,23.813,23.828,23.835,23.835,23.843,23.850,23.850,23.850,23.843,23.835,23.828,23.820,23.820,23.820,23.813,23.805,23.805,23.798,23.783,23.775,23.768,23.760,23.745,23.738,23.738,23.738,23.730,23.730,23.730,23.730,23.730,23.730,23.723,23.723,23.715,23.708,23.700,23.685,23.670,23.655,23.632,23.632,23.632,23.632,23.640,23.670,23.670,23.663,23.663,23.663,23.678,23.685,23.685,23.685,23.685,23.678,23.663,23.663,23.663,23.663,23.663,23.655,23.655,23.648,23.640,23.632,23.625,23.625,23.625,23.610,23.602,23.595,23.587,23.587,23.580,23.572,23.572,23.572,23.587,23.595,23.602,23.595,23.595,23.595,23.587,23.580,23.580,23.580,23.572,23.572,23.572,23.572,23.580,23.580,23.580,23.580,23.580,23.595,23.595,23.595,23.602,23.602,23.602,23.610,23.610,23.617,23.617,23.617,23.617,23.617,23.610,23.610,23.610,23.610,23.602,23.602,23.602,23.602,23.602,23.595,23.595,23.595,23.595,23.595,23.595,23.580,23.565,23.557,23.542,23.535,23.520,23.489,23.452,23.444,23.452,23.459,23.474,23.520,23.542,23.550,23.557,23.565,23.565,23.565,23.565,23.565,23.565,23.565,23.565,23.565,23.565,23.557,23.557,23.550,23.535,23.527,23.527,23.527,23.527,23.527,23.535,23.535,23.535,23.542,23.557,23.557,23.565,23.565,23.565,23.557,23.542,23.527,23.527,23.535,23.535,23.527,23.527,23.527,23.535,23.535,23.542,23.550,23.550,23.557,23.565,23.572,23.580,23.595,23.602,23.610,23.610,23.610,23.610,23.610,23.610,23.602,23.595,23.595,23.595,23.602,23.610,23.625,23.632,23.640,23.640,23.640,23.632,23.625,23.617,23.610,23.610,23.595,23.587,23.572,23.550,23.527,23.512,23.512,23.535,23.557,23.572,23.572,23.565,23.565,23.565,23.572,23.580,23.595,23.595,23.595,23.587,23.580,23.572,23.580,23.580,23.587,23.595,23.610,23.625,23.632,23.640,23.632,23.625,23.617,23.610,23.595,23.587,23.580,23.580,23.580,23.595,23.602,23.617,23.625,23.625,23.632,23.640,23.678,23.715,23.738,23.738,23.723,23.685,23.655,23.632,23.625,23.625
,22.741,22.733,22.726,22.726,22.718,22.711,22.703,22.696,22.680,22.665,22.658,22.650,22.650,22.642,22.635,22.627,22.620,22.612,22.604,22.604,22.597,22.589,22.582,22.566,22.559,22.551,22.536,22.521,22.521,22.536,22.604,22.635,22.642,22.642,22.627,22.627,22.627,22.620,22.620,22.604,22.597,22.589,22.589,22.589,22.597,22.604,22.604,22.612,22.620,22.612,22.612,22.604,22.604,22.597,22.582,22.574,22.559,22.551,22.544,22.551,22.589,22.642,22.642,22.642,22.642,22.635,22.635,22.650,22.658,22.665,22.665,22.673,22.680,22.680,22.688,22.688,22.688,22.696,22.696,22.696,22.680,22.658,22.642,22.642,22.650,22.650,22.658,22.658,22.658,22.665,22.673,22.673,22.673,22.665,22.650,22.650,22.658,22.673,22.703,22.749,22.794,22.824,22.855,22.878,22.900,22.923,22.938,22.953,22.976,22.991,23.021,23.059,23.097,23.127,23.150,23.180,23.218,23.263,23.309,23.331,23.361,23.384,23.407,23.429,23.459,23.482,23.489,23.497,23.497,23.497,23.489,23.489,23.489,23.489,23.489,23.482,23.474,23.467,23.452,23.444,23.437,23.429,23.422,23.429,23.437,23.444,23.444,23.452,23.459,23.474,23.482,23.482,23.489,23.505,23.512,23.527,23.535,23.542,23.550,23.550,23.557,23.565,23.580,23.595,23.617,23.625,23.632,23.632,23.632,23.648,23.678,23.700,23.715,23.723,23.730,23.745,23.768,23.783,23.783,23.783,23.790,23.805,23.835,23.850,23.865,23.880,23.903,23.918,23.933,23.933,23.925,23.918,23.903,23.895,23.880,23.880,23.880,23.873,23.865,23.858,23.850,23.850,23.843,23.835,23.828,23.820,23.820,23.820,23.820,23.820,23.820,23.820,23.828,23.828,23.843,23.850,23.850,23.858,23.858,23.858,23.858,23.858,23.850,23.835,23.828,23.828,23.820,23.820,23.813,23.813,23.798,23.798,23.790,23.798,23.798,23.790,23.790,23.790,23.790,23.790,23.790,23.790,23.790,23.783,23.783,23.783,23.783,23.783,23.775,23.775,23.768,23.753,23.745,23.730,23.730,23.723,23.723,23.723,23.738,23.738,23.730,23.730,23.723,23.730,23.738,23.738,23.745,23.738,23.730,23.708,23.708,23.715,23.715,23.715,23.715,23.715,23.708,23.700,23.700,23.700,23.700,23.693,23.685,23.678,23.678,23.670,23.663,23.663,23.655,23.648,23.648,23.632,23.625,23.617,23.617,23.610,23.610,23.602,23.602,23.595,23.595,23.587,23.587,23.587,23.595,23.595,23.595,23.595,23.595,23.595,23.595,23.602,23.602,23.602,23.602,23.602,23.602,23.602,23.610,23.610,23.610,23.610,23.610,23.602,23.602,23.602,23.602,23.602,23.602,23.602,23.602,23.595,23.595,23.595,23.595,23.595,23.595,23.602,23.595,23.587,23.587,23.580,23.572,23.557,23.535,23.512,23.505,23.505,23.505,23.512,23.527,23.535,23.535,23.542,23.542,23.542,23.542,23.535,23.535,23.535,23.535,23.527,23.535,23.535,23.535,23.535,23.527,23.520,23.512,23.505,23.497,23.497,23.505,23.505,23.512,23.520,23.527,23.542,23.550,23.550,23.557,23.550,23.542,23.527,23.520,23.527,23.550,23.557,23.557,23.557,23.565,23.572,23.572,23.572,23.580,23.580,23.587,23.587,23.595,23.610,23.625,23.632,23.640,23.640,23.640,23.640,23.632,23.610,23.587,23.580,23.580,23.580,23.587,23.602,23.610,23.625,23.632,23.632,23.625,23.617,23.610,23.602,23.595,23.595,23.587,23.580,23.565,23.550,23.535,23.527,23.535,23.557,23.572,23.587,23.580,23.572,23.565,23.565,23.565,23.580,23.587,23.602,23.602,23.602,23.602,23.602,23.610,23.617,23.617,23.625,23.640,23.648,23.655,23.655,23.648,23.640,23.632,23.617,23.602,23.595,23.587,23.587,23.587,23.595,23.602,23.610,23.617,23.610,23.610,23.625,23.648,23.670,23.693,23.700,23.685,23.663,23.648,23.632,23.632,23.632
,22.809,22.802,22.802,22.794,22.787,22.787,22.779,22.764,22.749,22.726,22.711,22.703,22.696,22.688,22.680,22.673,22.665,22.665,22.665,22.673,22.673,22.673,22.673,22.665,22.665,22.665,22.658,22.650,22.650,22.658,22.711,22.733,22.741,22.741,22.726,22.726,22.726,22.726,22.726,22.726,22.718,22.711,22.711,22.718,22.726,22.733,22.733,22.741,22.741,22.741,22.741,22.741,22.741,22.733,22.726,22.711,22.703,22.696,22.688,22.696,22.726,22.764,22.771,22.771,22.771,22.764,22.771,22.779,22.787,22.802,22.802,22.817,22.824,22.840,22.840,22.847,22.855,22.862,22.878,22.878,22.893,22.900,22.900,22.908,22.915,22.923,22.931,22.946,22.961,22.976,22.999,23.021,23.029,23.037,23.037,23.044,23.052,23.067,23.097,23.127,23.165,23.188,23.203,23.218,23.233,23.256,23.271,23.286,23.309,23.324,23.354,23.392,23.429,23.459,23.474,23.505,23.535,23.572,23.602,23.625,23.640,23.655,23.670,23.685,23.700,23.715,23.723,23.730,23.730,23.730,23.730,23.730,23.738,23.738,23.730,23.723,23.708,23.693,23.678,23.655,23.648,23.632,23.625,23.632,23.640,23.640,23.648,23.648,23.655,23.670,23.670,23.670,23.670,23.678,23.685,23.685,23.693,23.700,23.700,23.700,23.708,23.715,23.723,23.738,23.753,23.760,23.768,23.768,23.768,23.783,23.813,23.835,23.850,23.858,23.858,23.880,23.903,23.918,23.925,23.925,23.933,23.940,23.963,23.970,23.978,23.985,23.993,24.008,24.008,24.008,24.000,23.993,23.978,23.970,23.963,23.955,23.955,23.948,23.933,23.925,23.918,23.910,23.903,23.895,23.888,23.888,23.880,23.880,23.880,23.880,23.880,23.880,23.880,23.888,23.895,23.895,23.903,23.903,23.903,23.903,23.903,23.903,23.895,23.880,23.873,23.865,23.858,23.850,23.850,23.850,23.835,23.835,23.835,23.843,23.850,23.850,23.850,23.850,23.850,23.850,23.850,23.850,23.850,23.850,23.850,23.850,23.850,23.858,23.858,23.858,23.858,23.850,23.850,23.850,23.850,23.843,23.843,23.843,23.843,23.843,23.835,23.828,23.820,23.820,23.820,23.820,23.828,23.820,23.805,23.790,23.790,23.790,23.790,23.790,23.783,23.775,23.768,23.768,23.760,23.753,23.753,23.753,23.745,23.738,23.738,23.730,23.723,23.723,23.723,23.715,23.708,23.685,23.670,23.663,23.655,23.655,23.648,23.648,23.640,23.640,23.632,23.632,23.632,23.632,23.632,23.632,23.640,23.640,23.640,23.640,23.632,23.632,23.625,23.625,23.625,23.625,23.625,23.625,23.625,23.617,23.617,23.617,23.617,23.617,23.617,23.617,23.617,23.617,23.610,23.610,23.602,23.602,23.595,23.595,23.595,23.595,23.595,23.602,23.602,23.602,23.602,23.595,23.595,23.587,23.580,23.565,23.565,23.565,23.557,23.557,23.550,23.550,23.542,23.542,23.542,23.542,23.535,23.535,23.527,23.527,23.527,23.520,23.527,23.527,23.527,23.527,23.520,23.512,23.505,23.505,23.497,23.497,23.497,23.497,23.505,23.520,23.527,23.535,23.535,23.542,23.550,23.550,23.542,23.535,23.535,23.550,23.572,23.580,23.587,23.595,23.595,23.602,23.610,23.610,23.610,23.610,23.610,23.610,23.617,23.625,23.640,23.648,23.655,23.655,23.655,23.655,23.640,23.610,23.587,23.580,23.580,23.587,23.587,23.595,23.610,23.617,23.617,23.625,23.617,23.610,23.602,23.595,23.602,23.602,23.602,23.595,23.587,23.580,23.565,23.550,23.557,23.572,23.587,23.602,23.595,23.580,23.572,23.572,23.572,23.580,23.595,23.610,23.617,23.617,23.625,23.632,23.640,23.640,23.648,23.648,23.655,23.663,23.663,23.663,23.655,23.648,23.640,23.632,23.617,23.610,23.602,23.595,23.595,23.602,23.602,23.610,23.610,23.602,23.602,23.602,23.617,23.632,23.640,23.648,23.648,23.640,23.640,23.640,23.640,23.640
,22.900,22.893,22.893,22.885,22.885,22.878,22.870,22.862,22.847,22.824,22.817,22.802,22.794,22.779,22.771,22.756,22.756,22.749,22.756,22.764,22.764,22.771,22.779,22.794,22.809,22.832,22.840,22.832,22.832,22.832,22.840,22.847,22.847,22.840,22.840,22.840,22.847,22.847,22.847,22.847,22.847,22.840,22.840,22.847,22.847,22.847,22.855,22.862,22.862,22.862,22.870,22.878,22.878,22.878,22.885,22.885,22.885,22.878,22.870,22.870,22.878,22.885,22.893,22.893,22.893,22.893,22.885,22.893,22.900,22.908,22.908,22.923,22.938,22.953,22.968,22.991,23.006,23.021,23.044,23.067,23.089,23.120,23.142,23.158,23.173,23.188,23.203,23.226,23.256,23.286,23.324,23.354,23.384,23.399,23.407,23.422,23.437,23.452,23.467,23.482,23.497,23.497,23.489,23.497,23.512,23.535,23.550,23.565,23.572,23.595,23.610,23.648,23.678,23.708,23.715,23.730,23.753,23.775,23.790,23.805,23.820,23.828,23.828,23.835,23.843,23.850,23.865,23.880,23.888,23.903,23.903,23.910,23.918,23.925,23.925,23.925,23.918,23.910,23.895,23.880,23.865,23.858,23.850,23.843,23.835,23.835,23.828,23.828,23.835,23.835,23.828,23.820,23.820,23.820,23.820,23.820,23.820,23.828,23.828,23.835,23.843,23.858,23.865,23.880,23.888,23.903,23.903,23.903,23.910,23.918,23.933,23.948,23.963,23.963,23.963,23.978,23.993,24.015,24.015,24.015,24.015,24.015,24.030,24.038,24.038,24.038,24.030,24.030,24.030,24.030,24.023,24.015,24.008,24.015,24.015,24.023,24.030,24.030,24.008,23.993,23.985,23.985,23.985,23.985,23.978,23.978,23.970,23.970,23.970,23.963,23.963,23.955,23.963,23.963,23.963,23.970,23.970,23.970,23.970,23.970,23.963,23.963,23.955,23.955,23.948,23.933,23.925,23.918,23.918,23.918,23.910,23.903,23.903,23.903,23.910,23.910,23.910,23.910,23.903,23.903,23.910,23.910,23.910,23.910,23.910,23.918,23.918,23.918,23.925,23.925,23.925,23.933,23.948,23.963,23.970,23.970,23.963,23.963,23.963,23.948,23.940,23.925,23.925,23.918,23.918,23.918,23.918,23.910,23.903,23.888,23.880,23.873,23.873,23.865,23.850,23.843,23.828,23.820,23.805,23.798,23.790,23.783,23.783,23.775,23.768,23.768,23.760,23.760,23.753,23.753,23.745,23.738,23.730,23.723,23.715,23.715,23.708,23.708,23.700,23.700,23.700,23.700,23.700,23.700,23.700,23.700,23.700,23.700,23.693,23.693,23.693,23.693,23.685,23.685,23.685,23.678,23.678,23.670,23.663,23.655,23.655,23.648,23.655,23.655,23.655,23.655,23.655,23.655,23.648,23.640,23.640,23.632,23.625,23.617,23.617,23.617,23.610,23.610,23.610,23.602,23.602,23.610,23.610,23.610,23.617,23.617,23.617,23.610,23.602,23.595,23.587,23.580,23.572,23.572,23.565,23.565,23.565,23.565,23.565,23.557,23.557,23.550,23.550,23.550,23.557,23.550,23.550,23.535,23.527,23.527,23.527,23.527,23.527,23.535,23.535,23.542,23.550,23.550,23.550,23.557,23.565,23.565,23.565,23.572,23.580,23.587,23.602,23.610,23.617,23.625,23.625,23.632,23.640,23.640,23.640,23.640,23.640,23.632,23.632,23.640,23.640,23.648,23.655,23.655,23.655,23.648,23.640,23.625,23.610,23.610,23.610,23.610,23.610,23.610,23.617,23.617,23.617,23.617,23.617,23.617,23.617,23.610,23.617,23.617,23.625,23.625,23.617,23.617,23.595,23.572,23.580,23.595,23.610,23.617,23.610,23.602,23.595,23.587,23.587,23.587,23.595,23.610,23.617,23.632,23.640,23.648,23.655,23.655,23.663,23.663,23.663,23.670,23.670,23.670,23.663,23.655,23.648,23.632,23.625,23.617,23.610,23.610,23.610,23.610,23.617,23.617,23.610,23.602,23.595,23.595,23.595,23.602,23.610,23.610,23.617,23.625,23.632,23.640,23.640,23.648
,23.059,23.052,23.052,23.052,23.044,23.044,23.037,23.029,23.014,22.999,22.991,22.984,22.976,22.968,22.961,22.946,22.938,22.931,22.923,22.923,22.915,22.908,22.915,22.946,22.984,23.014,23.044,23.044,23.029,23.006,22.999,22.999,22.991,22.976,22.976,22.968,22.968,22.968,22.968,22.968,22.968,22.968,22.976,22.976,22.976,22.976,22.976,22.976,22.976,22.976,22.984,22.991,23.006,23.014,23.029,23.037,23.044,23.044,23.029,23.029,23.021,23.014,23.006,22.999,22.991,22.984,22.976,22.968,22.953,22.946,22.946,22.953,22.961,22.976,22.999,23.021,23.059,23.089,23.112,23.158,23.195,23.241,23.271,23.286,23.293,23.301,23.324,23.354,23.392,23.414,23.452,23.474,23.497,23.512,23.527,23.542,23.557,23.572,23.587,23.610,23.617,23.625,23.617,23.617,23.640,23.663,23.678,23.693,23.700,23.708,23.715,23.730,23.745,23.760,23.760,23.768,23.775,23.790,23.813,23.828,23.850,23.858,23.865,23.865,23.873,23.880,23.895,23.918,23.940,23.955,23.970,23.985,24.000,24.023,24.038,24.038,24.045,24.038,24.038,24.023,24.008,23.993,23.978,23.963,23.948,23.933,23.918,23.910,23.903,23.903,23.895,23.888,23.880,23.880,23.880,23.888,23.888,23.895,23.910,23.918,23.925,23.940,23.948,23.963,23.970,23.985,23.993,23.985,23.985,23.985,23.993,24.000,24.000,24.000,23.993,23.993,24.000,24.015,24.015,24.008,24.000,23.993,24.000,24.015,24.023,24.015,24.008,24.008,24.008,24.015,24.015,24.008,24.008,24.015,24.038,24.075,24.098,24.098,24.053,24.023,24.008,24.000,24.008,24.008,24.015,24.015,24.008,24.000,24.000,23.993,23.985,23.985,23.985,23.993,24.000,24.000,24.000,24.000,24.000,23.993,23.985,23.970,23.978,23.978,23.985,23.985,23.985,23.993,24.000,24.000,23.993,23.970,23.955,23.948,23.940,23.933,23.925,23.910,23.910,23.910,23.910,23.910,23.910,23.910,23.910,23.918,23.918,23.918,23.910,23.910,23.903,23.910,23.940,23.985,24.000,23.993,23.985,23.978,23.970,23.955,23.940,23.925,23.925,23.918,23.918,23.918,23.918,23.910,23.895,23.880,23.873,23.873,23.873,23.865,23.858,23.850,23.843,23.828,23.820,23.813,23.813,23.813,23.798,23.790,23.783,23.775,23.775,23.775,23.768,23.768,23.753,23.760,23.760,23.753,23.745,23.745,23.738,23.738,23.738,23.738,23.738,23.745,23.738,23.738,23.738,23.738,23.738,23.738,23.738,23.738,23.730,23.730,23.730,23.730,23.730,23.723,23.723,23.715,23.700,23.685,23.678,23.670,23.670,23.678,23.678,23.685,23.685,23.685,23.685,23.685,23.685,23.678,23.670,23.663,23.663,23.663,23.655,23.655,23.655,23.648,23.648,23.648,23.655,23.655,23.663,23.663,23.670,23.670,23.663,23.648,23.640,23.632,23.625,23.617,23.617,23.617,23.617,23.617,23.625,23.625,23.625,23.632,23.640,23.640,23.648,23.640,23.640,23.625,23.617,23.617,23.617,23.617,23.617,23.625,23.625,23.625,23.625,23.632,23.632,23.632,23.632,23.640,23.648,23.655,23.663,23.670,23.670,23.670,23.663,23.663,23.670,23.670,23.678,23.685,23.685,23.678,23.670,23.670,23.663,23.655,23.655,23.655,23.670,23.678,23.678,23.685,23.685,23.685,23.670,23.663,23.655,23.640,23.632,23.625,23.617,23.625,23.625,23.625,23.632,23.632,23.632,23.632,23.632,23.632,23.625,23.625,23.617,23.602,23.595,23.587,23.595,23.602,23.617,23.625,23.625,23.617,23.610,23.610,23.602,23.602,23.610,23.617,23.617,23.632,23.640,23.648,23.648,23.655,23.663,23.663,23.663,23.670,23.670,23.663,23.663,23.648,23.640,23.632,23.625,23.617,23.617,23.610,23.617,23.625,23.625,23.625,23.625,23.625,23.610,23.602,23.602,23.595,23.595,23.595,23.610,23.617,23.632,23.640,23.640,23.648
,23.150,23.150,23.150,23.150,23.150,23.150,23.142,23.135,23.127,23.120,23.112,23.105,23.105,23.097,23.082,23.067,23.052,23.037,23.029,23.014,23.006,22.999,22.999,23.037,23.082,23.120,23.195,23.203,23.195,23.188,23.180,23.173,23.173,23.165,23.165,23.158,23.150,23.150,23.142,23.142,23.135,23.135,23.135,23.127,23.127,23.127,23.127,23.127,23.135,23.135,23.142,23.158,23.173,23.188,23.210,23.226,23.241,23.248,23.248,23.248,23.248,23.248,23.241,23.233,23.233,23.226,23.218,23.203,23.195,23.195,23.188,23.188,23.203,23.218,23.233,23.256,23.278,23.293,23.309,23.339,23.369,23.392,23.407,23.414,23.414,23.414,23.429,23.444,23.459,23.482,23.497,23.512,23.520,23.535,23.535,23.542,23.542,23.557,23.572,23.587,23.602,23.610,23.610,23.625,23.648,23.670,23.685,23.693,23.700,23.700,23.708,23.715,23.730,23.738,23.745,23.753,23.760,23.775,23.798,23.820,23.835,23.858,23.865,23.880,23.888,23.895,23.903,23.918,23.925,23.933,23.933,23.933,23.933,23.940,23.940,23.948,23.948,23.948,23.948,23.940,23.933,23.925,23.925,23.910,23.903,23.895,23.888,23.880,23.880,23.873,23.873,23.873,23.880,23.888,23.895,23.903,23.918,23.925,23.940,23.948,23.955,23.955,23.963,23.963,23.970,23.970,23.978,23.970,23.970,23.970,23.970,23.978,23.978,23.978,23.978,23.978,23.985,24.000,24.015,24.015,24.015,24.015,24.030,24.045,24.053,24.053,24.053,24.060,24.068,24.075,24.075,24.075,24.083,24.090,24.113,24.135,24.158,24.158,24.128,24.068,24.030,24.023,24.030,24.038,24.038,24.030,24.030,24.023,24.015,24.008,24.008,24.000,24.015,24.030,24.030,24.030,24.023,24.015,24.015,24.008,24.000,23.993,23.993,24.000,24.000,24.008,24.008,24.023,24.030,24.038,24.023,23.978,23.940,23.925,23.925,23.925,23.925,23.918,23.918,23.925,23.925,23.925,23.925,23.933,23.933,23.933,23.933,23.933,23.933,23.925,23.918,23.925,23.963,24.008,24.015,24.015,24.000,23.993,23.978,23.963,23.955,23.940,23.940,23.933,23.933,23.933,23.925,23.918,23.903,23.888,23.880,23.880,23.880,23.880,23.873,23.865,23.858,23.850,23.843,23.843,23.843,23.835,23.828,23.820,23.813,23.805,23.805,23.805,23.805,23.798,23.790,23.783,23.783,23.783,23.775,23.768,23.768,23.760,23.760,23.760,23.768,23.768,23.768,23.760,23.760,23.753,23.753,23.760,23.760,23.760,23.760,23.760,23.760,23.760,23.760,23.760,23.753,23.745,23.730,23.715,23.700,23.700,23.708,23.715,23.715,23.723,23.723,23.730,23.730,23.730,23.730,23.730,23.723,23.715,23.708,23.708,23.708,23.700,23.700,23.700,23.693,23.700,23.708,23.708,23.715,23.723,23.723,23.715,23.708,23.693,23.685,23.678,23.663,23.655,23.648,23.648,23.655,23.655,23.663,23.670,23.670,23.685,23.693,23.700,23.708,23.708,23.708,23.700,23.693,23.693,23.693,23.693,23.693,23.700,23.700,23.693,23.693,23.693,23.693,23.693,23.700,23.708,23.723,23.730,23.738,23.738,23.738,23.723,23.708,23.693,23.700,23.700,23.700,23.700,23.708,23.708,23.708,23.708,23.693,23.685,23.678,23.678,23.685,23.693,23.700,23.708,23.715,23.723,23.715,23.708,23.693,23.670,23.648,23.632,23.625,23.617,23.617,23.625,23.632,23.640,23.640,23.648,23.640,23.640,23.632,23.625,23.617,23.610,23.602,23.595,23.602,23.610,23.625,23.632,23.632,23.632,23.632,23.625,23.625,23.617,23.610,23.610,23.617,23.625,23.632,23.632,23.640,23.640,23.648,23.648,23.655,23.655,23.655,23.655,23.648,23.640,23.632,23.625,23.625,23.625,23.625,23.625,23.632,23.640,23.640,23.640,23.640,23.640,23.632,23.625,23.610,23.602,23.595,23.595,23.602,23.617,23.632,23.640,23.640,23.648
,23.226,23.218,23.218,23.218,23.218,23.226,23.218,23.218,23.210,23.210,23.210,23.210,23.210,23.210,23.195,23.180,23.165,23.158,23.150,23.142,23.127,23.120,23.120,23.158,23.195,23.226,23.293,23.309,23.309,23.309,23.309,23.316,23.316,23.324,23.316,23.309,23.309,23.301,23.301,23.293,23.278,23.271,23.263,23.248,23.241,23.241,23.241,23.241,23.241,23.241,23.248,23.263,23.278,23.301,23.316,23.339,23.361,23.376,23.376,23.384,23.392,23.392,23.392,23.392,23.392,23.392,23.384,23.384,23.384,23.384,23.384,23.384,23.392,23.399,23.407,23.422,23.429,23.437,23.444,23.452,23.459,23.467,23.474,23.467,23.467,23.467,23.474,23.482,23.489,23.505,23.512,23.520,23.527,23.535,23.535,23.527,23.520,23.520,23.527,23.542,23.557,23.572,23.580,23.595,23.617,23.640,23.655,23.663,23.670,23.670,23.670,23.685,23.693,23.708,23.715,23.723,23.730,23.745,23.760,23.768,23.783,23.805,23.820,23.828,23.843,23.858,23.865,23.873,23.880,23.888,23.888,23.880,23.873,23.873,23.865,23.865,23.865,23.865,23.865,23.865,23.865,23.865,23.858,23.858,23.850,23.850,23.850,23.850,23.850,23.850,23.858,23.873,23.888,23.903,23.918,23.925,23.940,23.955,23.955,23.963,23.963,23.963,23.963,23.955,23.955,23.955,23.948,23.948,23.948,23.948,23.948,23.955,23.963,23.978,23.978,23.985,24.008,24.030,24.060,24.075,24.083,24.083,24.090,24.105,24.113,24.120,24.120,24.128,24.135,24.135,24.143,24.143,24.150,24.150,24.158,24.165,24.173,24.173,24.165,24.113,24.075,24.060,24.060,24.068,24.068,24.060,24.053,24.045,24.038,24.038,24.030,24.030,24.038,24.053,24.053,24.045,24.038,24.030,24.030,24.023,24.023,24.015,24.015,24.015,24.015,24.023,24.023,24.030,24.038,24.045,24.030,23.978,23.948,23.940,23.940,23.948,23.948,23.955,23.955,23.955,23.963,23.970,23.970,23.978,23.978,23.978,23.985,23.985,23.993,23.993,23.985,23.993,24.015,24.053,24.060,24.053,24.038,24.023,24.015,24.008,23.993,23.985,23.985,23.978,23.970,23.970,23.963,23.955,23.948,23.933,23.925,23.925,23.918,23.918,23.910,23.903,23.903,23.895,23.888,23.888,23.888,23.888,23.880,23.865,23.858,23.858,23.858,23.858,23.850,23.843,23.835,23.828,23.820,23.820,23.813,23.813,23.805,23.805,23.805,23.805,23.805,23.805,23.805,23.798,23.798,23.790,23.790,23.798,23.798,23.798,23.798,23.798,23.790,23.790,23.790,23.790,23.783,23.775,23.768,23.753,23.745,23.745,23.753,23.753,23.760,23.760,23.760,23.760,23.768,23.768,23.768,23.760,23.753,23.753,23.745,23.745,23.738,23.738,23.738,23.738,23.738,23.745,23.745,23.753,23.760,23.760,23.760,23.745,23.738,23.730,23.723,23.715,23.708,23.693,23.693,23.693,23.693,23.700,23.700,23.708,23.715,23.723,23.738,23.745,23.753,23.760,23.760,23.760,23.760,23.760,23.760,23.760,23.768,23.768,23.768,23.760,23.753,23.753,23.760,23.760,23.768,23.775,23.783,23.798,23.805,23.805,23.798,23.775,23.760,23.745,23.745,23.738,23.738,23.738,23.738,23.745,23.745,23.745,23.738,23.730,23.723,23.715,23.715,23.723,23.723,23.738,23.745,23.760,23.760,23.753,23.730,23.700,23.670,23.648,23.632,23.625,23.625,23.625,23.632,23.648,23.663,23.663,23.663,23.655,23.640,23.632,23.632,23.625,23.617,23.617,23.617,23.625,23.632,23.640,23.648,23.655,23.655,23.655,23.648,23.632,23.625,23.617,23.625,23.625,23.632,23.640,23.640,23.640,23.640,23.640,23.648,23.655,23.655,23.648,23.640,23.640,23.632,23.632,23.632,23.632,23.632,23.640,23.648,23.655,23.663,23.663,23.663,23.655,23.655,23.648,23.625,23.617,23.602,23.602,23.602,23.617,23.625,23.640,23.640,23.640
,23.286,23.286,23.278,23.278,23.286,23.286,23.286,23.286,23.286,23.286,23.286,23.293,23.301,23.301,23.293,23.293,23.293,23.293,23.301,23.301,23.293,23.286,23.293,23.316,23.339,23.354,23.354,23.361,23.369,23.369,23.384,23.392,23.399,23.407,23.407,23.407,23.407,23.407,23.399,23.392,23.384,23.369,23.346,23.331,23.316,23.309,23.301,23.293,23.286,23.286,23.293,23.301,23.316,23.331,23.346,23.361,23.384,23.392,23.399,23.414,23.422,23.422,23.429,23.437,23.437,23.444,23.452,23.459,23.467,23.474,23.482,23.482,23.482,23.482,23.482,23.482,23.482,23.482,23.482,23.474,23.474,23.474,23.474,23.474,23.474,23.474,23.482,23.489,23.505,23.512,23.527,23.535,23.542,23.542,23.535,23.535,23.527,23.512,23.512,23.520,23.527,23.542,23.550,23.572,23.587,23.602,23.617,23.625,23.632,23.632,23.655,23.670,23.678,23.693,23.708,23.708,23.715,23.715,23.708,23.715,23.723,23.738,23.745,23.753,23.768,23.783,23.798,23.813,23.828,23.835,23.835,23.843,23.843,23.843,23.843,23.843,23.850,23.850,23.850,23.843,23.835,23.835,23.828,23.820,23.820,23.820,23.835,23.843,23.850,23.858,23.873,23.895,23.925,23.940,23.948,23.955,23.963,23.978,23.978,23.978,23.978,23.978,23.970,23.963,23.955,23.955,23.948,23.948,23.948,23.955,23.955,23.963,23.985,24.015,24.023,24.038,24.068,24.113,24.158,24.173,24.173,24.173,24.173,24.173,24.180,24.180,24.180,24.180,24.173,24.173,24.173,24.173,24.173,24.165,24.158,24.158,24.158,24.150,24.143,24.120,24.105,24.105,24.098,24.098,24.098,24.090,24.083,24.075,24.068,24.060,24.060,24.053,24.053,24.053,24.053,24.053,24.045,24.038,24.038,24.038,24.038,24.045,24.045,24.045,24.038,24.038,24.038,24.038,24.038,24.030,24.023,24.000,23.993,23.985,23.993,23.993,24.000,24.008,24.008,24.008,24.015,24.015,24.023,24.030,24.030,24.038,24.045,24.060,24.068,24.068,24.068,24.075,24.090,24.105,24.105,24.098,24.083,24.075,24.068,24.060,24.053,24.045,24.038,24.030,24.023,24.015,24.015,24.008,24.008,24.008,24.000,23.993,23.985,23.985,23.970,23.970,23.963,23.955,23.955,23.948,23.948,23.940,23.940,23.925,23.918,23.918,23.918,23.910,23.910,23.903,23.895,23.888,23.880,23.873,23.865,23.865,23.865,23.858,23.858,23.858,23.858,23.858,23.850,23.843,23.843,23.843,23.843,23.843,23.843,23.843,23.843,23.835,23.835,23.828,23.820,23.820,23.820,23.813,23.805,23.798,23.798,23.798,23.805,23.805,23.798,23.798,23.790,23.790,23.790,23.790,23.783,23.775,23.768,23.768,23.768,23.760,23.760,23.760,23.760,23.760,23.760,23.775,23.775,23.775,23.775,23.775,23.775,23.760,23.753,23.753,23.760,23.760,23.760,23.745,23.745,23.738,23.745,23.745,23.745,23.753,23.760,23.768,23.783,23.790,23.798,23.805,23.813,23.813,23.820,23.820,23.828,23.828,23.828,23.820,23.820,23.813,23.813,23.805,23.813,23.820,23.828,23.843,23.843,23.850,23.858,23.858,23.850,23.835,23.820,23.813,23.798,23.798,23.790,23.790,23.790,23.790,23.790,23.798,23.790,23.783,23.775,23.768,23.768,23.760,23.760,23.768,23.783,23.790,23.798,23.790,23.768,23.738,23.708,23.678,23.655,23.648,23.648,23.648,23.655,23.670,23.685,23.693,23.693,23.678,23.670,23.670,23.663,23.655,23.655,23.655,23.655,23.655,23.663,23.670,23.678,23.685,23.693,23.693,23.685,23.670,23.655,23.640,23.640,23.648,23.655,23.655,23.655,23.655,23.655,23.655,23.663,23.663,23.663,23.663,23.655,23.655,23.648,23.648,23.648,23.655,23.655,23.663,23.670,23.670,23.678,23.678,23.685,23.678,23.678,23.670,23.648,23.632,23.625,23.617,23.617,23.625,23.632,23.640,23.640,23.640
,23.407,23.399,23.392,23.392,23.384,23.384,23.376,23.376,23.376,23.376,23.384,23.399,23.399,23.392,23.392,23.392,23.407,23.422,23.444,23.444,23.444,23.429,23.437,23.467,23.482,23.482,23.444,23.414,23.399,23.392,23.392,23.392,23.399,23.407,23.407,23.407,23.414,23.422,23.429,23.429,23.429,23.429,23.414,23.407,23.392,23.384,23.361,23.346,23.331,23.316,23.309,23.309,23.316,23.316,23.324,23.339,23.361,23.376,23.392,23.407,23.422,23.429,23.444,23.452,23.459,23.467,23.482,23.489,23.505,23.512,23.520,23.520,23.527,23.527,23.527,23.527,23.535,23.535,23.535,23.535,23.535,23.527,23.527,23.527,23.527,23.527,23.542,23.557,23.572,23.580,23.580,23.587,23.587,23.587,23.580,23.572,23.565,23.557,23.550,23.550,23.565,23.580,23.595,23.610,23.625,23.640,23.648,23.648,23.648,23.655,23.678,23.708,23.730,23.753,23.760,23.768,23.768,23.760,23.753,23.760,23.768,23.775,23.768,23.768,23.775,23.783,23.790,23.790,23.798,23.798,23.798,23.798,23.798,23.798,23.798,23.798,23.805,23.805,23.805,23.805,23.805,23.805,23.805,23.798,23.798,23.798,23.813,23.820,23.828,23.835,23.858,23.888,23.918,23.933,23.940,23.948,23.963,23.978,23.978,23.978,23.985,23.985,24.000,24.000,24.008,24.008,24.015,24.023,24.030,24.045,24.045,24.060,24.083,24.098,24.113,24.128,24.150,24.180,24.203,24.210,24.210,24.203,24.188,24.180,24.173,24.173,24.165,24.135,24.113,24.113,24.120,24.120,24.120,24.113,24.105,24.098,24.098,24.090,24.090,24.083,24.075,24.075,24.083,24.083,24.083,24.083,24.068,24.060,24.053,24.045,24.038,24.038,24.038,24.038,24.038,24.030,24.030,24.030,24.030,24.030,24.038,24.045,24.045,24.045,24.045,24.038,24.038,24.038,24.038,24.038,24.038,24.023,24.015,24.015,24.015,24.015,24.008,24.008,24.008,24.008,24.008,24.015,24.015,24.015,24.015,24.015,24.015,24.023,24.023,24.023,24.023,24.023,24.045,24.068,24.068,24.060,24.053,24.038,24.030,24.030,24.030,24.023,24.008,24.000,23.993,23.985,23.978,23.985,23.993,24.008,24.015,24.015,24.015,24.015,24.008,24.008,24.000,24.000,24.000,23.993,23.993,23.985,23.985,23.970,23.963,23.963,23.955,23.955,23.948,23.940,23.933,23.910,23.903,23.895,23.888,23.888,23.888,23.880,23.880,23.888,23.888,23.880,23.873,23.865,23.865,23.858,23.858,23.865,23.865,23.865,23.865,23.858,23.858,23.850,23.843,23.835,23.835,23.835,23.828,23.820,23.820,23.828,23.843,23.835,23.828,23.828,23.828,23.828,23.828,23.828,23.820,23.813,23.798,23.798,23.790,23.783,23.783,23.783,23.775,23.775,23.768,23.775,23.775,23.775,23.775,23.775,23.768,23.753,23.753,23.760,23.820,23.835,23.835,23.835,23.828,23.828,23.828,23.828,23.828,23.828,23.828,23.835,23.843,23.850,23.865,23.865,23.865,23.865,23.865,23.873,23.873,23.873,23.873,23.865,23.858,23.843,23.828,23.820,23.835,23.850,23.865,23.880,23.888,23.888,23.888,23.888,23.865,23.850,23.835,23.820,23.820,23.820,23.828,23.843,23.843,23.843,23.843,23.843,23.828,23.813,23.798,23.790,23.783,23.790,23.790,23.798,23.813,23.828,23.828,23.820,23.805,23.783,23.760,23.738,23.715,23.700,23.693,23.693,23.700,23.715,23.723,23.738,23.738,23.730,23.723,23.715,23.715,23.708,23.708,23.700,23.700,23.700,23.700,23.700,23.715,23.723,23.730,23.730,23.730,23.715,23.700,23.685,23.685,23.685,23.693,23.700,23.700,23.700,23.700,23.700,23.700,23.700,23.700,23.700,23.693,23.693,23.685,23.685,23.685,23.685,23.685,23.685,23.685,23.685,23.685,23.685,23.693,23.693,23.693,23.693,23.678,23.663,23.648,23.640,23.632,23.632,23.640,23.640,23.640,23.640
,23.602,23.587,23.580,23.572,23.572,23.565,23.557,23.557,23.557,23.557,23.565,23.572,23.565,23.557,23.550,23.527,23.565,23.663,23.700,23.708,23.708,23.700,23.700,23.715,23.715,23.708,23.670,23.640,23.610,23.595,23.587,23.572,23.565,23.557,23.542,23.542,23.550,23.557,23.565,23.572,23.580,23.587,23.580,23.572,23.565,23.557,23.550,23.535,23.520,23.505,23.505,23.497,23.497,23.489,23.489,23.497,23.505,23.512,23.512,23.512,23.512,23.520,23.520,23.527,23.535,23.542,23.550,23.565,23.572,23.580,23.587,23.587,23.587,23.580,23.580,23.580,23.580,23.580,23.580,23.580,23.580,23.572,23.587,23.587,23.595,23.610,23.632,23.670,23.693,23.700,23.693,23.700,23.708,23.708,23.708,23.708,23.708,23.700,23.700,23.700,23.715,23.745,23.775,23.813,23.835,23.850,23.850,23.850,23.843,23.850,23.873,23.895,23.910,23.918,23.918,23.918,23.910,23.903,23.888,23.888,23.895,23.895,23.888,23.888,23.888,23.888,23.880,23.865,23.850,23.850,23.843,23.835,23.843,23.843,23.843,23.843,23.850,23.850,23.865,23.873,23.880,23.888,23.880,23.873,23.873,23.873,23.880,23.895,23.903,23.918,23.933,23.955,23.978,23.985,23.985,23.985,23.993,24.008,24.015,24.030,24.045,24.060,24.113,24.128,24.135,24.150,24.150,24.158,24.165,24.165,24.158,24.113,24.113,24.158,24.165,24.120,24.098,24.098,24.113,24.113,24.113,24.105,24.105,24.098,24.098,24.098,24.090,24.075,24.068,24.068,24.075,24.083,24.090,24.083,24.083,24.075,24.068,24.068,24.068,24.060,24.060,24.060,24.068,24.068,24.068,24.068,24.060,24.045,24.038,24.030,24.023,24.030,24.030,24.030,24.023,24.023,24.023,24.023,24.015,24.015,24.023,24.023,24.023,24.023,24.023,24.015,24.015,24.008,24.008,24.008,24.008,24.000,24.000,24.000,24.000,24.000,23.993,23.993,23.993,23.993,23.993,23.993,24.000,24.000,24.000,24.000,24.008,24.015,24.015,24.015,24.015,24.015,24.023,24.038,24.030,24.023,24.008,24.000,24.000,24.000,24.000,23.993,23.985,23.970,23.963,23.955,23.955,23.955,23.963,23.978,23.978,23.978,23.978,23.978,23.978,23.970,23.963,23.963,23.963,23.963,23.963,23.963,23.955,23.948,23.940,23.940,23.933,23.933,23.933,23.933,23.925,23.918,23.910,23.910,23.903,23.903,23.903,23.895,23.895,23.903,23.895,23.895,23.888,23.880,23.880,23.873,23.873,23.880,23.880,23.880,23.880,23.873,23.865,23.865,23.858,23.858,23.850,23.850,23.850,23.850,23.850,23.850,23.858,23.850,23.843,23.843,23.850,23.858,23.865,23.865,23.858,23.835,23.820,23.813,23.805,23.813,23.828,23.843,23.850,23.850,23.858,23.865,23.873,23.873,23.873,23.873,23.873,23.873,23.880,23.888,23.933,23.940,23.948,23.948,23.940,23.940,23.933,23.933,23.933,23.933,23.933,23.933,23.940,23.940,23.948,23.948,23.948,23.940,23.940,23.940,23.940,23.940,23.940,23.933,23.918,23.903,23.888,23.888,23.895,23.918,23.933,23.933,23.925,23.910,23.895,23.888,23.873,23.865,23.858,23.850,23.865,23.880,23.888,23.895,23.903,23.895,23.888,23.880,23.865,23.843,23.835,23.820,23.820,23.820,23.820,23.828,23.835,23.843,23.850,23.843,23.835,23.820,23.805,23.790,23.775,23.760,23.753,23.745,23.753,23.760,23.775,23.783,23.783,23.775,23.775,23.768,23.760,23.760,23.753,23.745,23.738,23.730,23.730,23.738,23.745,23.760,23.768,23.775,23.768,23.753,23.738,23.730,23.730,23.730,23.738,23.745,23.745,23.745,23.745,23.738,23.738,23.738,23.738,23.730,23.730,23.730,23.730,23.723,23.715,23.715,23.708,23.708,23.700,23.693,23.693,23.693,23.700,23.708,23.708,23.708,23.700,23.693,23.685,23.670,23.663,23.655,23.648,23.648,23.640,23.640
,23.715,23.708,23.700,23.693,23.685,23.685,23.670,23.670,23.670,23.670,23.678,23.678,23.670,23.655,23.655,23.632,23.678,23.768,23.805,23.805,23.805,23.805,23.805,23.805,23.805,23.798,23.783,23.768,23.745,23.738,23.723,23.715,23.708,23.693,23.685,23.678,23.678,23.678,23.685,23.685,23.685,23.685,23.678,23.670,23.663,23.663,23.663,23.655,23.648,23.640,23.640,23.640,23.640,23.640,23.640,23.640,23.640,23.648,23.640,23.632,23.632,23.625,23.625,23.625,23.632,23.640,23.640,23.648,23.655,23.655,23.655,23.663,23.663,23.663,23.663,23.655,23.663,23.670,23.670,23.678,23.685,23.693,23.708,23.715,23.730,23.745,23.768,23.813,23.843,23.843,23.835,23.843,23.850,23.858,23.858,23.858,23.858,23.865,23.865,23.865,23.880,23.910,23.940,23.978,24.000,24.008,24.008,24.000,23.993,23.985,24.000,24.008,24.008,24.008,24.008,24.000,23.993,23.985,23.978,23.963,23.955,23.955,23.948,23.933,23.925,23.933,23.918,23.895,23.888,23.888,23.873,23.873,23.873,23.873,23.873,23.880,23.880,23.888,23.903,23.918,23.933,23.940,23.940,23.933,23.925,23.925,23.940,23.948,23.963,23.978,23.993,24.008,24.023,24.023,24.015,24.015,24.015,24.015,24.038,24.045,24.060,24.083,24.128,24.143,24.150,24.150,24.150,24.158,24.158,24.158,24.150,24.090,24.083,24.128,24.128,24.068,24.030,24.015,24.023,24.023,24.030,24.030,24.030,24.030,24.038,24.038,24.038,24.038,24.038,24.045,24.053,24.060,24.068,24.068,24.068,24.060,24.060,24.060,24.060,24.060,24.060,24.060,24.060,24.060,24.060,24.060,24.045,24.038,24.030,24.023,24.023,24.030,24.030,24.030,24.023,24.023,24.023,24.023,24.015,24.015,24.015,24.008,24.008,24.008,24.000,24.000,23.993,23.993,23.993,23.985,23.985,23.985,23.985,23.985,23.985,23.985,23.985,23.985,23.978,23.978,23.985,23.985,23.985,23.985,23.993,23.993,24.000,24.008,24.008,24.015,24.015,24.015,24.015,24.015,24.008,23.993,23.985,23.970,23.970,23.978,23.978,23.978,23.963,23.955,23.948,23.940,23.933,23.940,23.940,23.948,23.948,23.948,23.948,23.948,23.940,23.940,23.933,23.933,23.933,23.940,23.940,23.940,23.940,23.933,23.933,23.925,23.925,23.925,23.925,23.925,23.933,23.925,23.925,23.925,23.925,23.925,23.925,23.918,23.918,23.918,23.918,23.910,23.903,23.895,23.895,23.895,23.895,23.895,23.903,23.903,23.895,23.888,23.880,23.873,23.873,23.873,23.873,23.873,23.873,23.873,23.880,23.880,23.873,23.865,23.850,23.858,23.873,23.888,23.903,23.903,23.888,23.865,23.843,23.828,23.835,23.850,23.888,23.925,23.940,23.955,23.963,23.970,23.985,23.985,23.993,24.000,24.000,24.008,24.023,24.030,24.045,24.053,24.060,24.060,24.053,24.053,24.053,24.053,24.053,24.053,24.045,24.045,24.045,24.038,24.038,24.038,24.038,24.030,24.030,24.023,24.023,24.023,24.015,24.015,24.000,23.993,23.978,23.978,23.985,24.000,24.008,24.000,23.963,23.925,23.895,23.880,23.873,23.873,23.880,23.888,23.903,23.918,23.940,23.948,23.940,23.933,23.918,23.903,23.888,23.873,23.865,23.858,23.858,23.858,23.858,23.850,23.858,23.858,23.858,23.858,23.858,23.858,23.850,23.843,23.828,23.820,23.813,23.805,23.805,23.813,23.813,23.820,23.820,23.820,23.820,23.813,23.813,23.805,23.798,23.790,23.775,23.775,23.768,23.768,23.775,23.790,23.798,23.805,23.805,23.790,23.783,23.775,23.775,23.783,23.783,23.790,23.790,23.790,23.783,23.783,23.783,23.775,23.775,23.768,23.768,23.775,23.768,23.760,23.753,23.745,23.738,23.730,23.715,23.708,23.700,23.700,23.708,23.715,23.723,23.730,23.730,23.723,23.715,23.708,23.693,23.678,23.670,23.663,23.655,23.655
,23.730,23.723,23.723,23.715,23.708,23.708,23.700,23.693,23.693,23.693,23.693,23.693,23.678,23.670,23.663,23.685,23.715,23.730,23.738,23.730,23.730,23.723,23.730,23.738,23.745,23.753,23.760,23.760,23.760,23.768,23.768,23.775,23.775,23.768,23.760,23.753,23.753,23.745,23.738,23.730,23.715,23.700,23.678,23.670,23.663,23.663,23.670,23.670,23.670,23.670,23.685,23.693,23.700,23.708,23.715,23.723,23.730,23.738,23.745,23.745,23.745,23.738,23.730,23.730,23.730,23.738,23.730,23.730,23.730,23.723,23.723,23.723,23.730,23.745,23.753,23.760,23.775,23.798,23.805,23.828,23.850,23.880,23.880,23.888,23.903,23.918,23.933,23.963,23.978,23.978,23.970,23.970,23.978,23.985,23.985,23.985,23.985,23.993,24.000,24.000,24.008,24.023,24.038,24.053,24.060,24.068,24.053,24.045,24.030,24.015,24.015,24.008,24.000,23.993,23.985,23.985,23.985,23.978,23.963,23.940,23.925,23.918,23.903,23.880,23.873,23.880,23.865,23.858,23.865,23.880,23.880,23.880,23.880,23.873,23.873,23.873,23.873,23.880,23.895,23.918,23.933,23.948,23.948,23.940,23.940,23.940,23.955,23.963,23.978,23.993,24.015,24.023,24.023,24.030,24.015,24.008,24.008,24.008,24.015,24.015,24.023,24.030,24.038,24.038,24.030,24.023,24.015,24.015,24.023,24.023,24.008,24.008,24.015,24.015,24.015,24.000,23.985,23.970,23.978,23.985,23.985,23.985,23.993,24.000,24.000,24.008,24.015,24.015,24.015,24.023,24.038,24.045,24.045,24.053,24.053,24.053,24.053,24.053,24.053,24.053,24.053,24.053,24.053,24.053,24.053,24.045,24.038,24.030,24.023,24.023,24.023,24.030,24.038,24.045,24.038,24.030,24.030,24.023,24.023,24.015,24.015,24.015,24.008,24.000,24.000,24.000,23.993,23.993,23.993,23.993,23.985,23.985,23.985,23.985,23.985,23.985,23.985,23.985,23.978,23.978,23.985,23.985,23.985,23.985,23.993,23.993,23.993,24.000,24.000,24.000,24.000,24.000,24.000,24.000,23.993,23.978,23.970,23.963,23.963,23.963,23.970,23.963,23.963,23.948,23.940,23.940,23.933,23.933,23.940,23.940,23.940,23.940,23.940,23.940,23.933,23.933,23.925,23.925,23.933,23.940,23.940,23.948,23.948,23.940,23.940,23.933,23.933,23.940,23.940,23.940,23.948,23.948,23.948,23.955,23.955,23.955,23.955,23.948,23.940,23.940,23.940,23.933,23.925,23.918,23.918,23.918,23.918,23.918,23.918,23.918,23.910,23.895,23.888,23.888,23.888,23.880,23.880,23.888,23.888,23.895,23.903,23.903,23.895,23.880,23.865,23.865,23.888,23.910,23.925,23.933,23.918,23.895,23.873,23.858,23.865,23.888,23.940,24.008,24.023,24.030,24.038,24.045,24.053,24.060,24.068,24.083,24.083,24.098,24.105,24.120,24.128,24.135,24.135,24.143,24.143,24.143,24.143,24.135,24.135,24.135,24.128,24.120,24.113,24.113,24.105,24.105,24.105,24.098,24.090,24.090,24.083,24.083,24.083,24.075,24.075,24.060,24.053,24.053,24.053,24.060,24.060,24.045,23.970,23.925,23.895,23.873,23.873,23.880,23.888,23.910,23.925,23.940,23.963,23.963,23.955,23.940,23.925,23.910,23.903,23.895,23.895,23.895,23.888,23.888,23.888,23.880,23.880,23.880,23.873,23.873,23.873,23.880,23.880,23.873,23.873,23.858,23.850,23.850,23.843,23.843,23.850,23.850,23.850,23.850,23.850,23.850,23.850,23.843,23.835,23.828,23.813,23.813,23.805,23.798,23.805,23.813,23.828,23.835,23.828,23.820,23.820,23.813,23.820,23.820,23.828,23.828,23.828,23.828,23.828,23.820,23.820,23.820,23.813,23.805,23.813,23.813,23.813,23.805,23.798,23.783,23.768,23.760,23.738,23.730,23.715,23.715,23.723,23.730,23.745,23.753,23.760,23.760,23.753,23.745,23.730,23.708,23.693,23.678,23.670,23.670
,23.700,23.693,23.685,23.685,23.678,23.670,23.663,23.655,23.648,23.648,23.648,23.632,23.617,23.610,23.617,23.685,23.738,23.745,23.730,23.708,23.700,23.700,23.700,23.708,23.715,23.715,23.715,23.723,23.738,23.738,23.745,23.753,23.753,23.760,23.753,23.738,23.730,23.723,23.708,23.700,23.685,23.670,23.655,23.640,23.632,23.640,23.640,23.640,23.632,23.640,23.648,23.663,23.678,23.693,23.708,23.730,23.760,23.783,23.790,23.798,23.805,23.813,23.805,23.798,23.790,23.783,23.768,23.753,23.738,23.730,23.715,23.723,23.738,23.768,23.790,23.813,23.843,23.873,23.895,23.925,23.948,23.963,23.970,23.963,23.955,23.955,23.970,23.985,23.985,23.978,23.970,23.970,23.978,23.993,23.993,24.000,24.015,24.030,24.030,24.023,24.015,24.015,24.008,24.000,23.993,23.985,23.978,23.970,23.963,23.963,23.955,23.940,23.918,23.895,23.888,23.880,23.865,23.858,23.843,23.828,23.820,23.813,23.798,23.775,23.760,23.760,23.760,23.760,23.775,23.805,23.843,23.850,23.850,23.850,23.843,23.843,23.843,23.850,23.858,23.873,23.895,23.903,23.910,23.910,23.910,23.910,23.925,23.940,23.955,23.970,23.993,24.000,24.000,24.008,24.000,23.993,23.985,23.978,23.978,23.978,23.978,23.978,23.970,23.963,23.955,23.940,23.933,23.933,23.940,23.940,23.948,23.948,23.955,23.970,23.970,23.963,23.955,23.955,23.963,23.970,23.970,23.970,23.978,23.978,23.978,23.985,23.985,23.993,23.993,24.000,24.008,24.015,24.023,24.023,24.023,24.023,24.023,24.023,24.030,24.038,24.038,24.045,24.038,24.030,24.030,24.023,24.023,24.015,24.015,24.023,24.023,24.038,24.045,24.045,24.045,24.038,24.030,24.023,24.023,24.023,24.023,24.023,24.015,24.015,24.015,24.008,24.008,24.008,24.008,24.008,24.008,24.008,24.008,24.000,24.000,24.000,23.993,23.985,23.985,23.985,23.993,23.993,23.993,23.993,23.993,23.993,23.993,24.000,24.000,24.000,24.000,24.000,23.993,23.993,23.985,23.970,23.963,23.963,23.963,23.963,23.970,23.970,23.963,23.955,23.948,23.940,23.940,23.940,23.948,23.948,23.948,23.948,23.948,23.940,23.940,23.940,23.940,23.940,23.948,23.955,23.955,23.955,23.963,23.963,23.963,23.963,23.963,23.963,23.963,23.963,23.970,23.978,23.978,23.978,23.978,23.978,23.978,23.970,23.963,23.955,23.955,23.948,23.940,23.940,23.933,23.933,23.925,23.925,23.925,23.918,23.918,23.903,23.895,23.888,23.888,23.880,23.880,23.888,23.888,23.903,23.910,23.910,23.903,23.880,23.865,23.858,23.880,23.910,23.933,23.940,23.933,23.903,23.873,23.865,23.873,23.895,23.925,23.955,23.970,23.978,23.978,23.978,23.978,23.978,23.978,23.985,23.993,24.008,24.023,24.038,24.053,24.060,24.068,24.068,24.068,24.060,24.053,24.045,24.038,24.030,24.023,24.015,24.015,24.015,24.015,24.015,24.015,24.008,24.000,24.000,24.000,23.993,23.993,23.985,23.978,23.970,23.963,23.963,23.970,23.985,23.985,23.970,23.940,23.910,23.888,23.873,23.873,23.873,23.880,23.888,23.910,23.918,23.925,23.925,23.918,23.910,23.903,23.895,23.903,23.903,23.903,23.903,23.903,23.903,23.903,23.895,23.888,23.888,23.880,23.873,23.873,23.880,23.880,23.873,23.873,23.873,23.865,23.865,23.858,23.858,23.858,23.858,23.858,23.858,23.858,23.858,23.858,23.858,23.858,23.850,23.843,23.835,23.835,23.828,23.828,23.835,23.843,23.843,23.843,23.843,23.835,23.835,23.843,23.850,23.858,23.858,23.858,23.858,23.858,23.850,23.850,23.850,23.843,23.843,23.850,23.850,23.850,23.843,23.835,23.820,23.805,23.783,23.760,23.745,23.730,23.723,23.730,23.745,23.760,23.768,23.783,23.790,23.783,23.775,23.753,23.730,23.715,23.693,23.693,23.693
,23.753,23.745,23.745,23.738,23.738,23.738,23.730,23.723,23.715,23.715,23.715,23.700,23.693,23.693,23.708,23.783,23.835,23.835,23.820,23.805,23.805,23.813,23.813,23.813,23.820,23.820,23.820,23.820,23.828,23.820,23.820,23.820,23.828,23.828,23.813,23.798,23.790,23.790,23.790,23.790,23.783,23.775,23.760,23.753,23.753,23.753,23.753,23.745,23.730,23.715,23.708,23.715,23.715,23.723,23.730,23.753,23.775,23.798,23.813,23.828,23.835,23.843,23.850,23.850,23.850,23.843,23.835,23.828,23.813,23.805,23.798,23.798,23.805,23.820,23.843,23.865,23.888,23.910,23.933,23.955,23.970,23.985,23.985,23.978,23.970,23.970,23.970,23.963,23.955,23.940,23.940,23.940,23.948,23.955,23.955,23.955,23.955,23.963,23.963,23.955,23.948,23.933,23.925,23.903,23.888,23.873,23.865,23.850,23.850,23.850,23.835,23.820,23.813,23.798,23.783,23.768,23.760,23.760,23.745,23.745,23.753,23.753,23.753,23.753,23.753,23.753,23.753,23.760,23.775,23.790,23.813,23.813,23.813,23.805,23.798,23.798,23.798,23.798,23.805,23.820,23.835,23.843,23.850,23.850,23.858,23.865,23.880,23.895,23.910,23.925,23.940,23.948,23.955,23.963,23.963,23.955,23.948,23.940,23.940,23.940,23.933,23.925,23.918,23.910,23.903,23.895,23.895,23.895,23.895,23.910,23.910,23.918,23.933,23.933,23.940,23.933,23.933,23.933,23.940,23.940,23.940,23.940,23.948,23.948,23.948,23.948,23.948,23.948,23.955,23.955,23.963,23.970,23.970,23.978,23.978,23.985,23.985,23.985,23.993,24.000,24.008,24.008,24.008,24.000,23.993,23.993,23.993,23.993,23.993,24.000,24.015,24.030,24.038,24.038,24.038,24.030,24.030,24.023,24.023,24.030,24.030,24.030,24.030,24.023,24.023,24.023,24.023,24.023,24.023,24.023,24.023,24.023,24.023,24.015,24.008,24.008,24.000,23.993,23.993,23.993,23.993,23.993,23.993,23.993,23.993,23.985,23.985,23.978,23.978,23.970,23.970,23.970,23.970,23.970,23.963,23.955,23.948,23.948,23.948,23.948,23.955,23.955,23.948,23.948,23.940,23.933,23.933,23.940,23.948,23.948,23.948,23.948,23.948,23.948,23.948,23.948,23.948,23.948,23.948,23.955,23.963,23.963,23.963,23.970,23.970,23.978,23.978,23.978,23.978,23.970,23.978,23.978,23.978,23.978,23.978,23.978,23.978,23.970,23.970,23.963,23.955,23.948,23.940,23.933,23.933,23.925,23.918,23.918,23.910,23.903,23.895,23.888,23.880,23.873,23.865,23.858,23.858,23.865,23.865,23.880,23.895,23.895,23.880,23.858,23.843,23.843,23.865,23.895,23.918,23.925,23.918,23.888,23.865,23.858,23.865,23.880,23.903,23.918,23.925,23.918,23.918,23.918,23.910,23.903,23.895,23.895,23.903,23.918,23.933,23.948,23.963,23.978,23.978,23.978,23.978,23.963,23.948,23.933,23.925,23.918,23.910,23.910,23.910,23.910,23.910,23.918,23.918,23.918,23.918,23.910,23.910,23.910,23.903,23.895,23.888,23.888,23.880,23.873,23.880,23.888,23.895,23.895,23.880,23.873,23.858,23.858,23.850,23.850,23.850,23.850,23.850,23.850,23.858,23.858,23.850,23.850,23.858,23.858,23.873,23.880,23.888,23.895,23.903,23.903,23.903,23.895,23.888,23.880,23.873,23.865,23.865,23.858,23.858,23.858,23.858,23.858,23.858,23.858,23.850,23.850,23.850,23.850,23.850,23.850,23.850,23.850,23.850,23.850,23.850,23.850,23.850,23.843,23.843,23.843,23.835,23.835,23.835,23.835,23.835,23.835,23.843,23.843,23.858,23.865,23.865,23.873,23.873,23.873,23.873,23.865,23.865,23.865,23.865,23.865,23.865,23.873,23.873,23.865,23.858,23.843,23.828,23.805,23.783,23.760,23.738,23.730,23.738,23.753,23.768,23.783,23.798,23.798,23.798,23.790,23.775,23.753,23.730,23.715,23.708,23.708
,23.850,23.850,23.843,23.843,23.850,23.850,23.850,23.843,23.850,23.850,23.850,23.850,23.850,23.865,23.888,23.948,23.978,23.970,23.948,23.933,23.933,23.933,23.933,23.925,23.918,23.910,23.903,23.903,23.895,23.880,23.873,23.873,23.873,23.873,23.865,23.828,23.813,23.813,23.820,23.835,23.843,23.843,23.835,23.835,23.835,23.835,23.843,23.835,23.820,23.790,23.775,23.768,23.768,23.760,23.760,23.768,23.775,23.783,23.798,23.813,23.820,23.828,23.835,23.850,23.858,23.865,23.865,23.865,23.873,23.873,23.873,23.873,23.873,23.880,23.888,23.895,23.910,23.918,23.933,23.948,23.955,23.963,23.963,23.955,23.948,23.940,23.940,23.910,23.895,23.888,23.888,23.888,23.903,23.903,23.888,23.873,23.858,23.850,23.850,23.850,23.843,23.835,23.828,23.813,23.805,23.790,23.775,23.768,23.760,23.760,23.745,23.738,23.738,23.730,23.723,23.723,23.723,23.723,23.730,23.745,23.753,23.760,23.760,23.768,23.775,23.775,23.775,23.783,23.790,23.798,23.798,23.790,23.790,23.783,23.775,23.775,23.775,23.775,23.775,23.783,23.798,23.805,23.813,23.813,23.820,23.835,23.850,23.865,23.880,23.888,23.903,23.918,23.925,23.925,23.933,23.925,23.925,23.918,23.918,23.910,23.910,23.903,23.895,23.888,23.880,23.880,23.880,23.880,23.888,23.895,23.903,23.910,23.918,23.918,23.918,23.918,23.918,23.910,23.918,23.918,23.918,23.918,23.918,23.918,23.918,23.918,23.918,23.918,23.918,23.925,23.925,23.933,23.940,23.948,23.948,23.948,23.955,23.955,23.970,23.978,23.985,23.985,23.978,23.970,23.970,23.970,23.970,23.978,23.985,23.993,24.008,24.023,24.030,24.038,24.038,24.030,24.030,24.023,24.030,24.030,24.030,24.038,24.038,24.038,24.030,24.030,24.030,24.038,24.038,24.038,24.038,24.038,24.038,24.030,24.023,24.015,24.008,24.000,23.993,23.993,23.993,23.993,23.993,23.993,23.993,23.985,23.978,23.970,23.963,23.963,23.963,23.963,23.963,23.955,23.955,23.948,23.940,23.940,23.940,23.948,23.948,23.948,23.948,23.940,23.933,23.933,23.933,23.940,23.948,23.948,23.948,23.948,23.948,23.948,23.948,23.955,23.955,23.955,23.955,23.955,23.955,23.963,23.963,23.970,23.978,23.985,23.985,23.985,23.985,23.978,23.978,23.985,23.978,23.978,23.978,23.978,23.978,23.970,23.970,23.963,23.955,23.948,23.940,23.933,23.925,23.918,23.918,23.910,23.903,23.895,23.888,23.880,23.873,23.865,23.858,23.850,23.843,23.843,23.850,23.865,23.880,23.880,23.865,23.843,23.828,23.828,23.850,23.880,23.903,23.918,23.903,23.880,23.858,23.850,23.858,23.873,23.888,23.895,23.895,23.895,23.888,23.880,23.873,23.858,23.850,23.850,23.858,23.873,23.888,23.903,23.910,23.918,23.918,23.918,23.910,23.895,23.880,23.865,23.858,23.850,23.843,23.843,23.843,23.843,23.850,23.858,23.858,23.858,23.858,23.858,23.850,23.850,23.843,23.843,23.835,23.828,23.828,23.820,23.820,23.828,23.828,23.835,23.835,23.835,23.843,23.843,23.835,23.828,23.813,23.805,23.798,23.790,23.790,23.790,23.790,23.805,23.813,23.828,23.843,23.858,23.873,23.888,23.895,23.895,23.895,23.888,23.880,23.873,23.865,23.858,23.850,23.843,23.835,23.835,23.835,23.843,23.850,23.850,23.843,23.843,23.843,23.835,23.835,23.835,23.835,23.835,23.843,23.843,23.843,23.850,23.850,23.850,23.850,23.850,23.843,23.835,23.828,23.828,23.828,23.835,23.843,23.850,23.858,23.865,23.873,23.880,23.888,23.888,23.880,23.880,23.880,23.880,23.880,23.880,23.888,23.888,23.888,23.880,23.873,23.865,23.850,23.828,23.798,23.775,23.753,23.745,23.745,23.760,23.783,23.798,23.805,23.813,23.813,23.805,23.790,23.775,23.753,23.745,23.738,23.738
,23.955,23.955,23.948,23.955,23.955,23.963,23.963,23.970,23.978,23.985,24.000,24.008,24.023,24.045,24.083,24.105,24.098,24.075,24.045,24.030,24.015,24.008,24.000,23.978,23.963,23.948,23.925,23.910,23.895,23.880,23.865,23.865,23.865,23.865,23.858,23.805,23.768,23.768,23.783,23.805,23.820,23.828,23.828,23.828,23.828,23.843,23.858,23.858,23.843,23.820,23.798,23.790,23.790,23.790,23.783,23.768,23.760,23.760,23.760,23.760,23.760,23.768,23.775,23.798,23.820,23.843,23.850,23.865,23.880,23.895,23.903,23.910,23.910,23.910,23.903,23.903,23.910,23.910,23.903,23.903,23.903,23.903,23.903,23.903,23.895,23.888,23.888,23.850,23.828,23.828,23.828,23.835,23.843,23.850,23.813,23.790,23.768,23.753,23.753,23.753,23.753,23.753,23.760,23.760,23.760,23.760,23.745,23.738,23.730,23.723,23.715,23.715,23.723,23.723,23.730,23.738,23.745,23.760,23.798,23.813,23.820,23.820,23.813,23.813,23.805,23.805,23.805,23.805,23.813,23.813,23.805,23.798,23.790,23.783,23.783,23.783,23.783,23.783,23.783,23.783,23.790,23.805,23.805,23.813,23.820,23.835,23.850,23.865,23.873,23.888,23.903,23.910,23.910,23.918,23.925,23.918,23.918,23.918,23.910,23.910,23.910,23.903,23.895,23.895,23.895,23.895,23.895,23.903,23.910,23.910,23.910,23.918,23.918,23.918,23.910,23.910,23.910,23.910,23.910,23.910,23.918,23.918,23.918,23.910,23.910,23.910,23.910,23.910,23.918,23.918,23.925,23.925,23.933,23.940,23.940,23.948,23.948,23.955,23.963,23.970,23.978,23.978,23.970,23.970,23.963,23.963,23.970,23.978,23.985,23.993,24.008,24.023,24.038,24.045,24.045,24.038,24.038,24.030,24.038,24.045,24.045,24.045,24.053,24.045,24.045,24.045,24.045,24.053,24.053,24.053,24.053,24.053,24.053,24.045,24.038,24.030,24.015,24.008,24.008,24.008,24.008,24.008,24.000,24.000,24.000,23.993,23.985,23.985,23.970,23.963,23.963,23.963,23.963,23.963,23.955,23.955,23.948,23.940,23.948,23.955,23.955,23.955,23.948,23.948,23.940,23.940,23.948,23.955,23.955,23.955,23.955,23.955,23.955,23.955,23.955,23.963,23.970,23.970,23.963,23.963,23.955,23.963,23.970,23.978,23.993,24.000,24.000,24.000,23.993,23.985,23.985,23.985,23.985,23.985,23.985,23.985,23.985,23.978,23.978,23.970,23.963,23.955,23.948,23.940,23.940,23.925,23.925,23.918,23.910,23.895,23.895,23.895,23.888,23.873,23.865,23.850,23.843,23.850,23.850,23.865,23.880,23.880,23.873,23.843,23.828,23.828,23.850,23.880,23.903,23.918,23.903,23.888,23.865,23.850,23.865,23.880,23.895,23.895,23.895,23.903,23.895,23.888,23.880,23.865,23.850,23.850,23.858,23.873,23.880,23.895,23.903,23.903,23.903,23.903,23.895,23.880,23.865,23.850,23.835,23.835,23.835,23.828,23.828,23.835,23.835,23.843,23.843,23.843,23.843,23.835,23.835,23.828,23.828,23.820,23.820,23.820,23.813,23.805,23.805,23.798,23.798,23.798,23.813,23.820,23.828,23.835,23.820,23.813,23.798,23.783,23.760,23.753,23.753,23.753,23.760,23.775,23.790,23.805,23.828,23.843,23.858,23.873,23.880,23.880,23.880,23.880,23.880,23.865,23.858,23.843,23.835,23.828,23.828,23.828,23.828,23.835,23.843,23.850,23.843,23.835,23.835,23.835,23.835,23.835,23.835,23.835,23.843,23.843,23.843,23.850,23.858,23.858,23.858,23.858,23.850,23.835,23.828,23.828,23.828,23.828,23.835,23.850,23.858,23.873,23.880,23.895,23.903,23.895,23.895,23.895,23.895,23.895,23.895,23.895,23.903,23.903,23.903,23.895,23.888,23.880,23.865,23.843,23.813,23.790,23.768,23.760,23.760,23.783,23.798,23.813,23.820,23.820,23.820,23.813,23.805,23.798,23.783,23.775,23.768,23.768
,23.925,23.925,23.925,23.925,23.925,23.925,23.925,23.918,23.918,23.918,23.918,23.918,23.918,23.940,24.008,24.015,24.000,23.955,23.910,23.895,23.888,23.880,23.873,23.865,23.850,23.835,23.813,23.805,23.798,23.790,23.783,23.783,23.783,23.783,23.768,23.745,23.730,23.723,23.723,23.730,23.730,23.730,23.723,23.715,23.723,23.745,23.783,23.805,23.790,23.738,23.723,23.723,23.738,23.745,23.738,23.738,23.730,23.723,23.723,23.723,23.723,23.723,23.730,23.745,23.760,23.783,23.798,23.820,23.835,23.858,23.865,23.873,23.880,23.888,23.895,23.895,23.895,23.880,23.850,23.835,23.828,23.835,23.843,23.843,23.843,23.835,23.835,23.820,23.813,23.813,23.820,23.835,23.843,23.843,23.828,23.805,23.783,23.768,23.768,23.775,23.783,23.790,23.798,23.805,23.813,23.813,23.805,23.798,23.790,23.783,23.783,23.790,23.798,23.805,23.813,23.828,23.843,23.858,23.865,23.873,23.873,23.865,23.858,23.850,23.843,23.843,23.843,23.843,23.850,23.850,23.843,23.835,23.828,23.828,23.828,23.828,23.828,23.828,23.828,23.828,23.835,23.843,23.850,23.858,23.865,23.880,23.888,23.903,23.910,23.925,23.933,23.940,23.940,23.940,23.948,23.948,23.948,23.948,23.940,23.940,23.940,23.933,23.933,23.933,23.933,23.940,23.940,23.940,23.948,23.948,23.948,23.948,23.948,23.948,23.948,23.948,23.948,23.955,23.955,23.963,23.963,23.963,23.963,23.963,23.955,23.955,23.955,23.963,23.963,23.970,23.970,23.970,23.978,23.978,23.985,23.993,24.000,24.000,24.008,24.008,24.008,24.008,24.008,24.008,24.008,24.008,24.008,24.008,24.008,24.015,24.030,24.045,24.053,24.060,24.060,24.060,24.060,24.053,24.060,24.068,24.068,24.075,24.075,24.075,24.075,24.075,24.075,24.075,24.075,24.075,24.075,24.075,24.075,24.068,24.060,24.053,24.045,24.038,24.038,24.038,24.038,24.030,24.030,24.030,24.030,24.023,24.015,24.008,24.008,24.008,24.000,24.000,24.000,24.000,23.993,23.985,23.985,23.985,23.978,23.985,23.985,23.985,23.985,23.978,23.978,23.978,23.985,23.985,23.993,23.993,23.993,23.985,23.985,23.985,23.993,23.993,24.000,24.008,24.000,23.993,23.985,23.985,24.000,24.008,24.023,24.030,24.030,24.023,24.023,24.023,24.023,24.023,24.030,24.030,24.030,24.030,24.023,24.023,24.015,24.000,23.993,23.985,23.985,23.985,23.978,23.970,23.963,23.955,23.948,23.940,23.940,23.940,23.933,23.925,23.918,23.903,23.888,23.888,23.895,23.910,23.918,23.918,23.910,23.895,23.880,23.873,23.895,23.918,23.940,23.948,23.933,23.910,23.895,23.888,23.895,23.910,23.925,23.940,23.940,23.948,23.940,23.933,23.933,23.918,23.910,23.903,23.910,23.925,23.933,23.948,23.948,23.948,23.948,23.948,23.948,23.933,23.918,23.910,23.903,23.895,23.895,23.888,23.888,23.895,23.895,23.895,23.895,23.895,23.888,23.880,23.880,23.873,23.865,23.865,23.865,23.865,23.858,23.850,23.843,23.835,23.828,23.820,23.828,23.835,23.843,23.843,23.835,23.828,23.813,23.798,23.783,23.775,23.768,23.768,23.775,23.783,23.798,23.820,23.835,23.850,23.858,23.873,23.873,23.880,23.880,23.880,23.873,23.865,23.858,23.843,23.843,23.835,23.828,23.828,23.835,23.850,23.858,23.858,23.850,23.850,23.843,23.835,23.835,23.835,23.843,23.843,23.843,23.850,23.850,23.858,23.858,23.865,23.865,23.865,23.858,23.843,23.835,23.828,23.828,23.835,23.843,23.858,23.865,23.880,23.888,23.903,23.903,23.903,23.910,23.910,23.910,23.910,23.910,23.903,23.903,23.903,23.903,23.895,23.895,23.888,23.873,23.858,23.835,23.813,23.790,23.783,23.783,23.805,23.820,23.828,23.828,23.828,23.820,23.813,23.813,23.813,23.813,23.813,23.813,23.813
,23.925,23.918,23.918,23.918,23.910,23.910,23.903,23.895,23.888,23.880,23.873,23.865,23.865,23.873,23.895,23.895,23.888,23.880,23.865,23.865,23.865,23.865,23.858,23.858,23.850,23.843,23.828,23.820,23.813,23.805,23.798,23.798,23.798,23.790,23.775,23.730,23.693,23.670,23.670,23.670,23.670,23.670,23.663,23.648,23.648,23.670,23.723,23.760,23.753,23.715,23.715,23.730,23.753,23.768,23.783,23.783,23.790,23.798,23.813,23.813,23.820,23.820,23.828,23.835,23.843,23.850,23.858,23.858,23.865,23.873,23.880,23.880,23.888,23.888,23.895,23.903,23.903,23.880,23.828,23.813,23.813,23.813,23.828,23.828,23.828,23.828,23.828,23.828,23.820,23.820,23.835,23.850,23.865,23.865,23.850,23.835,23.820,23.813,23.820,23.820,23.835,23.843,23.850,23.858,23.865,23.873,23.865,23.865,23.858,23.858,23.858,23.858,23.865,23.873,23.880,23.895,23.903,23.910,23.918,23.918,23.918,23.910,23.903,23.895,23.888,23.888,23.888,23.888,23.895,23.888,23.888,23.888,23.888,23.880,23.880,23.888,23.888,23.895,23.903,23.903,23.903,23.903,23.910,23.918,23.933,23.940,23.948,23.955,23.963,23.970,23.978,23.978,23.985,23.985,23.985,23.985,23.993,23.985,23.985,23.985,23.985,23.985,23.985,23.993,23.993,24.000,24.000,24.008,24.008,24.000,24.000,24.000,24.000,24.000,24.000,24.008,24.008,24.015,24.023,24.038,24.038,24.045,24.045,24.038,24.038,24.030,24.038,24.038,24.038,24.045,24.045,24.038,24.038,24.045,24.053,24.060,24.068,24.068,24.068,24.060,24.060,24.060,24.060,24.060,24.060,24.060,24.060,24.053,24.053,24.053,24.060,24.068,24.083,24.090,24.090,24.083,24.083,24.083,24.090,24.090,24.090,24.098,24.105,24.105,24.105,24.105,24.105,24.105,24.098,24.098,24.098,24.098,24.098,24.098,24.090,24.083,24.068,24.068,24.068,24.068,24.060,24.060,24.060,24.060,24.060,24.060,24.060,24.053,24.053,24.045,24.045,24.045,24.045,24.038,24.038,24.030,24.030,24.023,24.023,24.023,24.023,24.023,24.023,24.023,24.023,24.023,24.023,24.030,24.030,24.030,24.023,24.023,24.015,24.015,24.023,24.030,24.038,24.045,24.038,24.023,24.015,24.015,24.023,24.038,24.053,24.060,24.060,24.060,24.053,24.053,24.060,24.068,24.068,24.068,24.068,24.075,24.068,24.060,24.053,24.038,24.030,24.023,24.023,24.023,24.023,24.023,24.015,24.008,24.000,23.993,23.993,23.993,23.993,23.985,23.978,23.963,23.948,23.940,23.940,23.955,23.963,23.963,23.955,23.948,23.933,23.933,23.948,23.963,23.978,23.985,23.970,23.948,23.933,23.918,23.925,23.940,23.955,23.970,23.978,23.978,23.978,23.978,23.970,23.963,23.955,23.955,23.963,23.970,23.985,23.993,24.000,24.008,24.008,24.008,24.000,24.000,23.985,23.978,23.970,23.970,23.963,23.963,23.963,23.963,23.963,23.963,23.955,23.948,23.940,23.933,23.925,23.918,23.910,23.903,23.903,23.903,23.903,23.895,23.888,23.873,23.858,23.850,23.858,23.858,23.865,23.865,23.858,23.850,23.843,23.835,23.820,23.813,23.813,23.813,23.813,23.820,23.835,23.843,23.850,23.858,23.858,23.865,23.865,23.865,23.865,23.865,23.858,23.858,23.858,23.850,23.843,23.843,23.843,23.843,23.850,23.858,23.865,23.873,23.865,23.858,23.850,23.843,23.843,23.843,23.850,23.850,23.850,23.858,23.858,23.858,23.858,23.865,23.873,23.865,23.858,23.850,23.843,23.835,23.835,23.835,23.843,23.858,23.865,23.873,23.880,23.888,23.903,23.910,23.918,23.918,23.918,23.918,23.910,23.903,23.903,23.903,23.895,23.888,23.880,23.880,23.865,23.858,23.835,23.820,23.805,23.798,23.805,23.820,23.835,23.843,23.835,23.820,23.813,23.805,23.813,23.828,23.835,23.843,23.843,23.843
,23.910,23.910,23.903,23.903,23.895,23.888,23.880,23.865,23.858,23.850,23.843,23.828,23.820,23.813,23.805,23.805,23.798,23.798,23.805,23.813,23.820,23.820,23.820,23.820,23.820,23.813,23.813,23.805,23.805,23.798,23.798,23.790,23.790,23.783,23.768,23.715,23.678,23.663,23.640,23.640,23.655,23.655,23.648,23.640,23.640,23.655,23.700,23.738,23.753,23.738,23.738,23.760,23.775,23.790,23.805,23.820,23.835,23.843,23.858,23.865,23.873,23.873,23.880,23.888,23.888,23.888,23.880,23.873,23.873,23.873,23.873,23.873,23.873,23.873,23.880,23.888,23.888,23.873,23.820,23.805,23.813,23.820,23.828,23.835,23.835,23.843,23.843,23.835,23.828,23.835,23.850,23.865,23.873,23.880,23.880,23.865,23.858,23.858,23.858,23.865,23.873,23.888,23.888,23.903,23.910,23.910,23.910,23.910,23.910,23.910,23.910,23.910,23.918,23.925,23.925,23.933,23.940,23.948,23.948,23.948,23.940,23.940,23.940,23.933,23.933,23.933,23.933,23.933,23.940,23.940,23.940,23.940,23.940,23.940,23.940,23.948,23.955,23.955,23.963,23.963,23.963,23.963,23.970,23.978,23.985,23.993,24.000,24.008,24.008,24.015,24.015,24.015,24.015,24.015,24.015,24.023,24.030,24.030,24.030,24.030,24.038,24.038,24.038,24.045,24.053,24.060,24.060,24.060,24.060,24.053,24.053,24.053,24.053,24.053,24.053,24.060,24.068,24.075,24.083,24.098,24.105,24.113,24.113,24.105,24.098,24.098,24.098,24.105,24.105,24.105,24.105,24.098,24.098,24.098,24.105,24.120,24.120,24.120,24.120,24.113,24.105,24.098,24.098,24.105,24.113,24.113,24.105,24.098,24.083,24.083,24.083,24.090,24.098,24.105,24.105,24.105,24.105,24.105,24.105,24.105,24.113,24.113,24.120,24.120,24.128,24.128,24.128,24.120,24.120,24.113,24.113,24.113,24.113,24.113,24.105,24.098,24.090,24.090,24.090,24.090,24.083,24.083,24.083,24.083,24.090,24.090,24.090,24.090,24.090,24.083,24.083,24.083,24.083,24.075,24.075,24.068,24.068,24.068,24.060,24.060,24.053,24.053,24.053,24.053,24.053,24.053,24.053,24.060,24.060,24.060,24.053,24.045,24.045,24.045,24.053,24.060,24.068,24.075,24.068,24.053,24.038,24.038,24.045,24.060,24.068,24.083,24.083,24.075,24.075,24.075,24.075,24.083,24.083,24.090,24.090,24.090,24.090,24.083,24.068,24.053,24.045,24.038,24.038,24.045,24.053,24.053,24.045,24.038,24.030,24.023,24.023,24.030,24.030,24.030,24.015,24.000,23.985,23.978,23.978,23.985,23.993,23.993,23.993,23.985,23.978,23.978,23.985,23.993,24.000,24.008,23.985,23.963,23.948,23.940,23.948,23.963,23.978,23.985,23.993,24.000,24.000,24.008,24.000,23.993,23.993,23.993,24.000,24.008,24.023,24.030,24.038,24.045,24.045,24.045,24.045,24.045,24.038,24.030,24.023,24.023,24.015,24.015,24.015,24.015,24.015,24.015,24.008,23.993,23.978,23.970,23.955,23.948,23.940,23.933,23.933,23.933,23.933,23.933,23.918,23.903,23.888,23.880,23.873,23.880,23.880,23.880,23.873,23.873,23.865,23.858,23.850,23.850,23.843,23.843,23.850,23.850,23.858,23.858,23.858,23.865,23.858,23.858,23.858,23.858,23.850,23.850,23.850,23.850,23.850,23.850,23.850,23.850,23.850,23.850,23.850,23.865,23.873,23.873,23.865,23.858,23.850,23.843,23.843,23.843,23.850,23.858,23.858,23.858,23.858,23.858,23.858,23.865,23.865,23.865,23.850,23.850,23.843,23.843,23.843,23.843,23.843,23.850,23.858,23.865,23.873,23.880,23.895,23.903,23.910,23.918,23.918,23.918,23.910,23.903,23.895,23.895,23.888,23.880,23.873,23.865,23.858,23.850,23.843,23.828,23.820,23.820,23.828,23.835,23.843,23.850,23.835,23.820,23.805,23.805,23.820,23.835,23.858,23.865,23.865,23.865
,23.895,23.895,23.888,23.880,23.873,23.865,23.858,23.850,23.843,23.835,23.828,23.813,23.798,23.783,23.775,23.760,23.753,23.745,23.745,23.745,23.745,23.745,23.745,23.753,23.760,23.760,23.760,23.760,23.760,23.760,23.760,23.760,23.753,23.753,23.738,23.723,23.708,23.685,23.640,23.663,23.678,23.685,23.685,23.685,23.685,23.693,23.723,23.753,23.775,23.790,23.790,23.790,23.790,23.798,23.805,23.828,23.843,23.850,23.858,23.850,23.850,23.850,23.858,23.865,23.865,23.865,23.858,23.850,23.850,23.850,23.843,23.843,23.835,23.835,23.843,23.850,23.850,23.843,23.820,23.820,23.828,23.835,23.850,23.850,23.850,23.858,23.858,23.843,23.843,23.850,23.858,23.873,23.880,23.888,23.888,23.888,23.880,23.880,23.880,23.895,23.903,23.910,23.910,23.925,23.933,23.933,23.933,23.933,23.933,23.933,23.933,23.940,23.948,23.948,23.948,23.955,23.955,23.955,23.955,23.955,23.955,23.963,23.963,23.970,23.970,23.970,23.978,23.978,23.978,23.985,23.978,23.978,23.978,23.978,23.985,23.993,24.000,24.008,24.008,24.008,24.008,24.008,24.015,24.015,24.023,24.030,24.038,24.038,24.038,24.038,24.038,24.038,24.030,24.038,24.038,24.045,24.053,24.060,24.060,24.068,24.068,24.075,24.075,24.083,24.090,24.098,24.098,24.098,24.098,24.090,24.090,24.083,24.075,24.075,24.083,24.090,24.098,24.105,24.120,24.128,24.135,24.143,24.143,24.135,24.135,24.135,24.135,24.143,24.143,24.143,24.135,24.135,24.128,24.128,24.143,24.150,24.150,24.158,24.143,24.135,24.128,24.120,24.120,24.128,24.135,24.135,24.128,24.120,24.113,24.098,24.098,24.098,24.105,24.105,24.113,24.113,24.113,24.113,24.113,24.120,24.120,24.120,24.128,24.135,24.135,24.135,24.135,24.135,24.128,24.120,24.120,24.120,24.120,24.113,24.113,24.113,24.105,24.098,24.098,24.098,24.098,24.090,24.090,24.098,24.098,24.098,24.105,24.105,24.105,24.105,24.105,24.105,24.098,24.098,24.090,24.090,24.090,24.090,24.083,24.083,24.075,24.075,24.075,24.075,24.083,24.083,24.083,24.075,24.075,24.075,24.075,24.068,24.060,24.068,24.068,24.075,24.083,24.090,24.075,24.060,24.053,24.045,24.053,24.060,24.068,24.075,24.075,24.068,24.068,24.068,24.068,24.068,24.075,24.075,24.075,24.075,24.075,24.075,24.060,24.045,24.038,24.023,24.030,24.038,24.045,24.045,24.038,24.038,24.030,24.023,24.023,24.038,24.038,24.038,24.030,24.015,24.000,23.993,23.985,23.985,23.993,24.000,24.000,23.993,23.993,23.993,24.000,24.000,24.008,24.000,23.985,23.963,23.948,23.940,23.955,23.963,23.978,23.993,24.000,24.008,24.015,24.015,24.015,24.015,24.008,24.008,24.023,24.030,24.038,24.045,24.053,24.060,24.060,24.068,24.060,24.060,24.060,24.053,24.045,24.045,24.038,24.038,24.038,24.038,24.038,24.038,24.023,24.015,24.000,23.985,23.970,23.963,23.955,23.948,23.948,23.948,23.948,23.948,23.925,23.910,23.895,23.888,23.880,23.880,23.880,23.880,23.880,23.880,23.873,23.865,23.865,23.865,23.865,23.865,23.865,23.865,23.865,23.865,23.858,23.858,23.858,23.850,23.843,23.843,23.835,23.835,23.835,23.835,23.843,23.843,23.843,23.843,23.843,23.843,23.850,23.858,23.873,23.873,23.858,23.850,23.843,23.835,23.835,23.843,23.850,23.850,23.850,23.850,23.850,23.850,23.850,23.850,23.850,23.850,23.843,23.843,23.843,23.843,23.843,23.843,23.843,23.850,23.850,23.850,23.858,23.873,23.880,23.895,23.903,23.910,23.910,23.910,23.903,23.895,23.888,23.880,23.873,23.865,23.858,23.850,23.850,23.843,23.843,23.843,23.843,23.843,23.843,23.850,23.858,23.850,23.835,23.820,23.813,23.805,23.828,23.850,23.873,23.888,23.895,23.895
,23.910,23.910,23.903,23.895,23.888,23.880,23.880,23.880,23.880,23.880,23.880,23.888,23.880,23.865,23.850,23.828,23.813,23.798,23.790,23.790,23.790,23.790,23.783,23.783,23.790,23.798,23.798,23.790,23.790,23.783,23.775,23.775,23.768,23.768,23.768,23.768,23.768,23.760,23.753,23.760,23.768,23.768,23.760,23.745,23.730,23.738,23.768,23.805,23.835,23.850,23.843,23.820,23.805,23.805,23.813,23.835,23.858,23.873,23.865,23.850,23.835,23.828,23.835,23.843,23.858,23.865,23.865,23.865,23.865,23.865,23.858,23.858,23.850,23.843,23.843,23.843,23.843,23.843,23.835,23.843,23.850,23.858,23.865,23.865,23.865,23.865,23.858,23.850,23.843,23.850,23.850,23.865,23.873,23.888,23.888,23.880,23.880,23.880,23.880,23.888,23.895,23.903,23.910,23.918,23.925,23.933,23.933,23.933,23.933,23.933,23.933,23.933,23.940,23.940,23.940,23.940,23.948,23.948,23.948,23.948,23.955,23.963,23.963,23.970,23.970,23.978,23.985,23.985,23.993,23.993,23.993,23.993,23.985,23.985,23.993,24.008,24.015,24.015,24.008,24.008,24.008,24.015,24.015,24.023,24.030,24.038,24.038,24.038,24.038,24.038,24.038,24.030,24.030,24.038,24.038,24.045,24.053,24.060,24.060,24.068,24.068,24.068,24.075,24.083,24.090,24.098,24.098,24.098,24.090,24.090,24.083,24.075,24.075,24.075,24.075,24.075,24.083,24.090,24.098,24.105,24.113,24.113,24.113,24.113,24.113,24.113,24.113,24.120,24.120,24.128,24.120,24.120,24.120,24.120,24.128,24.135,24.135,24.135,24.128,24.120,24.113,24.105,24.113,24.113,24.120,24.120,24.120,24.113,24.105,24.098,24.098,24.090,24.090,24.090,24.098,24.098,24.105,24.113,24.113,24.113,24.113,24.113,24.113,24.120,24.120,24.120,24.120,24.113,24.113,24.105,24.105,24.105,24.105,24.105,24.098,24.098,24.090,24.090,24.090,24.083,24.083,24.083,24.083,24.083,24.090,24.090,24.090,24.090,24.090,24.090,24.090,24.090,24.083,24.083,24.083,24.083,24.083,24.083,24.083,24.075,24.075,24.075,24.075,24.075,24.083,24.083,24.083,24.075,24.075,24.075,24.068,24.068,24.060,24.060,24.068,24.068,24.068,24.068,24.053,24.045,24.030,24.023,24.030,24.038,24.045,24.045,24.038,24.030,24.023,24.015,24.015,24.015,24.015,24.015,24.015,24.015,24.015,24.015,24.000,23.993,23.978,23.970,23.978,23.978,23.985,23.993,23.985,23.978,23.970,23.970,23.978,23.985,23.993,23.985,23.985,23.970,23.963,23.948,23.948,23.948,23.948,23.955,23.955,23.955,23.955,23.955,23.955,23.963,23.963,23.963,23.948,23.925,23.918,23.910,23.925,23.940,23.955,23.970,23.985,23.993,23.993,24.000,24.000,23.993,23.993,23.993,24.008,24.015,24.015,24.023,24.030,24.038,24.038,24.038,24.030,24.030,24.030,24.023,24.015,24.015,24.008,24.008,24.000,24.008,24.008,24.000,23.993,23.985,23.978,23.970,23.955,23.948,23.940,23.933,23.925,23.933,23.933,23.925,23.903,23.888,23.873,23.865,23.865,23.865,23.873,23.873,23.865,23.858,23.858,23.850,23.850,23.850,23.850,23.858,23.858,23.858,23.858,23.858,23.850,23.843,23.843,23.843,23.835,23.828,23.820,23.820,23.828,23.828,23.828,23.835,23.835,23.835,23.835,23.835,23.843,23.843,23.850,23.858,23.850,23.843,23.835,23.835,23.835,23.843,23.850,23.850,23.850,23.843,23.843,23.843,23.843,23.843,23.843,23.843,23.843,23.843,23.843,23.843,23.843,23.843,23.843,23.843,23.850,23.850,23.850,23.858,23.873,23.888,23.895,23.903,23.903,23.895,23.888,23.888,23.880,23.873,23.865,23.858,23.850,23.850,23.850,23.843,23.843,23.850,23.850,23.850,23.850,23.850,23.858,23.850,23.843,23.835,23.828,23.828,23.850,23.873,23.895,23.910,23.918,23.918
,23.940,23.940,23.933,23.925,23.925,23.918,23.918,23.918,23.918,23.925,23.925,23.940,23.940,23.933,23.918,23.895,23.880,23.865,23.858,23.858,23.858,23.858,23.850,23.850,23.850,23.850,23.843,23.835,23.828,23.820,23.820,23.820,23.820,23.828,23.828,23.843,23.843,23.850,23.850,23.858,23.858,23.858,23.843,23.828,23.813,23.805,23.820,23.843,23.858,23.858,23.850,23.835,23.820,23.820,23.835,23.858,23.873,23.888,23.880,23.865,23.850,23.843,23.850,23.865,23.880,23.895,23.903,23.903,23.903,23.903,23.895,23.888,23.880,23.873,23.865,23.858,23.858,23.858,23.858,23.865,23.865,23.873,23.873,23.873,23.873,23.873,23.865,23.858,23.850,23.850,23.850,23.858,23.865,23.873,23.873,23.873,23.873,23.873,23.880,23.880,23.888,23.895,23.903,23.910,23.918,23.918,23.925,23.918,23.918,23.918,23.918,23.918,23.925,23.925,23.925,23.918,23.918,23.918,23.918,23.925,23.933,23.940,23.940,23.948,23.955,23.963,23.970,23.978,23.985,23.985,23.985,23.985,23.978,23.978,23.985,23.993,24.000,24.000,24.000,23.993,23.993,23.993,24.000,24.015,24.023,24.030,24.023,24.015,24.015,24.015,24.015,24.015,24.015,24.015,24.023,24.038,24.045,24.053,24.053,24.053,24.045,24.045,24.053,24.060,24.068,24.068,24.068,24.068,24.068,24.060,24.060,24.053,24.045,24.045,24.045,24.045,24.045,24.053,24.053,24.060,24.060,24.060,24.060,24.060,24.060,24.060,24.068,24.075,24.075,24.083,24.083,24.083,24.083,24.083,24.083,24.090,24.098,24.090,24.090,24.083,24.075,24.075,24.075,24.083,24.083,24.083,24.090,24.090,24.090,24.090,24.083,24.075,24.068,24.068,24.068,24.075,24.083,24.090,24.090,24.090,24.090,24.083,24.090,24.090,24.090,24.090,24.090,24.090,24.083,24.083,24.075,24.075,24.075,24.075,24.075,24.068,24.068,24.068,24.060,24.060,24.060,24.053,24.053,24.060,24.060,24.060,24.060,24.060,24.060,24.060,24.060,24.060,24.060,24.053,24.053,24.060,24.060,24.060,24.060,24.053,24.053,24.053,24.053,24.060,24.060,24.068,24.060,24.053,24.053,24.045,24.045,24.045,24.045,24.038,24.038,24.038,24.038,24.038,24.023,24.015,24.000,23.993,23.993,24.000,24.000,24.000,23.993,23.985,23.970,23.955,23.948,23.940,23.940,23.933,23.933,23.933,23.933,23.933,23.925,23.918,23.910,23.895,23.903,23.903,23.910,23.910,23.903,23.903,23.903,23.903,23.903,23.910,23.918,23.918,23.918,23.910,23.895,23.895,23.888,23.888,23.895,23.895,23.903,23.903,23.903,23.903,23.903,23.910,23.910,23.910,23.895,23.880,23.873,23.873,23.888,23.903,23.925,23.940,23.955,23.955,23.963,23.963,23.970,23.963,23.963,23.963,23.970,23.978,23.985,23.985,23.993,23.993,24.000,23.993,23.993,23.985,23.985,23.978,23.963,23.963,23.963,23.955,23.948,23.948,23.948,23.948,23.948,23.940,23.940,23.933,23.925,23.925,23.918,23.903,23.903,23.903,23.895,23.888,23.873,23.858,23.850,23.835,23.843,23.850,23.850,23.858,23.850,23.843,23.835,23.828,23.828,23.828,23.828,23.828,23.835,23.835,23.835,23.835,23.835,23.828,23.828,23.828,23.820,23.820,23.820,23.813,23.813,23.820,23.820,23.820,23.820,23.820,23.820,23.820,23.828,23.828,23.835,23.843,23.835,23.835,23.828,23.828,23.835,23.843,23.843,23.843,23.843,23.835,23.828,23.828,23.828,23.828,23.828,23.828,23.835,23.835,23.843,23.843,23.843,23.843,23.843,23.843,23.843,23.843,23.850,23.850,23.865,23.873,23.880,23.888,23.888,23.880,23.880,23.873,23.865,23.865,23.858,23.850,23.850,23.843,23.843,23.843,23.843,23.850,23.858,23.858,23.858,23.850,23.850,23.850,23.850,23.850,23.850,23.858,23.880,23.895,23.910,23.918,23.918,23.925
,23.978,23.978,23.970,23.963,23.955,23.955,23.955,23.955,23.955,23.963,23.970,23.978,23.985,23.978,23.963,23.948,23.933,23.918,23.918,23.925,23.933,23.933,23.925,23.918,23.910,23.903,23.888,23.880,23.873,23.873,23.873,23.873,23.880,23.888,23.895,23.903,23.910,23.918,23.925,23.925,23.925,23.918,23.910,23.895,23.888,23.873,23.865,23.865,23.865,23.858,23.850,23.843,23.843,23.850,23.858,23.880,23.895,23.903,23.903,23.888,23.880,23.880,23.895,23.910,23.925,23.940,23.940,23.948,23.940,23.940,23.933,23.925,23.918,23.903,23.895,23.888,23.880,23.880,23.880,23.880,23.880,23.880,23.880,23.880,23.880,23.873,23.865,23.858,23.858,23.850,23.850,23.858,23.865,23.865,23.865,23.865,23.865,23.873,23.873,23.873,23.880,23.888,23.895,23.903,23.910,23.910,23.910,23.910,23.910,23.903,23.910,23.910,23.910,23.910,23.903,23.903,23.895,23.895,23.895,23.903,23.910,23.918,23.925,23.933,23.940,23.948,23.963,23.970,23.978,23.978,23.978,23.978,23.970,23.970,23.978,23.978,23.985,23.985,23.985,23.978,23.978,23.978,23.993,24.000,24.008,24.015,24.008,24.000,24.000,23.993,23.993,23.993,24.000,24.000,24.015,24.023,24.038,24.045,24.045,24.038,24.030,24.030,24.038,24.038,24.045,24.045,24.045,24.045,24.038,24.038,24.030,24.030,24.023,24.015,24.015,24.015,24.015,24.015,24.015,24.015,24.015,24.015,24.015,24.015,24.015,24.023,24.030,24.030,24.038,24.038,24.045,24.045,24.053,24.053,24.053,24.053,24.053,24.053,24.053,24.053,24.053,24.045,24.045,24.053,24.053,24.053,24.060,24.068,24.075,24.083,24.068,24.060,24.045,24.045,24.045,24.060,24.068,24.075,24.075,24.075,24.068,24.060,24.068,24.068,24.068,24.068,24.068,24.068,24.060,24.060,24.053,24.053,24.053,24.053,24.045,24.045,24.045,24.045,24.045,24.038,24.038,24.030,24.030,24.038,24.038,24.038,24.038,24.030,24.030,24.030,24.030,24.030,24.030,24.030,24.030,24.038,24.038,24.038,24.038,24.038,24.030,24.030,24.038,24.038,24.045,24.053,24.045,24.038,24.030,24.023,24.023,24.023,24.023,24.023,24.015,24.015,24.008,24.000,23.993,23.985,23.970,23.963,23.963,23.963,23.963,23.963,23.955,23.940,23.925,23.910,23.895,23.880,23.873,23.865,23.858,23.865,23.865,23.865,23.858,23.858,23.850,23.843,23.843,23.843,23.843,23.843,23.835,23.835,23.835,23.835,23.843,23.850,23.858,23.858,23.858,23.850,23.843,23.843,23.843,23.843,23.843,23.843,23.850,23.850,23.850,23.850,23.858,23.865,23.865,23.865,23.858,23.843,23.843,23.843,23.858,23.880,23.895,23.910,23.925,23.933,23.933,23.933,23.940,23.940,23.933,23.940,23.940,23.948,23.955,23.955,23.963,23.963,23.963,23.963,23.955,23.948,23.940,23.933,23.925,23.918,23.918,23.910,23.903,23.903,23.903,23.903,23.903,23.903,23.903,23.903,23.895,23.895,23.895,23.888,23.880,23.873,23.865,23.858,23.843,23.835,23.820,23.820,23.820,23.828,23.835,23.843,23.835,23.828,23.813,23.805,23.805,23.805,23.813,23.813,23.813,23.820,23.820,23.820,23.820,23.820,23.820,23.820,23.820,23.813,23.813,23.813,23.813,23.813,23.813,23.813,23.813,23.813,23.813,23.813,23.813,23.813,23.820,23.820,23.828,23.820,23.820,23.828,23.828,23.835,23.843,23.835,23.835,23.828,23.820,23.820,23.813,23.813,23.813,23.820,23.828,23.835,23.843,23.850,23.850,23.843,23.843,23.843,23.843,23.843,23.843,23.850,23.858,23.858,23.865,23.873,23.873,23.873,23.873,23.865,23.858,23.858,23.850,23.843,23.843,23.843,23.835,23.835,23.843,23.850,23.858,23.858,23.858,23.850,23.843,23.843,23.850,23.858,23.873,23.880,23.895,23.910,23.918,23.925,23.925,23.925
,24.008,24.008,24.000,23.993,23.985,23.985,23.985,23.985,23.993,23.993,23.993,24.008,24.008,24.008,23.993,23.978,23.963,23.955,23.963,23.978,23.985,23.985,23.985,23.970,23.955,23.940,23.933,23.918,23.910,23.910,23.910,23.925,23.933,23.940,23.948,23.948,23.955,23.963,23.963,23.970,23.963,23.963,23.955,23.948,23.940,23.925,23.903,23.880,23.865,23.850,23.843,23.850,23.858,23.873,23.888,23.903,23.918,23.933,23.933,23.918,23.918,23.918,23.933,23.955,23.970,23.985,23.985,23.985,23.978,23.970,23.963,23.955,23.948,23.933,23.918,23.910,23.903,23.895,23.895,23.895,23.895,23.888,23.888,23.888,23.880,23.873,23.873,23.865,23.858,23.858,23.858,23.858,23.865,23.865,23.865,23.865,23.865,23.873,23.873,23.873,23.880,23.888,23.888,23.895,23.903,23.910,23.910,23.910,23.903,23.903,23.903,23.903,23.903,23.903,23.895,23.888,23.888,23.888,23.888,23.888,23.895,23.903,23.910,23.918,23.925,23.940,23.948,23.963,23.970,23.978,23.978,23.970,23.970,23.970,23.970,23.970,23.978,23.985,23.978,23.970,23.970,23.970,23.978,23.993,24.000,24.008,24.008,23.993,23.985,23.985,23.985,23.985,23.985,23.993,24.008,24.023,24.030,24.038,24.038,24.030,24.023,24.023,24.023,24.030,24.038,24.038,24.038,24.030,24.023,24.023,24.023,24.015,24.008,24.008,24.000,24.000,23.993,23.993,23.993,23.993,23.993,23.993,23.993,23.993,23.993,24.000,24.000,24.008,24.008,24.015,24.023,24.023,24.030,24.038,24.038,24.038,24.030,24.030,24.030,24.038,24.038,24.038,24.038,24.030,24.030,24.030,24.038,24.060,24.068,24.075,24.068,24.053,24.038,24.030,24.030,24.045,24.053,24.068,24.068,24.060,24.053,24.053,24.053,24.053,24.060,24.053,24.053,24.053,24.045,24.045,24.045,24.045,24.038,24.038,24.038,24.038,24.038,24.030,24.030,24.030,24.023,24.023,24.023,24.023,24.030,24.023,24.023,24.015,24.015,24.015,24.015,24.015,24.015,24.015,24.015,24.023,24.023,24.030,24.030,24.023,24.023,24.023,24.030,24.030,24.038,24.038,24.038,24.023,24.015,24.015,24.015,24.015,24.015,24.008,24.008,24.000,23.993,23.978,23.970,23.963,23.955,23.948,23.948,23.948,23.940,23.933,23.925,23.910,23.888,23.873,23.858,23.843,23.828,23.813,23.813,23.813,23.820,23.820,23.820,23.813,23.805,23.798,23.798,23.798,23.798,23.790,23.790,23.790,23.790,23.798,23.798,23.813,23.820,23.820,23.820,23.813,23.813,23.813,23.813,23.813,23.813,23.813,23.813,23.813,23.820,23.820,23.820,23.828,23.835,23.835,23.828,23.820,23.813,23.820,23.835,23.858,23.880,23.895,23.903,23.910,23.918,23.918,23.918,23.925,23.925,23.925,23.925,23.933,23.940,23.940,23.940,23.948,23.940,23.933,23.933,23.925,23.918,23.903,23.903,23.888,23.880,23.880,23.880,23.873,23.873,23.880,23.880,23.880,23.888,23.888,23.888,23.888,23.880,23.873,23.865,23.858,23.850,23.843,23.828,23.813,23.805,23.805,23.805,23.820,23.835,23.828,23.828,23.813,23.805,23.798,23.798,23.798,23.798,23.805,23.805,23.805,23.813,23.813,23.813,23.820,23.820,23.813,23.813,23.813,23.805,23.805,23.805,23.805,23.813,23.805,23.805,23.805,23.805,23.805,23.805,23.805,23.813,23.813,23.813,23.820,23.820,23.828,23.828,23.835,23.843,23.835,23.835,23.820,23.813,23.805,23.805,23.805,23.805,23.813,23.820,23.835,23.843,23.850,23.850,23.843,23.843,23.843,23.843,23.843,23.843,23.843,23.843,23.850,23.858,23.858,23.858,23.865,23.858,23.858,23.858,23.850,23.843,23.843,23.843,23.835,23.835,23.835,23.843,23.858,23.865,23.858,23.858,23.843,23.843,23.843,23.850,23.865,23.888,23.903,23.910,23.918,23.925,23.925,23.925,23.925
,24.008,24.008,24.008,24.000,23.993,23.985,23.985,23.985,23.993,23.993,23.993,24.000,24.008,24.000,23.985,23.970,23.955,23.948,23.955,23.970,23.985,23.993,23.985,23.970,23.948,23.933,23.925,23.910,23.910,23.910,23.910,23.925,23.933,23.948,23.948,23.955,23.955,23.963,23.963,23.970,23.963,23.963,23.963,23.963,23.955,23.940,23.910,23.880,23.858,23.843,23.843,23.850,23.865,23.888,23.895,23.910,23.918,23.933,23.933,23.925,23.918,23.925,23.940,23.955,23.970,23.985,23.985,23.985,23.978,23.970,23.963,23.955,23.948,23.933,23.925,23.910,23.903,23.895,23.895,23.895,23.895,23.888,23.888,23.888,23.880,23.873,23.873,23.865,23.858,23.858,23.858,23.858,23.865,23.865,23.865,23.865,23.865,23.873,23.873,23.873,23.880,23.888,23.888,23.903,23.910,23.910,23.910,23.910,23.903,23.903,23.903,23.903,23.903,23.903,23.903,23.895,23.888,23.888,23.888,23.888,23.895,23.910,23.910,23.925,23.933,23.948,23.955,23.970,23.978,23.978,23.978,23.978,23.970,23.970,23.970,23.978,23.985,23.985,23.985,23.978,23.970,23.978,23.985,24.000,24.008,24.008,24.008,24.000,23.993,23.985,23.985,23.985,23.993,24.000,24.008,24.023,24.030,24.038,24.038,24.038,24.030,24.023,24.023,24.030,24.038,24.038,24.038,24.030,24.030,24.023,24.023,24.015,24.015,24.008,24.008,24.000,23.993,23.993,23.993,23.993,23.993,23.993,23.993,23.993,23.993,24.000,24.000,24.008,24.015,24.023,24.023,24.030,24.038,24.038,24.038,24.038,24.030,24.030,24.030,24.038,24.038,24.038,24.038,24.030,24.030,24.030,24.045,24.060,24.075,24.083,24.075,24.053,24.038,24.030,24.030,24.045,24.053,24.068,24.068,24.060,24.053,24.053,24.053,24.053,24.060,24.053,24.053,24.053,24.045,24.045,24.045,24.045,24.038,24.038,24.038,24.038,24.038,24.030,24.030,24.030,24.023,24.023,24.023,24.023,24.030,24.023,24.023,24.015,24.015,24.015,24.015,24.015,24.015,24.015,24.015,24.023,24.023,24.030,24.030,24.023,24.023,24.030,24.030,24.038,24.038,24.038,24.038,24.030,24.023,24.015,24.015,24.015,24.015,24.008,24.008,24.000,23.993,23.978,23.970,23.963,23.955,23.948,23.948,23.948,23.940,23.933,23.918,23.903,23.888,23.873,23.850,23.835,23.820,23.813,23.805,23.805,23.813,23.820,23.813,23.805,23.805,23.798,23.798,23.798,23.790,23.790,23.790,23.790,23.790,23.790,23.798,23.805,23.813,23.820,23.820,23.813,23.813,23.813,23.813,23.813,23.813,23.813,23.813,23.813,23.820,23.820,23.820,23.828,23.835,23.828,23.828,23.813,23.813,23.813,23.835,23.858,23.880,23.895,23.903,23.910,23.918,23.918,23.918,23.925,23.925,23.925,23.925,23.933,23.940,23.940,23.940,23.948,23.940,23.933,23.933,23.925,23.918,23.903,23.903,23.895,23.888,23.880,23.880,23.873,23.873,23.880,23.880,23.880,23.888,23.888,23.888,23.888,23.880,23.873,23.865,23.858,23.850,23.835,23.828,23.813,23.805,23.805,23.805,23.820,23.835,23.835,23.828,23.813,23.805,23.798,23.798,23.798,23.798,23.805,23.805,23.805,23.813,23.813,23.813,23.820,23.820,23.813,23.813,23.813,23.805,23.805,23.805,23.805,23.813,23.805,23.805,23.805,23.805,23.805,23.805,23.805,23.813,23.813,23.813,23.820,23.820,23.828,23.828,23.835,23.843,23.835,23.828,23.820,23.813,23.805,23.805,23.805,23.805,23.813,23.813,23.828,23.843,23.850,23.850,23.843,23.843,23.843,23.843,23.843,23.843,23.843,23.843,23.850,23.858,23.858,23.858,23.865,23.858,23.858,23.858,23.850,23.843,23.843,23.843,23.835,23.835,23.835,23.843,23.858,23.865,23.865,23.858,23.843,23.843,23.843,23.850,23.873,23.895,23.910,23.918,23.918,23.925,23.925,23.925,23.925
,24.015,24.008,24.008,24.000,23.993,23.993,23.993,23.993,23.993,24.000,24.000,24.000,24.008,24.000,23.985,23.970,23.955,23.948,23.955,23.970,23.985,23.993,23.985,23.970,23.948,23.933,23.925,23.910,23.910,23.910,23.910,23.925,23.933,23.948,23.948,23.955,23.963,23.963,23.963,23.970,23.970,23.970,23.970,23.970,23.963,23.948,23.910,23.880,23.850,23.843,23.843,23.850,23.865,23.888,23.895,23.910,23.918,23.933,23.933,23.925,23.925,23.925,23.940,23.955,23.970,23.985,23.985,23.985,23.978,23.970,23.963,23.955,23.948,23.933,23.925,23.910,23.903,23.895,23.895,23.895,23.895,23.888,23.888,23.888,23.880,23.873,23.873,23.865,23.858,23.858,23.858,23.858,23.865,23.865,23.865,23.865,23.873,23.873,23.873,23.880,23.880,23.888,23.888,23.903,23.910,23.918,23.918,23.910,23.910,23.910,23.910,23.910,23.910,23.903,23.903,23.895,23.888,23.888,23.888,23.888,23.895,23.910,23.910,23.925,23.933,23.948,23.955,23.970,23.978,23.985,23.985,23.978,23.978,23.978,23.978,23.978,23.985,23.985,23.985,23.978,23.978,23.978,23.985,24.000,24.008,24.008,24.008,24.000,23.993,23.993,23.993,23.993,23.993,24.000,24.008,24.023,24.030,24.045,24.045,24.038,24.030,24.030,24.030,24.030,24.038,24.038,24.038,24.038,24.030,24.023,24.023,24.023,24.015,24.008,24.008,24.000,24.000,23.993,23.993,23.993,23.993,23.993,23.993,23.993,23.993,24.000,24.000,24.008,24.015,24.023,24.023,24.030,24.038,24.045,24.045,24.038,24.030,24.030,24.030,24.038,24.038,24.038,24.038,24.030,24.030,24.030,24.045,24.060,24.075,24.083,24.075,24.053,24.038,24.030,24.030,24.045,24.053,24.068,24.068,24.060,24.053,24.053,24.053,24.053,24.060,24.053,24.053,24.053,24.045,24.045,24.045,24.045,24.038,24.038,24.038,24.038,24.038,24.030,24.030,24.030,24.023,24.023,24.023,24.023,24.030,24.023,24.023,24.015,24.015,24.015,24.015,24.015,24.015,24.015,24.015,24.023,24.030,24.030,24.030,24.030,24.030,24.030,24.030,24.038,24.045,24.038,24.038,24.030,24.023,24.015,24.015,24.015,24.015,24.008,24.008,24.000,23.993,23.978,23.970,23.963,23.955,23.948,23.948,23.948,23.940,23.933,23.918,23.903,23.888,23.873,23.850,23.835,23.820,23.805,23.805,23.805,23.813,23.813,23.813,23.805,23.805,23.798,23.798,23.798,23.790,23.790,23.790,23.790,23.790,23.790,23.798,23.805,23.813,23.820,23.820,23.813,23.813,23.813,23.813,23.813,23.813,23.813,23.813,23.813,23.820,23.820,23.820,23.828,23.835,23.828,23.828,23.813,23.813,23.813,23.835,23.858,23.880,23.895,23.903,23.910,23.918,23.918,23.918,23.925,23.925,23.925,23.925,23.933,23.940,23.940,23.940,23.948,23.940,23.933,23.933,23.925,23.918,23.903,23.903,23.895,23.888,23.880,23.880,23.873,23.873,23.880,23.880,23.880,23.888,23.888,23.888,23.888,23.880,23.873,23.865,23.858,23.850,23.835,23.828,23.813,23.805,23.805,23.805,23.820,23.835,23.835,23.828,23.813,23.805,23.798,23.798,23.798,23.798,23.805,23.805,23.813,23.813,23.813,23.813,23.820,23.820,23.813,23.813,23.813,23.805,23.805,23.805,23.805,23.813,23.805,23.805,23.805,23.805,23.805,23.805,23.805,23.813,23.813,23.813,23.820,23.820,23.828,23.828,23.835,23.843,23.835,23.828,23.820,23.813,23.805,23.805,23.805,23.805,23.813,23.813,23.828,23.843,23.850,23.850,23.843,23.843,23.843,23.843,23.843,23.843,23.843,23.843,23.850,23.858,23.858,23.858,23.865,23.858,23.858,23.858,23.850,23.843,23.843,23.843,23.835,23.835,23.835,23.843,23.858,23.865,23.865,23.858,23.843,23.843,23.843,23.850,23.873,23.895,23.910,23.918,23.925,23.925,23.925,23.925,23.933
